3.836918702994402408e-01
3.142931850821509832e-01
3.460477462543589677e-01
3.897980596333245895e-01
3.888669952046664435e-01
3.766541210785356864e-01
3.768699834588191688e-01
3.823113915736366941e-01
3.817311951631529587e-01
3.786937191039814743e-01
3.786603258633190472e-01
3.803554307707546767e-01
3.802492959197151245e-01
3.791614012569197167e-01
3.791367945123209071e-01
3.797624679580459128e-01
3.797287690576804375e-01
3.792972440257839639e-01
3.792916345878191708e-01
3.795601742934034961e-01
3.795496846057599405e-01
3.793590650625205951e-01
3.793582591102440116e-01
3.794863134886146128e-01
3.794826346272670570e-01
3.793887812697193107e-01
3.793889459670556907e-01
3.794544802590743005e-01
3.794528732016035910e-01
3.794046560096800413e-01
3.794051576778064705e-01
3.794399265057173398e-01
3.794394718384686560e-01
3.794394718384686560e-01
3.794394718384686005e-01
3.794394718384686005e-01
3.794394718384686560e-01
3.794394718384686560e-01
3.794394718384686005e-01
3.794394718384686005e-01
3.794394718384686560e-01
3.794394718384686560e-01
3.794394718384686005e-01
3.794394718384686005e-01
3.794394718384686560e-01
3.794394718384686560e-01
3.794394718384686005e-01
3.794394718384686005e-01
3.794394718384686560e-01
3.794394718384686560e-01
3.794394718384686005e-01
3.794394718384686005e-01
3.794394718384686560e-01
3.794394718384686560e-01
3.794394718384686005e-01
3.794394718384686005e-01
3.794394718384686560e-01
3.794394718384686560e-01
3.794394718384686005e-01
3.794394718384686005e-01
3.794394718384686560e-01
3.794394718384686560e-01
3.794394718384686005e-01
3.794394718384686005e-01
3.794394718384686560e-01
3.794394718384686560e-01
3.794394718384686005e-01
3.794394718384686005e-01
3.794394718384686560e-01
3.794394718384686560e-01
3.794394718384686005e-01
3.794394718384686005e-01
3.794394718384686560e-01
3.794394718384686560e-01
3.794394718384686005e-01
3.794394718384686005e-01
3.794394718384686560e-01
3.794394718384686560e-01
3.794394718384686005e-01
3.794394718384686005e-01
3.794394718384686560e-01
3.794394718384686560e-01
3.794394718384686005e-01
3.794394718384686005e-01
3.794394718384686560e-01
3.794394718384686560e-01
3.794394718384686005e-01
3.794394718384686005e-01
3.794394718384686560e-01
3.794394718384686560e-01
3.794394718384686005e-01
3.794394718384686005e-01
3.794394718384686560e-01
3.794394718384686560e-01
3.794394718384686005e-01
3.794394718384686005e-01
3.794396661016418704e-01
3.794128774721078345e-01
3.794123478809023897e-01
3.794537733743763019e-01
3.794553841110178127e-01
3.793944898674022070e-01
3.793944344391498302e-01
3.794878617185072911e-01
3.794920750905833584e-01
3.793584743340142618e-01
3.793599965958131537e-01
3.795681074034052416e-01
3.795809692213855113e-01
3.792857907925599181e-01
3.792935940147393881e-01
3.797731645652638321e-01
3.798133574063272677e-01
3.791264594092852991e-01
3.791572120721147243e-01
3.803490103092168617e-01
3.804708867990827525e-01
3.786457880013867072e-01
3.786910604608479947e-01
3.819457615705735276e-01
3.825778022170860382e-01
3.768672407466084340e-01
3.766628162123757950e-01
3.893013523942525644e-01
3.902905296020615089e-01
3.455766800306244724e-01
3.133483443790921474e-01
3.829756072383388443e-01
