1.020197592483388510e-01
8.572749138036847572e-02
8.094173735228137045e-02
8.029767138858598385e-02
8.182157142108544001e-02
8.406235458807911898e-02
8.561577538983468350e-02
8.635251660481695068e-02
8.638218279013708256e-02
8.604066205165075698e-02
8.569402485130364622e-02
8.552014246975887801e-02
8.553985627737797914e-02
8.567152517562448555e-02
8.580802718231007875e-02
8.587919968020048256e-02
8.587338069906905180e-02
8.582138862449674443e-02
8.576537451560596603e-02
8.573463318174116832e-02
8.573614687853448046e-02
8.575860449971352273e-02
8.578382589450377071e-02
8.579790387539995566e-02
8.579679889165582607e-02
8.578544761045171774e-02
8.577262405370497667e-02
8.576533719255820254e-02
8.576576968148404145e-02
8.577151398320856379e-02
8.577808059767194626e-02
8.578180279755154292e-02
8.578150502321083004e-02
8.578150502321083004e-02
8.578150502321083004e-02
8.578150502321083004e-02
8.578150502321083004e-02
8.578150502321083004e-02
8.578150502321083004e-02
8.578150502321083004e-02
8.578150502321083004e-02
8.578150502321083004e-02
8.578150502321083004e-02
8.578150502321083004e-02
8.578150502321083004e-02
8.578150502321083004e-02
8.578150502321083004e-02
8.578150502321083004e-02
8.578150502321083004e-02
8.578150502321083004e-02
8.578150502321083004e-02
8.578150502321083004e-02
8.578150502321083004e-02
8.578150502321083004e-02
8.578150502321083004e-02
8.578150502321083004e-02
8.578150502321083004e-02
8.578150502321083004e-02
8.578150502321083004e-02
8.578150502321083004e-02
8.578150502321083004e-02
8.578150502321083004e-02
8.578150502321083004e-02
8.578150502321083004e-02
8.578150502321083004e-02
8.578150502321083004e-02
8.578150502321083004e-02
8.578150502321083004e-02
8.578150502321083004e-02
8.578150502321083004e-02
8.578150502321083004e-02
8.578150502321083004e-02
8.578150502321083004e-02
8.578150502321083004e-02
8.578150502321083004e-02
8.578150502321083004e-02
8.578150502321083004e-02
8.578150502321083004e-02
8.578150502321083004e-02
8.578150502321083004e-02
8.578150502321083004e-02
8.578150502321083004e-02
8.578150502321083004e-02
8.578150502321083004e-02
8.578150502321083004e-02
8.578150502321083004e-02
8.578150502321083004e-02
8.578150502321083004e-02
8.578150502321083004e-02
8.578150502321083004e-02
8.578150502321083004e-02
8.578150502321083004e-02
8.578150502321083004e-02
8.578150502321083004e-02
8.578150502321083004e-02
8.578150502321083004e-02
8.578171330496264790e-02
8.577882720784754667e-02
8.577341934972811111e-02
8.576843674001295714e-02
8.576802680320093353e-02
8.577483714055200714e-02
8.578724416654580354e-02
8.579857222037209907e-02
8.579975429766101280e-02
8.578506612703734602e-02
8.575816768170302362e-02
8.573390163390610941e-02
8.573240502147039255e-02
8.576647667357729932e-02
8.582858847324301155e-02
8.588637055770019513e-02
8.589329098704252818e-02
8.581564105959460509e-02
8.566690088303953454e-02
8.552439026068678340e-02
8.550418032289683334e-02
8.569246558683750459e-02
8.606421850447919242e-02
8.642845239093990828e-02
8.640056010768011607e-02
8.563097315935183640e-02
8.400782081109824107e-02
8.169501452549032816e-02
8.013879644277686898e-02
8.080295090119160584e-02
8.565958795476831533e-02
1.020361767277546128e-01
