3.500985076184744971e-01
3.029832781205796244e-01
2.930610641479808876e-01
2.907677739442232623e-01
2.902299918992591321e-01
2.901043206849541201e-01
2.900751900285709617e-01
2.900685024247914301e-01
2.900669833976421419e-01
2.900666423785339676e-01
2.900665668113202589e-01
2.900665503120763988e-01
2.900665467710841217e-01
2.900665460266225182e-01
2.900665458740587788e-01
2.900665458438185795e-01
2.900665458380955464e-01
2.900665458370862426e-01
2.900665458369295346e-01
2.900665458369114935e-01
2.900665458369114935e-01
2.900665458369126037e-01
2.900665458369133809e-01
2.900665458369132144e-01
2.900665458369132144e-01
2.900665458369132699e-01
2.900665458369132699e-01
2.900665458369132699e-01
2.900665458369132699e-01
2.900665458369132699e-01
2.900665458369132699e-01
2.900665458369132699e-01
2.900665458369132699e-01
2.900665458369132699e-01
2.900665458369132699e-01
2.900665458369132699e-01
2.900665458369132699e-01
2.900665458369132699e-01
2.900665458369132699e-01
2.900665458369132699e-01
2.900665458369132699e-01
2.900665458369132699e-01
2.900665458369132699e-01
2.900665458369132699e-01
2.900665458369132699e-01
2.900665458369132699e-01
2.900665458369132699e-01
2.900665458369132699e-01
2.900665458369132699e-01
2.900665458369132699e-01
2.900665458369132699e-01
2.900665458369132699e-01
2.900665458369132699e-01
2.900665458369132699e-01
2.900665458369132699e-01
2.900665458369132699e-01
2.900665458369132699e-01
2.900665458369132699e-01
2.900665458369132699e-01
2.900665458369132699e-01
2.900665458369132699e-01
2.900665458369132699e-01
2.900665458369132699e-01
2.900665458369132699e-01
2.900665458369132699e-01
2.900665458369132699e-01
2.900665458369132699e-01
2.900665458369132699e-01
2.900665458369132699e-01
2.900665458369132699e-01
2.900665458369132699e-01
2.900665458369132699e-01
2.900665458369132699e-01
2.900665458369132699e-01
2.900665458369132699e-01
2.900665458369132699e-01
2.900665458369132699e-01
2.900665458369132699e-01
2.900665458369132699e-01
2.900665458369132699e-01
2.900665458369132699e-01
2.900665458369132699e-01
2.900665458369132699e-01
2.900665458369132699e-01
2.900665458369132699e-01
2.900665458369132699e-01
2.900665458369132699e-01
2.900665458369132699e-01
2.900665458369132699e-01
2.900665458369132699e-01
2.900665458369132699e-01
2.900665458369132699e-01
2.900665458369132699e-01
2.900665458369132699e-01
2.900665458369132699e-01
2.900665458369132699e-01
2.900665458369132699e-01
2.900665458369132699e-01
2.900665458369132699e-01
2.900665458369132699e-01
2.900665458369132699e-01
2.900665458369132699e-01
2.900665458369132144e-01
2.900665458369132144e-01
2.900665458369132144e-01
2.900665458369133809e-01
2.900665458369126037e-01
2.900665458369114380e-01
2.900665458369114935e-01
2.900665458369295346e-01
2.900665458370862426e-01
2.900665458380954909e-01
2.900665458438185795e-01
2.900665458740587788e-01
2.900665460266225182e-01
2.900665467710841217e-01
2.900665503120763988e-01
2.900665668113203144e-01
2.900666423785339676e-01
2.900669833976420864e-01
2.900685024247914301e-01
2.900751900285709617e-01
2.901043206849541201e-01
2.902299918992591321e-01
2.907677739442232623e-01
2.930610641479808876e-01
3.029832781205796244e-01
3.500985076184744971e-01
