3.839297900824504284e-01
2.649399051710125685e-01
2.650011349926946758e-01
3.102648713434840166e-01
3.638181673050220333e-01
4.023691284665064094e-01
4.022583230505594187e-01
3.698676275182817275e-01
3.370569473908590630e-01
3.203206826275951102e-01
3.203836882677442710e-01
3.318525913451468856e-01
3.462409853196277143e-01
3.552306336178675528e-01
3.551789669527878335e-01
3.486213990803594398e-01
3.409959786681650007e-01
3.365349095756706155e-01
3.365673632214239430e-01
3.398828143631461574e-01
3.439661703257498870e-01
3.464854239525170798e-01
3.464622812733849644e-01
3.445131358745971983e-01
3.421350547152062771e-01
3.406819583889694747e-01
3.406977669808240461e-01
3.418378853292264874e-01
3.432486512911508969e-01
3.441205698507388555e-01
3.441095548375242563e-01
3.434225240760815923e-01
3.425801036299376268e-01
3.425801036299376268e-01
3.425801036299375157e-01
3.425801036299376268e-01
3.425801036299376268e-01
3.425801036299376268e-01
3.425801036299375157e-01
3.425801036299376268e-01
3.425801036299376268e-01
3.425801036299376268e-01
3.425801036299375157e-01
3.425801036299376268e-01
3.425801036299376268e-01
3.425801036299376268e-01
3.425801036299375157e-01
3.425801036299376268e-01
3.425801036299376268e-01
3.425801036299376268e-01
3.425801036299375157e-01
3.425801036299376268e-01
3.425801036299376268e-01
3.425801036299376268e-01
3.425801036299375157e-01
3.425801036299376268e-01
3.425801036299376268e-01
3.425801036299376268e-01
3.425801036299375157e-01
3.425801036299376268e-01
3.425801036299376268e-01
3.425801036299376268e-01
3.425801036299375157e-01
3.425801036299376268e-01
3.425801036299376268e-01
3.425801036299376268e-01
3.425801036299375157e-01
3.425801036299376268e-01
3.425801036299376268e-01
3.425801036299376268e-01
3.425801036299375157e-01
3.425801036299376268e-01
3.425801036299376268e-01
3.425801036299376268e-01
3.425801036299375157e-01
3.425801036299376268e-01
3.425801036299376268e-01
3.425801036299376268e-01
3.425801036299375157e-01
3.425801036299376268e-01
3.425801036299376268e-01
3.425801036299376268e-01
3.425801036299375157e-01
3.425801036299376268e-01
3.425801036299376268e-01
3.425801036299376268e-01
3.425801036299375157e-01
3.425801036299376268e-01
3.425801036299376268e-01
3.425801036299376268e-01
3.425801036299375157e-01
3.425801036299376268e-01
3.425801036299376268e-01
3.425801036299376268e-01
3.425801036299375157e-01
3.425801036299376268e-01
3.431834393561474794e-01
3.437131764782335175e-01
3.437222014120649982e-01
3.429702992893136626e-01
3.416995150267645442e-01
3.406335651668678799e-01
3.406182963370498751e-01
3.420641029728341276e-01
3.444961413509914916e-01
3.465392430606115681e-01
3.465639980346677529e-01
3.438304481721846106e-01
3.393631280411775197e-01
3.357222360999485011e-01
3.356865454389791892e-01
3.405969033413920877e-01
3.489973853637532986e-01
3.562208934745660915e-01
3.562776481064828804e-01
3.464683222668085150e-01
3.309215937152991116e-01
3.186587308016765596e-01
3.185919233868879652e-01
3.362463385170205710e-01
3.707704083828279318e-01
4.048325658155071949e-01
4.049489948468630862e-01
3.646156395534018713e-01
3.092567040364852526e-01
2.632949673129157397e-01
2.632335828571678582e-01
3.817682681959610469e-01
