3.823361224596489860e-01
3.474575172566829462e-01
3.425779999239751961e-01
3.418460076429365446e-01
3.417350680206817648e-01
3.417182281504911323e-01
3.417156713754372355e-01
3.417152831701716353e-01
3.417152242271641605e-01
3.417152152775743135e-01
3.417152139187176196e-01
3.417152137123964928e-01
3.417152136810698848e-01
3.417152136763134118e-01
3.417152136755912673e-01
3.417152136754815772e-01
3.417152136754649239e-01
3.417152136754624259e-01
3.417152136754619818e-01
3.417152136754619818e-01
3.417152136754619818e-01
3.417152136754618708e-01
3.417152136754618708e-01
3.417152136754619818e-01
3.417152136754619818e-01
3.417152136754618708e-01
3.417152136754618708e-01
3.417152136754619818e-01
3.417152136754619818e-01
3.417152136754618708e-01
3.417152136754618708e-01
3.417152136754619818e-01
3.417152136754619818e-01
3.417152136754618708e-01
3.417152136754618708e-01
3.417152136754619818e-01
3.417152136754619818e-01
3.417152136754618708e-01
3.417152136754618708e-01
3.417152136754619818e-01
3.417152136754619818e-01
3.417152136754618708e-01
3.417152136754618708e-01
3.417152136754619818e-01
3.417152136754619818e-01
3.417152136754618708e-01
3.417152136754618708e-01
3.417152136754619818e-01
3.417152136754619818e-01
3.417152136754618708e-01
3.417152136754618708e-01
3.417152136754619818e-01
3.417152136754619818e-01
3.417152136754618708e-01
3.417152136754618708e-01
3.417152136754619818e-01
3.417152136754619818e-01
3.417152136754618708e-01
3.417152136754618708e-01
3.417152136754619818e-01
3.417152136754619818e-01
3.417152136754618708e-01
3.417152136754618708e-01
3.417152136754619818e-01
3.417152136754619818e-01
3.417152136754618708e-01
3.417152136754618708e-01
3.417152136754619818e-01
3.417152136754619818e-01
3.417152136754618708e-01
3.417152136754618708e-01
3.417152136754619818e-01
3.417152136754619818e-01
3.417152136754618708e-01
3.417152136754618708e-01
3.417152136754619818e-01
3.417152136754619818e-01
3.417152136754618708e-01
3.417152136754618708e-01
3.417152136754619818e-01
3.417152136754619818e-01
3.417152136754618708e-01
3.417152136754618708e-01
3.417152136754619818e-01
3.417152136754619818e-01
3.417152136754618708e-01
3.417152136754618708e-01
3.417152136754619818e-01
3.417152136754619818e-01
3.417152136754618708e-01
3.417152136754618708e-01
3.417152136754619818e-01
3.417152136754619818e-01
3.417152136754618708e-01
3.417152136754618708e-01
3.417152136754619818e-01
3.417152136754619818e-01
3.417152136754618708e-01
3.417152136754618708e-01
3.417152136754619818e-01
3.417152136754619818e-01
3.417152136754618708e-01
3.417152136754618708e-01
3.417152136754619818e-01
3.417152136754619818e-01
3.417152136754618708e-01
3.417152136754618708e-01
3.417152136754619818e-01
3.417152136754619818e-01
3.417152136754619818e-01
3.417152136754624259e-01
3.417152136754649239e-01
3.417152136754815217e-01
3.417152136755912117e-01
3.417152136763134118e-01
3.417152136810698293e-01
3.417152137123964373e-01
3.417152139187176196e-01
3.417152152775742580e-01
3.417152242271641605e-01
3.417152831701716353e-01
3.417156713754372355e-01
3.417182281504911323e-01
3.417350680206817648e-01
3.418460076429364891e-01
3.425779999239751961e-01
3.474575172566829462e-01
3.823361224596489860e-01
