2.898553045384680282e-01
2.350474247681968443e-01
2.177276432610706913e-01
2.114773504759865363e-01
2.091120437956094924e-01
2.082007332339353700e-01
2.078471879876099826e-01
2.077096605556401632e-01
2.076561073969137305e-01
2.076352453720540225e-01
2.076271171406180172e-01
2.076239500388217252e-01
2.076227159738624761e-01
2.076222351149228929e-01
2.076220477455668623e-01
2.076219747360180667e-01
2.076219462874363542e-01
2.076219352022938835e-01
2.076219308829120314e-01
2.076219291998445682e-01
2.076219285440299434e-01
2.076219282884891604e-01
2.076219281889166990e-01
2.076219281501180125e-01
2.076219281349999668e-01
2.076219281291092345e-01
2.076219281268137928e-01
2.076219281259194527e-01
2.076219281255708982e-01
2.076219281254351734e-01
2.076219281253822158e-01
2.076219281253616211e-01
2.076219281253535720e-01
2.076219281253504079e-01
2.076219281253492421e-01
2.076219281253487425e-01
2.076219281253485760e-01
2.076219281253484650e-01
2.076219281253484650e-01
2.076219281253484650e-01
2.076219281253484650e-01
2.076219281253484372e-01
2.076219281253484372e-01
2.076219281253484650e-01
2.076219281253484650e-01
2.076219281253484372e-01
2.076219281253484372e-01
2.076219281253484650e-01
2.076219281253484650e-01
2.076219281253484372e-01
2.076219281253484372e-01
2.076219281253484650e-01
2.076219281253484650e-01
2.076219281253484372e-01
2.076219281253484372e-01
2.076219281253484650e-01
2.076219281253484650e-01
2.076219281253484372e-01
2.076219281253484372e-01
2.076219281253484650e-01
2.076219281253484650e-01
2.076219281253484372e-01
2.076219281253484372e-01
2.076219281253484650e-01
2.076219281253484650e-01
2.076219281253484372e-01
2.076219281253484372e-01
2.076219281253484650e-01
2.076219281253484650e-01
2.076219281253484372e-01
2.076219281253484372e-01
2.076219281253484650e-01
2.076219281253484650e-01
2.076219281253484372e-01
2.076219281253484372e-01
2.076219281253484650e-01
2.076219281253484650e-01
2.076219281253484372e-01
2.076219281253484372e-01
2.076219281253484650e-01
2.076219281253484650e-01
2.076219281253484372e-01
2.076219281253484372e-01
2.076219281253484650e-01
2.076219281253484650e-01
2.076219281253484372e-01
2.076219281253484372e-01
2.076219281253484650e-01
2.076219281253484650e-01
2.076219281253484372e-01
2.076219281253484650e-01
2.076219281253485760e-01
2.076219281253487425e-01
2.076219281253492144e-01
2.076219281253504356e-01
2.076219281253535720e-01
2.076219281253615656e-01
2.076219281253822158e-01
2.076219281254351179e-01
2.076219281255708982e-01
2.076219281259194527e-01
2.076219281268137928e-01
2.076219281291091789e-01
2.076219281349999390e-01
2.076219281501179847e-01
2.076219281889167267e-01
2.076219282884891326e-01
2.076219285440299434e-01
2.076219291998445682e-01
2.076219308829120869e-01
2.076219352022938558e-01
2.076219462874363542e-01
2.076219747360180667e-01
2.076220477455668068e-01
2.076222351149228929e-01
2.076227159738624484e-01
2.076239500388216974e-01
2.076271171406180172e-01
2.076352453720540225e-01
2.076561073969137028e-01
2.077096605556401077e-01
2.078471879876099826e-01
2.082007332339353700e-01
2.091120437956094924e-01
2.114773504759865363e-01
2.177276432610706913e-01
2.350474247681967888e-01
2.898553045384680282e-01
