9.352823003514471045e-02
8.028016811971061539e-02
7.500638798068523516e-02
7.155482868574439270e-02
7.016754830340138360e-02
6.980354795379932475e-02
7.012149591662561465e-02
7.075495515758867260e-02
7.156726544078441388e-02
7.228645721079562936e-02
7.281269605556954516e-02
7.314769315396933702e-02
7.330548810602045828e-02
7.332916146819835890e-02
7.326939384458086568e-02
7.317198171243645410e-02
7.307164360044970941e-02
7.299027118528081393e-02
7.293797299017418245e-02
7.291559833709634897e-02
7.291785197703967714e-02
7.293637469750541280e-02
7.296233122225645462e-02
7.298822692236250909e-02
7.300879892960156214e-02
7.302136054509276997e-02
7.302563907218806438e-02
7.302312769919089286e-02
7.301626852942294521e-02
7.300768622455731938e-02
7.299961281280414882e-02
7.299355096606606474e-02
7.299017762926643393e-02
7.299017762926643393e-02
7.299017762926643393e-02
7.299017762926643393e-02
7.299017762926643393e-02
7.299017762926643393e-02
7.299017762926643393e-02
7.299017762926643393e-02
7.299017762926643393e-02
7.299017762926643393e-02
7.299017762926643393e-02
7.299017762926643393e-02
7.299017762926643393e-02
7.299017762926643393e-02
7.299017762926643393e-02
7.299017762926643393e-02
7.299017762926643393e-02
7.299017762926643393e-02
7.299017762926643393e-02
7.299017762926643393e-02
7.299017762926643393e-02
7.299017762926643393e-02
7.299017762926643393e-02
7.299017762926643393e-02
7.299017762926643393e-02
7.299017762926643393e-02
7.299017762926643393e-02
7.299017762926643393e-02
7.299017762926643393e-02
7.299017762926643393e-02
7.299017762926643393e-02
7.299017762926643393e-02
7.299017762926643393e-02
7.299017762926643393e-02
7.299017762926643393e-02
7.299017762926643393e-02
7.299017762926643393e-02
7.299017762926643393e-02
7.299017762926643393e-02
7.299017762926643393e-02
7.299017762926643393e-02
7.299017762926643393e-02
7.299017762926643393e-02
7.299017762926643393e-02
7.299017762926643393e-02
7.299017762926643393e-02
7.299017762926643393e-02
7.299017762926643393e-02
7.299017762926643393e-02
7.299017762926643393e-02
7.299017762926643393e-02
7.299017762926643393e-02
7.299017762926643393e-02
7.299017762926643393e-02
7.299017762926643393e-02
7.299017762926643393e-02
7.299017762926643393e-02
7.299017762926643393e-02
7.299017762926643393e-02
7.299017762926643393e-02
7.299017762926643393e-02
7.299017762926643393e-02
7.299017762926643393e-02
7.299017762926643393e-02
7.299258418732801346e-02
7.299724220496488225e-02
7.300383644012746476e-02
7.301120919646289509e-02
7.301735355382404924e-02
7.301966851206220799e-02
7.301550877200424505e-02
7.300300142360606481e-02
7.298199216149189872e-02
7.295490801354757859e-02
7.292723312787632861e-02
7.290728599332857440e-02
7.290504583675545824e-02
7.292999021210128108e-02
7.298809287764378151e-02
7.307837167471271933e-02
7.318950680193786473e-02
7.329726015025554708e-02
7.336360625080112774e-02
7.333895809609100591e-02
7.316925172967582436e-02
7.280969392108017912e-02
7.224759558647780855e-02
7.148658402809618395e-02
7.063568058505796665e-02
6.997554930024776909e-02
6.965184058279827450e-02
7.003491058733832264e-02
7.146803170768284419e-02
7.498960417664916889e-02
8.035326089298944208e-02
9.371567305693830063e-02
