4.615904475857213751e-01
4.615308690847086948e-01
5.001208546812346833e-01
5.001432486676279376e-01
4.956258740805971619e-01
4.956217916190264194e-01
4.961196881226850874e-01
4.961203229394630099e-01
4.960650734069978474e-01
4.960649829055868154e-01
4.960711103099712527e-01
4.960711225772811983e-01
4.960704430390553976e-01
4.960704414312457344e-01
4.960705167922482284e-01
4.960705169979878759e-01
4.960705086404304520e-01
4.960705086145715259e-01
4.960705095414258969e-01
4.960705095446310553e-01
4.960705094418428884e-01
4.960705094414499250e-01
4.960705094528491954e-01
4.960705094528967685e-01
4.960705094516327240e-01
4.960705094516270064e-01
4.960705094517671165e-01
4.960705094517677827e-01
4.960705094517521840e-01
4.960705094517521840e-01
4.960705094517538494e-01
4.960705094517538494e-01
4.960705094517538494e-01
4.960705094517536828e-01
4.960705094517538494e-01
4.960705094517538494e-01
4.960705094517538494e-01
4.960705094517538494e-01
4.960705094517538494e-01
4.960705094517538494e-01
4.960705094517538494e-01
4.960705094517538494e-01
4.960705094517538494e-01
4.960705094517538494e-01
4.960705094517538494e-01
4.960705094517538494e-01
4.960705094517538494e-01
4.960705094517538494e-01
4.960705094517538494e-01
4.960705094517538494e-01
4.960705094517538494e-01
4.960705094517538494e-01
4.960705094517538494e-01
4.960705094517538494e-01
4.960705094517538494e-01
4.960705094517538494e-01
4.960705094517538494e-01
4.960705094517538494e-01
4.960705094517538494e-01
4.960705094517538494e-01
4.960705094517538494e-01
4.960705094517538494e-01
4.960705094517538494e-01
4.960705094517538494e-01
4.960705094517538494e-01
4.960705094517538494e-01
4.960705094517538494e-01
4.960705094517538494e-01
4.960705094517538494e-01
4.960705094517538494e-01
4.960705094517538494e-01
4.960705094517538494e-01
4.960705094517538494e-01
4.960705094517538494e-01
4.960705094517538494e-01
4.960705094517538494e-01
4.960705094517538494e-01
4.960705094517538494e-01
4.960705094517538494e-01
4.960705094517538494e-01
4.960705094517538494e-01
4.960705094517538494e-01
4.960705094517538494e-01
4.960705094517538494e-01
4.960705094517538494e-01
4.960705094517538494e-01
4.960705094517538494e-01
4.960705094517538494e-01
4.960705094517538494e-01
4.960705094517538494e-01
4.960705094517538494e-01
4.960705094517538494e-01
4.960705094517538494e-01
4.960705094517538494e-01
4.960705094517536828e-01
4.960705094517538494e-01
4.960705094517538494e-01
4.960705094517538494e-01
4.960705094517521840e-01
4.960705094517521840e-01
4.960705094517677827e-01
4.960705094517671165e-01
4.960705094516270064e-01
4.960705094516327240e-01
4.960705094528967685e-01
4.960705094528491954e-01
4.960705094414499250e-01
4.960705094418428884e-01
4.960705095446310553e-01
4.960705095414258969e-01
4.960705086145715259e-01
4.960705086404304520e-01
4.960705169979878759e-01
4.960705167922482284e-01
4.960704414312457344e-01
4.960704430390553976e-01
4.960711225772811983e-01
4.960711103099712527e-01
4.960649829055868154e-01
4.960650734069978474e-01
4.961203229394630099e-01
4.961196881226850874e-01
4.956217916190264194e-01
4.956258740805971619e-01
5.001432486676279376e-01
5.001208546812346833e-01
4.615308690847086948e-01
4.615904475857213751e-01
