3.962676148847557589e-01
3.690188198827364929e-01
3.662050740092904211e-01
3.659013626000812147e-01
3.658686775836813010e-01
3.658651891585459337e-01
3.658648202839179242e-01
3.658647816630848926e-01
3.658647776624607828e-01
3.658647772528531017e-01
3.658647772114552166e-01
3.658647772073321258e-01
3.658647772069288373e-01
3.658647772068899795e-01
3.658647772068862047e-01
3.658647772068859827e-01
3.658647772068859272e-01
3.658647772068859827e-01
3.658647772068859827e-01
3.658647772068859272e-01
3.658647772068859272e-01
3.658647772068859827e-01
3.658647772068859827e-01
3.658647772068859272e-01
3.658647772068859272e-01
3.658647772068859827e-01
3.658647772068859827e-01
3.658647772068859272e-01
3.658647772068859272e-01
3.658647772068859827e-01
3.658647772068859827e-01
3.658647772068859272e-01
3.658647772068859272e-01
3.658647772068859827e-01
3.658647772068859827e-01
3.658647772068859272e-01
3.658647772068859272e-01
3.658647772068859827e-01
3.658647772068859827e-01
3.658647772068859272e-01
3.658647772068859272e-01
3.658647772068859827e-01
3.658647772068859827e-01
3.658647772068859272e-01
3.658647772068859272e-01
3.658647772068859827e-01
3.658647772068859827e-01
3.658647772068859272e-01
3.658647772068859272e-01
3.658647772068859827e-01
3.658647772068859827e-01
3.658647772068859272e-01
3.658647772068859272e-01
3.658647772068859827e-01
3.658647772068859827e-01
3.658647772068859272e-01
3.658647772068859272e-01
3.658647772068859827e-01
3.658647772068859827e-01
3.658647772068859272e-01
3.658647772068859272e-01
3.658647772068859827e-01
3.658647772068859827e-01
3.658647772068859272e-01
3.658647772068859272e-01
3.658647772068859827e-01
3.658647772068859827e-01
3.658647772068859272e-01
3.658647772068859272e-01
3.658647772068859827e-01
3.658647772068859827e-01
3.658647772068859272e-01
3.658647772068859272e-01
3.658647772068859827e-01
3.658647772068859827e-01
3.658647772068859272e-01
3.658647772068859272e-01
3.658647772068859827e-01
3.658647772068859827e-01
3.658647772068859272e-01
3.658647772068859272e-01
3.658647772068859827e-01
3.658647772068859827e-01
3.658647772068859272e-01
3.658647772068859272e-01
3.658647772068859827e-01
3.658647772068859827e-01
3.658647772068859272e-01
3.658647772068859272e-01
3.658647772068859827e-01
3.658647772068859827e-01
3.658647772068859272e-01
3.658647772068859272e-01
3.658647772068859827e-01
3.658647772068859827e-01
3.658647772068859272e-01
3.658647772068859272e-01
3.658647772068859827e-01
3.658647772068859827e-01
3.658647772068859272e-01
3.658647772068859272e-01
3.658647772068859827e-01
3.658647772068859827e-01
3.658647772068859272e-01
3.658647772068859272e-01
3.658647772068859827e-01
3.658647772068859827e-01
3.658647772068859272e-01
3.658647772068859272e-01
3.658647772068859827e-01
3.658647772068859827e-01
3.658647772068859272e-01
3.658647772068859827e-01
3.658647772068862047e-01
3.658647772068900350e-01
3.658647772069287818e-01
3.658647772073321813e-01
3.658647772114552721e-01
3.658647772528531017e-01
3.658647776624607828e-01
3.658647816630848926e-01
3.658648202839179242e-01
3.658651891585459337e-01
3.658686775836813010e-01
3.659013626000811592e-01
3.662050740092904766e-01
3.690188198827364929e-01
3.962676148847557589e-01
