1.687673848355313866e-01
1.672286805730789361e-01
1.664047774671243152e-01
1.658049977475907766e-01
1.652378462930842729e-01
1.648176604525594113e-01
1.645041241576877533e-01
1.642148698148064578e-01
1.639683339685663599e-01
1.637765022076972388e-01
1.636194765837486464e-01
1.634867360695185234e-01
1.633748244522449933e-01
1.632802802190377323e-01
1.632001862592668551e-01
1.631321441205111633e-01
1.630741811489436477e-01
1.630246687231995117e-01
1.629822530235247591e-01
1.629457979967714742e-01
1.629143574992900079e-01
1.628871305484236309e-01
1.628634283108787995e-01
1.628426813412089946e-01
1.628244640877356264e-01
1.628084621957381350e-01
1.627944093635867451e-01
1.627820662659081874e-01
1.627712224016848452e-01
1.627616960462534568e-01
1.627533246746860063e-01
1.627459687474784866e-01
1.627395040582271801e-01
1.627395040582271524e-01
1.627395040582271801e-01
1.627395040582271524e-01
1.627395040582271801e-01
1.627395040582271524e-01
1.627395040582271801e-01
1.627395040582271524e-01
1.627395040582271801e-01
1.627395040582271524e-01
1.627395040582271801e-01
1.627395040582271524e-01
1.627395040582271801e-01
1.627395040582271524e-01
1.627395040582271801e-01
1.627395040582271524e-01
1.627395040582271801e-01
1.627395040582271524e-01
1.627395040582271801e-01
1.627395040582271524e-01
1.627395040582271801e-01
1.627395040582271524e-01
1.627395040582271801e-01
1.627395040582271524e-01
1.627395040582271801e-01
1.627395040582271524e-01
1.627395040582271801e-01
1.627395040582271524e-01
1.627395040582271801e-01
1.627395040582271524e-01
1.627395040582271801e-01
1.627395040582271524e-01
1.627395040582271801e-01
1.627395040582271524e-01
1.627395040582271801e-01
1.627395040582271524e-01
1.627395040582271801e-01
1.627395040582271524e-01
1.627395040582271801e-01
1.627395040582271524e-01
1.627395040582271801e-01
1.627395040582271524e-01
1.627395040582271801e-01
1.627395040582271524e-01
1.627395040582271801e-01
1.627395040582271524e-01
1.627395040582271801e-01
1.627395040582271524e-01
1.627395040582271801e-01
1.627395040582271524e-01
1.627395040582271801e-01
1.627395040582271524e-01
1.627395040582271801e-01
1.627395040582271524e-01
1.627395040582271801e-01
1.627395040582271524e-01
1.627395040582271801e-01
1.627395040582271524e-01
1.627395040582271801e-01
1.627395040582271524e-01
1.627395040582271801e-01
1.627395040582271524e-01
1.627395040582271801e-01
1.627395040582271524e-01
1.627441170227827139e-01
1.627497773413625615e-01
1.627566282807675069e-01
1.627648379865336559e-01
1.627745976046711673e-01
1.627861327654500090e-01
1.627997036368081518e-01
1.628156183499940846e-01
1.628342330944580474e-01
1.628559713327925040e-01
1.628813297078223199e-01
1.629108916467072454e-01
1.629453486950803720e-01
1.629855181745984705e-01
1.630323724675477592e-01
1.630870704940418359e-01
1.631509971870625242e-01
1.632258149779527434e-01
1.633135294446597385e-01
1.634165733123554842e-01
1.635378958822765183e-01
1.636809873382756853e-01
1.638493099237124107e-01
1.640534007077757983e-01
1.643130664367201121e-01
1.646161363975829905e-01
1.649442340381890304e-01
1.653797527904888043e-01
1.659622405150622260e-01
1.665768434732396719e-01
1.674153885376529205e-01
1.689803168146020995e-01
