8.390060835391111027e-02
6.920322358521301120e-02
6.197897958382631023e-02
5.896979022725361286e-02
5.784249582071140233e-02
5.759361852596419501e-02
5.796683631681320142e-02
5.873909542978884846e-02
5.960771363565146169e-02
6.036562210697303532e-02
6.092869801706794070e-02
6.127823278331049478e-02
6.143679359136080403e-02
6.145318963972012938e-02
6.138270309192279256e-02
6.127433254473819979e-02
6.116467240499365993e-02
6.107648213896501449e-02
6.102002712874150803e-02
6.099584324933692708e-02
6.099806151102343116e-02
6.101765851478723607e-02
6.104516744947592610e-02
6.107255543828122440e-02
6.109423596304282278e-02
6.110740002076681110e-02
6.111177682811291811e-02
6.110897188159035431e-02
6.110159561120709348e-02
6.109243632319253520e-02
6.108385082729403392e-02
6.107742258527187884e-02
6.107385737100138462e-02
6.107385737100138462e-02
6.107385737100138462e-02
6.107385737100138462e-02
6.107385737100138462e-02
6.107385737100138462e-02
6.107385737100138462e-02
6.107385737100138462e-02
6.107385737100138462e-02
6.107385737100138462e-02
6.107385737100138462e-02
6.107385737100138462e-02
6.107385737100138462e-02
6.107385737100138462e-02
6.107385737100138462e-02
6.107385737100138462e-02
6.107385737100138462e-02
6.107385737100138462e-02
6.107385737100138462e-02
6.107385737100138462e-02
6.107385737100138462e-02
6.107385737100138462e-02
6.107385737100138462e-02
6.107385737100138462e-02
6.107385737100138462e-02
6.107385737100138462e-02
6.107385737100138462e-02
6.107385737100138462e-02
6.107385737100138462e-02
6.107385737100138462e-02
6.107385737100138462e-02
6.107385737100138462e-02
6.107385737100138462e-02
6.107385737100138462e-02
6.107385737100138462e-02
6.107385737100138462e-02
6.107385737100138462e-02
6.107385737100138462e-02
6.107385737100138462e-02
6.107385737100138462e-02
6.107385737100138462e-02
6.107385737100138462e-02
6.107385737100138462e-02
6.107385737100138462e-02
6.107385737100138462e-02
6.107385737100138462e-02
6.107385737100138462e-02
6.107385737100138462e-02
6.107385737100138462e-02
6.107385737100138462e-02
6.107385737100138462e-02
6.107385737100138462e-02
6.107385737100138462e-02
6.107385737100138462e-02
6.107385737100138462e-02
6.107385737100138462e-02
6.107385737100138462e-02
6.107385737100138462e-02
6.107385737100138462e-02
6.107385737100138462e-02
6.107385737100138462e-02
6.107385737100138462e-02
6.107385737100138462e-02
6.107385737100138462e-02
6.107640894497441686e-02
6.108136154312977101e-02
6.108838840787506053e-02
6.109626988644173418e-02
6.110288466152271475e-02
6.110547122688766292e-02
6.110121294519699903e-02
6.108809964333691139e-02
6.106594192012915895e-02
6.103730051944376844e-02
6.100800807715842794e-02
6.098693932832707082e-02
6.098478659416929626e-02
6.101177130915388241e-02
6.107449111768929045e-02
6.117229115049430122e-02
6.129367842965268570e-02
6.141347286902359981e-02
6.149160539540163284e-02
6.147503615608133909e-02
6.130478495693746088e-02
6.093006685488005364e-02
6.032965760641958303e-02
5.952788621693088505e-02
5.861833282794948197e-02
5.781836173907675680e-02
5.743750697398398997e-02
5.770204706451274174e-02
5.887128945898467691e-02
6.194941362775441274e-02
6.926359972512900753e-02
8.405378335965815739e-02
