7.165138753839546404e-02
6.175182298773454481e-02
5.746380776153393877e-02
5.415517000425928984e-02
5.174630634540514779e-02
5.025533181573566682e-02
4.902574504429893509e-02
4.813042570858470232e-02
4.752674964998435808e-02
4.704811559549655631e-02
4.668301308239285186e-02
4.641943606537220907e-02
4.623175980569608351e-02
4.610190510619015941e-02
4.601595788222370698e-02
4.596302155007154361e-02
4.593453884993652092e-02
4.592380353310748786e-02
4.592559766662698134e-02
4.593590176785351809e-02
4.595166318712156500e-02
4.597060385809981220e-02
4.599107354385081892e-02
4.601189896759028120e-02
4.603220811394441447e-02
4.605134243456077137e-02
4.606886754468174361e-02
4.608453013391981823e-02
4.609821893449393693e-02
4.610992650429946577e-02
4.611972968154384039e-02
4.612775474812023241e-02
4.613416512017447235e-02
4.613416512017447235e-02
4.613416512017447235e-02
4.613416512017447235e-02
4.613416512017447235e-02
4.613416512017447235e-02
4.613416512017447235e-02
4.613416512017447235e-02
4.613416512017447235e-02
4.613416512017447235e-02
4.613416512017447235e-02
4.613416512017447235e-02
4.613416512017447235e-02
4.613416512017447235e-02
4.613416512017447235e-02
4.613416512017447235e-02
4.613416512017447235e-02
4.613416512017447235e-02
4.613416512017447235e-02
4.613416512017447235e-02
4.613416512017447235e-02
4.613416512017447235e-02
4.613416512017447235e-02
4.613416512017447235e-02
4.613416512017447235e-02
4.613416512017447235e-02
4.613416512017447235e-02
4.613416512017447235e-02
4.613416512017447235e-02
4.613416512017447235e-02
4.613416512017447235e-02
4.613416512017447235e-02
4.613416512017447235e-02
4.613416512017447235e-02
4.613416512017447235e-02
4.613416512017447235e-02
4.613416512017447235e-02
4.613416512017447235e-02
4.613416512017447235e-02
4.613416512017447235e-02
4.613416512017447235e-02
4.613416512017447235e-02
4.613416512017447235e-02
4.613416512017447235e-02
4.613416512017447235e-02
4.613416512017447235e-02
4.613416512017447235e-02
4.613416512017447235e-02
4.613416512017447235e-02
4.613416512017447235e-02
4.613416512017447235e-02
4.613416512017447235e-02
4.613416512017447235e-02
4.613416512017447235e-02
4.613416512017447235e-02
4.613416512017447235e-02
4.613416512017447235e-02
4.613416512017447235e-02
4.613416512017447235e-02
4.613416512017447235e-02
4.613416512017447235e-02
4.613416512017447235e-02
4.613416512017447235e-02
4.613416512017447235e-02
4.612963640542203092e-02
4.612351067458065473e-02
4.611553819383885922e-02
4.610550237827971271e-02
4.609323413840797634e-02
4.607864489623179904e-02
4.606175724239262859e-02
4.604274760317799559e-02
4.602199743494214679e-02
4.600015950432289474e-02
4.597822588766825591e-02
4.595762693752588474e-02
4.594033600811981560e-02
4.592900108165288986e-02
4.592710104783449127e-02
4.593913140470900353e-02
4.597083574243444187e-02
4.602948915857681816e-02
4.612426572347988474e-02
4.626671386883006443e-02
4.647144202064963647e-02
4.675728323601551634e-02
4.715069214960967287e-02
4.766445261665767930e-02
4.831118165070761444e-02
4.925963348654602281e-02
5.055311874670372768e-02
5.212011013923239372e-02
5.462613332286109236e-02
5.805235914860298191e-02
6.248525443659183609e-02
7.264042176119810124e-02
