3.140192535909995808e-01
2.604928235387308777e-01
2.456140884793330814e-01
2.409334453221949057e-01
2.394034951583440818e-01
2.388971253196655042e-01
2.387288423157546691e-01
2.386728397419193848e-01
2.386541942403145045e-01
2.386479854642984677e-01
2.386459178973260320e-01
2.386452293716515016e-01
2.386450000828982954e-01
2.386449237264366696e-01
2.386448982986404954e-01
2.386448898308256295e-01
2.386448870109261766e-01
2.386448860718614340e-01
2.386448857591404460e-01
2.386448856550002773e-01
2.386448856203203239e-01
2.386448856087713954e-01
2.386448856049255274e-01
2.386448856036447741e-01
2.386448856032183374e-01
2.386448856030762844e-01
2.386448856030289889e-01
2.386448856030132515e-01
2.386448856030080057e-01
2.386448856030062016e-01
2.386448856030056187e-01
2.386448856030055077e-01
2.386448856030053967e-01
2.386448856030053689e-01
2.386448856030053689e-01
2.386448856030053689e-01
2.386448856030053689e-01
2.386448856030053689e-01
2.386448856030053689e-01
2.386448856030053689e-01
2.386448856030053689e-01
2.386448856030053689e-01
2.386448856030053689e-01
2.386448856030053689e-01
2.386448856030053689e-01
2.386448856030053689e-01
2.386448856030053689e-01
2.386448856030053689e-01
2.386448856030053689e-01
2.386448856030053689e-01
2.386448856030053689e-01
2.386448856030053689e-01
2.386448856030053689e-01
2.386448856030053689e-01
2.386448856030053689e-01
2.386448856030053689e-01
2.386448856030053689e-01
2.386448856030053689e-01
2.386448856030053689e-01
2.386448856030053689e-01
2.386448856030053689e-01
2.386448856030053689e-01
2.386448856030053689e-01
2.386448856030053689e-01
2.386448856030053689e-01
2.386448856030053689e-01
2.386448856030053689e-01
2.386448856030053689e-01
2.386448856030053689e-01
2.386448856030053689e-01
2.386448856030053689e-01
2.386448856030053689e-01
2.386448856030053689e-01
2.386448856030053689e-01
2.386448856030053689e-01
2.386448856030053689e-01
2.386448856030053689e-01
2.386448856030053689e-01
2.386448856030053689e-01
2.386448856030053689e-01
2.386448856030053689e-01
2.386448856030053689e-01
2.386448856030053689e-01
2.386448856030053689e-01
2.386448856030053689e-01
2.386448856030053689e-01
2.386448856030053689e-01
2.386448856030053689e-01
2.386448856030053689e-01
2.386448856030053689e-01
2.386448856030053689e-01
2.386448856030053689e-01
2.386448856030053689e-01
2.386448856030053689e-01
2.386448856030053689e-01
2.386448856030053967e-01
2.386448856030054244e-01
2.386448856030056742e-01
2.386448856030062016e-01
2.386448856030079502e-01
2.386448856030132237e-01
2.386448856030289889e-01
2.386448856030762844e-01
2.386448856032182819e-01
2.386448856036447741e-01
2.386448856049255551e-01
2.386448856087714232e-01
2.386448856203203239e-01
2.386448856550002773e-01
2.386448857591404460e-01
2.386448860718614617e-01
2.386448870109261766e-01
2.386448898308256295e-01
2.386448982986404954e-01
2.386449237264366974e-01
2.386450000828982954e-01
2.386452293716515016e-01
2.386459178973260320e-01
2.386479854642984677e-01
2.386541942403145045e-01
2.386728397419193848e-01
2.387288423157546691e-01
2.388971253196655042e-01
2.394034951583440818e-01
2.409334453221949057e-01
2.456140884793330814e-01
2.604928235387308777e-01
3.140192535909995808e-01
