1.686343655631257765e-01
1.670571374089955263e-01
1.661855845482866079e-01
1.655992897967136501e-01
1.650436786185033589e-01
1.645978671843127406e-01
1.642787811841371903e-01
1.640066043115054883e-01
1.637616117051247655e-01
1.635588569362456945e-01
1.633938181990716720e-01
1.632564239536401784e-01
1.631411757239599747e-01
1.630440564745843091e-01
1.629619054469433337e-01
1.628921879098279013e-01
1.628328444719741031e-01
1.627821824201742817e-01
1.627388007320841601e-01
1.627015330464885445e-01
1.626694026281067518e-01
1.626415853055571681e-01
1.626173745932105175e-01
1.625961907925237704e-01
1.625775939969261730e-01
1.625612609836650235e-01
1.625469222025371363e-01
1.625343312216468994e-01
1.625232703783129340e-01
1.625135545356047317e-01
1.625050215233780349e-01
1.624975244963614285e-01
1.624909357173402180e-01
1.624909357173401903e-01
1.624909357173402180e-01
1.624909357173402180e-01
1.624909357173402180e-01
1.624909357173401903e-01
1.624909357173402180e-01
1.624909357173402180e-01
1.624909357173402180e-01
1.624909357173401903e-01
1.624909357173402180e-01
1.624909357173402180e-01
1.624909357173402180e-01
1.624909357173401903e-01
1.624909357173402180e-01
1.624909357173402180e-01
1.624909357173402180e-01
1.624909357173401903e-01
1.624909357173402180e-01
1.624909357173402180e-01
1.624909357173402180e-01
1.624909357173401903e-01
1.624909357173402180e-01
1.624909357173402180e-01
1.624909357173402180e-01
1.624909357173401903e-01
1.624909357173402180e-01
1.624909357173402180e-01
1.624909357173402180e-01
1.624909357173401903e-01
1.624909357173402180e-01
1.624909357173402180e-01
1.624909357173402180e-01
1.624909357173401903e-01
1.624909357173402180e-01
1.624909357173402180e-01
1.624909357173402180e-01
1.624909357173401903e-01
1.624909357173402180e-01
1.624909357173402180e-01
1.624909357173402180e-01
1.624909357173401903e-01
1.624909357173402180e-01
1.624909357173402180e-01
1.624909357173402180e-01
1.624909357173401903e-01
1.624909357173402180e-01
1.624909357173402180e-01
1.624909357173402180e-01
1.624909357173401903e-01
1.624909357173402180e-01
1.624909357173402180e-01
1.624909357173402180e-01
1.624909357173401903e-01
1.624909357173402180e-01
1.624909357173402180e-01
1.624909357173402180e-01
1.624909357173401903e-01
1.624909357173402180e-01
1.624909357173402180e-01
1.624909357173402180e-01
1.624909357173401903e-01
1.624909357173402180e-01
1.624909357173402180e-01
1.624956522758266297e-01
1.625014347354861166e-01
1.625084317526289679e-01
1.625168149065420453e-01
1.625267787291256594e-01
1.625385540673777163e-01
1.625524081394876252e-01
1.625686541262852947e-01
1.625876607900078596e-01
1.626098583228181571e-01
1.626357537683731924e-01
1.626659484221180951e-01
1.627011496059029838e-01
1.627421978397191604e-01
1.627900922839531916e-01
1.628460260112381541e-01
1.629114292876513437e-01
1.629880287069739864e-01
1.630779167124538631e-01
1.631836625185314471e-01
1.633084556026126732e-01
1.634563346836884756e-01
1.636328024385858004e-01
1.638479109460413141e-01
1.641060977261225573e-01
1.643922676864025545e-01
1.647262468934635460e-01
1.651876292525655820e-01
1.657587284906746061e-01
1.663602543697411118e-01
1.672469030454278305e-01
1.688504945802594415e-01
