8.105493858493292847e-02
6.672399439616753802e-02
5.919594782203765199e-02
5.586972702582869432e-02
5.469475605780133726e-02
5.448349930864022223e-02
5.477954943815362132e-02
5.541136337753923419e-02
5.618421006103031107e-02
5.689291619272873746e-02
5.742109712914755110e-02
5.774559191400687602e-02
5.789237591307257180e-02
5.790757142615027969e-02
5.784245238057055677e-02
5.774236883599626752e-02
5.764119189788372011e-02
5.755997593183284633e-02
5.750819710779889182e-02
5.748631606083199480e-02
5.748886467281388163e-02
5.750746020654751156e-02
5.753330433534752097e-02
5.755892667395309109e-02
5.757914728744037425e-02
5.759136968850315369e-02
5.759535984789371926e-02
5.759263068758652820e-02
5.758563693847400938e-02
5.757700181410808915e-02
5.756893785853630513e-02
5.756291869354788343e-02
5.755959911588320183e-02
5.755959911588320183e-02
5.755959911588320183e-02
5.755959911588320183e-02
5.755959911588320183e-02
5.755959911588320183e-02
5.755959911588320183e-02
5.755959911588320183e-02
5.755959911588320183e-02
5.755959911588320183e-02
5.755959911588320183e-02
5.755959911588320183e-02
5.755959911588320183e-02
5.755959911588320183e-02
5.755959911588320183e-02
5.755959911588320183e-02
5.755959911588320183e-02
5.755959911588320183e-02
5.755959911588320183e-02
5.755959911588320183e-02
5.755959911588320183e-02
5.755959911588320183e-02
5.755959911588320183e-02
5.755959911588320183e-02
5.755959911588320183e-02
5.755959911588320183e-02
5.755959911588320183e-02
5.755959911588320183e-02
5.755959911588320183e-02
5.755959911588320183e-02
5.755959911588320183e-02
5.755959911588320183e-02
5.755959911588320183e-02
5.755959911588320183e-02
5.755959911588320183e-02
5.755959911588320183e-02
5.755959911588320183e-02
5.755959911588320183e-02
5.755959911588320183e-02
5.755959911588320183e-02
5.755959911588320183e-02
5.755959911588320183e-02
5.755959911588320183e-02
5.755959911588320183e-02
5.755959911588320183e-02
5.755959911588320183e-02
5.755959911588320183e-02
5.755959911588320183e-02
5.755959911588320183e-02
5.755959911588320183e-02
5.755959911588320183e-02
5.755959911588320183e-02
5.755959911588320183e-02
5.755959911588320183e-02
5.755959911588320183e-02
5.755959911588320183e-02
5.755959911588320183e-02
5.755959911588320183e-02
5.755959911588320183e-02
5.755959911588320183e-02
5.755959911588320183e-02
5.755959911588320183e-02
5.755959911588320183e-02
5.755959911588320183e-02
5.756195786854643309e-02
5.756656738424325431e-02
5.757313409016084904e-02
5.758052713621143043e-02
5.758676786311594381e-02
5.758927409680172221e-02
5.758540154552919260e-02
5.757324936681768729e-02
5.755260991849660279e-02
5.752583325176924972e-02
5.749832431927928700e-02
5.747832929483488035e-02
5.747579614367934880e-02
5.750024969349541021e-02
5.755785840998118436e-02
5.764805399994479829e-02
5.776021362282962590e-02
5.787100766076709590e-02
5.794330662575537111e-02
5.792796030808668867e-02
5.777021443144379764e-02
5.742209489897358299e-02
5.685887240336261195e-02
5.610906886193498672e-02
5.529763289251746206e-02
5.463858169328355413e-02
5.433360550633478669e-02
5.455997923236782093e-02
5.577792313431775145e-02
5.917329810710532378e-02
6.678912161715211404e-02
8.120869260804899903e-02
