2.095803608410801988e-01
1.488323460999749492e-01
1.292840560604236744e-01
1.203835049762178033e-01
1.163143635013103444e-01
1.163785728163200944e-01
1.185822898065561487e-01
1.222998878373625226e-01
1.264118809207814276e-01
1.297670302944956833e-01
1.321362051550984684e-01
1.334972637602304946e-01
1.339741264862921721e-01
1.338247213016547366e-01
1.333241566734083561e-01
1.327027167388192819e-01
1.321227010576038197e-01
1.316781967814280863e-01
1.314054923046577839e-01
1.312976725305136649e-01
1.313202438606169420e-01
1.314257912429268593e-01
1.315665034304159542e-01
1.317028758471391059e-01
1.318080918767288445e-01
1.318693756494720148e-01
1.318866903438809524e-01
1.318690087339096095e-01
1.318297900809386192e-01
1.317829820990156497e-01
1.317400976973274740e-01
1.317086618256615160e-01
1.316918216299142186e-01
1.316918216299142186e-01
1.316918216299142186e-01
1.316918216299142186e-01
1.316918216299142186e-01
1.316918216299142186e-01
1.316918216299142186e-01
1.316918216299142186e-01
1.316918216299142186e-01
1.316918216299142186e-01
1.316918216299142186e-01
1.316918216299142186e-01
1.316918216299142186e-01
1.316918216299142186e-01
1.316918216299142186e-01
1.316918216299142186e-01
1.316918216299142186e-01
1.316918216299142186e-01
1.316918216299142186e-01
1.316918216299142186e-01
1.316918216299142186e-01
1.316918216299142186e-01
1.316918216299142186e-01
1.316918216299142186e-01
1.316918216299142186e-01
1.316918216299142186e-01
1.316918216299142186e-01
1.316918216299142186e-01
1.316918216299142186e-01
1.316918216299142186e-01
1.316918216299142186e-01
1.316918216299142186e-01
1.316918216299142186e-01
1.316918216299142186e-01
1.316918216299142186e-01
1.316918216299142186e-01
1.316918216299142186e-01
1.316918216299142186e-01
1.316918216299142186e-01
1.316918216299142186e-01
1.316918216299142186e-01
1.316918216299142186e-01
1.316918216299142186e-01
1.316918216299142186e-01
1.316918216299142186e-01
1.316918216299142186e-01
1.316918216299142186e-01
1.316918216299142186e-01
1.316918216299142186e-01
1.316918216299142186e-01
1.316918216299142186e-01
1.316918216299142186e-01
1.316918216299142186e-01
1.316918216299142186e-01
1.316918216299142186e-01
1.316918216299142186e-01
1.316918216299142186e-01
1.316918216299142186e-01
1.316918216299142186e-01
1.316918216299142186e-01
1.316918216299142186e-01
1.316918216299142186e-01
1.316918216299142186e-01
1.316918216299142186e-01
1.317038185594827937e-01
1.317279417440810896e-01
1.317629167958022651e-01
1.318030794939304695e-01
1.318381603364217336e-01
1.318544674146658324e-01
1.318375929896839771e-01
1.317766298483380449e-01
1.316693250696917561e-01
1.315269509202079412e-01
1.313773277254073613e-01
1.312641380349774123e-01
1.312412880544979732e-01
1.313623057603905964e-01
1.316658705412301067e-01
1.321593095803087758e-01
1.328017627573956361e-01
1.334888960708537353e-01
1.340424966430935616e-01
1.342120354276919170e-01
1.337015575034103954e-01
1.322390744032821142e-01
1.297034936816094386e-01
1.261433714552280261e-01
1.218366003490155836e-01
1.179809007635348878e-01
1.157161133594625108e-01
1.156826912446045630e-01
1.198637503063401943e-01
1.289458681587114242e-01
1.487585811804270353e-01
2.097956728675695881e-01
