1.051529202399888036e-01
8.232442485727584081e-02
7.318940275988974897e-02
6.636031077470108674e-02
6.145191179470266274e-02
5.838930911933293971e-02
5.579742048135261090e-02
5.383177979030400601e-02
5.242665457732151313e-02
5.122400997052792282e-02
5.021471902807107812e-02
4.939445968065138415e-02
4.871807913788677585e-02
4.815604403317931548e-02
4.768627651850945726e-02
4.729165300612293843e-02
4.695866407779197838e-02
4.667648078774876835e-02
4.643636565786023185e-02
4.623116956355053514e-02
4.605502424308423326e-02
4.590307835129189828e-02
4.577122201780517430e-02
4.565608081375306659e-02
4.555517277444912083e-02
4.546670221029175396e-02
4.538911730864055721e-02
4.532106447247197245e-02
4.526135923470307049e-02
4.520898099633971490e-02
4.516301251353954660e-02
4.512267249232264354e-02
4.508726654591303784e-02
4.508726654591303784e-02
4.508726654591303784e-02
4.508726654591303784e-02
4.508726654591303784e-02
4.508726654591303784e-02
4.508726654591303784e-02
4.508726654591303784e-02
4.508726654591303784e-02
4.508726654591303784e-02
4.508726654591303784e-02
4.508726654591303784e-02
4.508726654591303784e-02
4.508726654591303784e-02
4.508726654591303784e-02
4.508726654591303784e-02
4.508726654591303784e-02
4.508726654591303784e-02
4.508726654591303784e-02
4.508726654591303784e-02
4.508726654591303784e-02
4.508726654591303784e-02
4.508726654591303784e-02
4.508726654591303784e-02
4.508726654591303784e-02
4.508726654591303784e-02
4.508726654591303784e-02
4.508726654591303784e-02
4.508726654591303784e-02
4.508726654591303784e-02
4.508726654591303784e-02
4.508726654591303784e-02
4.508726654591303784e-02
4.508726654591303784e-02
4.508726654591303784e-02
4.508726654591303784e-02
4.508726654591303784e-02
4.508726654591303784e-02
4.508726654591303784e-02
4.508726654591303784e-02
4.508726654591303784e-02
4.508726654591303784e-02
4.508726654591303784e-02
4.508726654591303784e-02
4.508726654591303784e-02
4.508726654591303784e-02
4.508726654591303784e-02
4.508726654591303784e-02
4.508726654591303784e-02
4.508726654591303784e-02
4.508726654591303784e-02
4.508726654591303784e-02
4.508726654591303784e-02
4.508726654591303784e-02
4.508726654591303784e-02
4.508726654591303784e-02
4.508726654591303784e-02
4.508726654591303784e-02
4.508726654591303784e-02
4.508726654591303784e-02
4.508726654591303784e-02
4.508726654591303784e-02
4.508726654591303784e-02
4.508726654591303784e-02
4.511227034641647482e-02
4.514303070752681557e-02
4.518035393189290261e-02
4.522515686089786935e-02
4.527852697987858055e-02
4.534172738403802888e-02
4.541624610828560310e-02
4.550383792910719927e-02
4.560658014664291382e-02
4.572692113745406572e-02
4.586780756105100776e-02
4.603273508940664005e-02
4.622590708220528088e-02
4.645239389150585679e-02
4.671830955701201243e-02
4.703114764139937343e-02
4.740008816570766281e-02
4.783648997627483468e-02
4.835457369592581489e-02
4.897231358769917747e-02
4.971287460509597744e-02
5.060725705632251881e-02
5.170259406606875219e-02
5.300498655775267437e-02
5.452632842393387302e-02
5.663442387482708201e-02
5.939969012651209745e-02
6.267000250704310438e-02
6.786826224791070450e-02
7.508278859502479086e-02
8.474008651366628231e-02
1.087747534814039463e-01
