5.305873354861125879e-01
3.363864039610316437e-01
3.364993286324366450e-01
4.561782443867957726e-01
6.677026376198188506e-01
8.365021300539643434e-01
8.360959662309932483e-01
7.371107178821910688e-01
6.441036218496948296e-01
5.968544359099240415e-01
5.970363652135916022e-01
6.315157015541889018e-01
6.770585720552609876e-01
7.067768429710126199e-01
7.066027592200794238e-01
6.846439489984113003e-01
6.595944482492170913e-01
6.451831680807559311e-01
6.452875184040691714e-01
6.560327533539326295e-01
6.694600131218874095e-01
6.778497760831498908e-01
6.777723102317853021e-01
6.712681602130247116e-01
6.633875833768727581e-01
6.585980991123064898e-01
6.586501942880303995e-01
6.624254917516044783e-01
6.671294950892129316e-01
6.700533461664137658e-01
6.700163293769647588e-01
6.677091325612597439e-01
6.648876449311167391e-01
6.648876449311165171e-01
6.648876449311169612e-01
6.648876449311167391e-01
6.648876449311167391e-01
6.648876449311165171e-01
6.648876449311169612e-01
6.648876449311167391e-01
6.648876449311167391e-01
6.648876449311165171e-01
6.648876449311169612e-01
6.648876449311167391e-01
6.648876449311167391e-01
6.648876449311165171e-01
6.648876449311169612e-01
6.648876449311167391e-01
6.648876449311167391e-01
6.648876449311165171e-01
6.648876449311169612e-01
6.648876449311167391e-01
6.648876449311167391e-01
6.648876449311165171e-01
6.648876449311169612e-01
6.648876449311167391e-01
6.648876449311167391e-01
6.648876449311165171e-01
6.648876449311169612e-01
6.648876449311167391e-01
6.648876449311167391e-01
6.648876449311165171e-01
6.648876449311169612e-01
6.648876449311167391e-01
6.648876449311167391e-01
6.648876449311165171e-01
6.648876449311169612e-01
6.648876449311167391e-01
6.648876449311167391e-01
6.648876449311165171e-01
6.648876449311169612e-01
6.648876449311167391e-01
6.648876449311167391e-01
6.648876449311165171e-01
6.648876449311169612e-01
6.648876449311167391e-01
6.648876449311167391e-01
6.648876449311165171e-01
6.648876449311169612e-01
6.648876449311167391e-01
6.648876449311167391e-01
6.648876449311165171e-01
6.648876449311169612e-01
6.648876449311167391e-01
6.648876449311167391e-01
6.648876449311165171e-01
6.648876449311169612e-01
6.648876449311167391e-01
6.648876449311167391e-01
6.648876449311165171e-01
6.648876449311169612e-01
6.648876449311167391e-01
6.648876449311167391e-01
6.648876449311165171e-01
6.648876449311169612e-01
6.648876449311167391e-01
6.668697342483276280e-01
6.686192741434491271e-01
6.686491734704760326e-01
6.661574978818380899e-01
6.619573197792486541e-01
6.584464240566451076e-01
6.583962152711131388e-01
6.631614491158375202e-01
6.712260816447598311e-01
6.780477464129329723e-01
6.781306268312224939e-01
6.690267595213722496e-01
6.543381740863631890e-01
6.425398511225361986e-01
6.424250651301823822e-01
6.583147305740307820e-01
6.860293686580865025e-01
7.103910740417473946e-01
7.105839527155825008e-01
6.779086383955036377e-01
6.284722673014021543e-01
5.915401951710652639e-01
5.913469499020467257e-01
6.414993047728655418e-01
7.407438426051841107e-01
8.467728695865510691e-01
8.472052114143250323e-01
6.705300466582080343e-01
4.541249376583395003e-01
3.337779662267337244e-01
3.336653854724619395e-01
5.263257574605186839e-01
