7.696782229520006402e-02
6.248053458605930949e-02
5.382874951433656158e-02
4.925102420874015452e-02
4.756123247901838241e-02
4.793809839498098385e-02
4.969587562392973473e-02
5.215824587494628101e-02
5.468640777471930198e-02
5.675582963577204682e-02
5.816199986873203664e-02
5.890242472592445433e-02
5.906429152596023857e-02
5.884818953612914322e-02
5.845690822231058847e-02
5.802455830221457667e-02
5.764400011756012215e-02
5.736489119414897586e-02
5.720187036620658083e-02
5.714483586156943185e-02
5.716865559164110988e-02
5.724194621881951994e-02
5.733397262572234587e-02
5.742000100552545339e-02
5.748426052072874021e-02
5.752027105594940959e-02
5.752916986368659946e-02
5.751709081510516380e-02
5.749247095016535997e-02
5.746377693178417179e-02
5.743788140430323291e-02
5.741918096287969286e-02
5.740942866197999706e-02
5.740942866197999706e-02
5.740942866197999706e-02
5.740942866197999706e-02
5.740942866197999706e-02
5.740942866197999706e-02
5.740942866197999706e-02
5.740942866197999706e-02
5.740942866197999706e-02
5.740942866197999706e-02
5.740942866197999706e-02
5.740942866197999706e-02
5.740942866197999706e-02
5.740942866197999706e-02
5.740942866197999706e-02
5.740942866197999706e-02
5.740942866197999706e-02
5.740942866197999706e-02
5.740942866197999706e-02
5.740942866197999706e-02
5.740942866197999706e-02
5.740942866197999706e-02
5.740942866197999706e-02
5.740942866197999706e-02
5.740942866197999706e-02
5.740942866197999706e-02
5.740942866197999706e-02
5.740942866197999706e-02
5.740942866197999706e-02
5.740942866197999706e-02
5.740942866197999706e-02
5.740942866197999706e-02
5.740942866197999706e-02
5.740942866197999706e-02
5.740942866197999706e-02
5.740942866197999706e-02
5.740942866197999706e-02
5.740942866197999706e-02
5.740942866197999706e-02
5.740942866197999706e-02
5.740942866197999706e-02
5.740942866197999706e-02
5.740942866197999706e-02
5.740942866197999706e-02
5.740942866197999706e-02
5.740942866197999706e-02
5.740942866197999706e-02
5.740942866197999706e-02
5.740942866197999706e-02
5.740942866197999706e-02
5.740942866197999706e-02
5.740942866197999706e-02
5.740942866197999706e-02
5.740942866197999706e-02
5.740942866197999706e-02
5.740942866197999706e-02
5.740942866197999706e-02
5.740942866197999706e-02
5.740942866197999706e-02
5.740942866197999706e-02
5.740942866197999706e-02
5.740942866197999706e-02
5.740942866197999706e-02
5.740942866197999706e-02
5.741677584359910352e-02
5.743179949108933452e-02
5.745377085679850837e-02
5.747927269411975265e-02
5.750203097677460129e-02
5.751355134392361484e-02
5.750469432752496751e-02
5.746816740748828672e-02
5.740168852915119441e-02
5.731125816704102371e-02
5.721341124978145815e-02
5.713508557340173794e-02
5.711023497100445323e-02
5.717364186194659470e-02
5.735298805868367655e-02
5.765904168329710061e-02
5.807525273938914101e-02
5.854701961085906348e-02
5.897321343027635970e-02
5.920993012542818956e-02
5.903465029416912063e-02
5.824544785357848448e-02
5.676113917356685051e-02
5.459829845561348094e-02
5.197762434739887361e-02
4.945278236823402035e-02
4.767163389129804030e-02
4.730258985962242091e-02
4.901615175760001136e-02
5.361769757960882510e-02
6.227445173033648029e-02
7.671300780293441313e-02
