2.505375026529985671e-01
1.940184975182504823e-01
1.737633858352646554e-01
1.662116903314777017e-01
1.636908178763545607e-01
1.631086924380758252e-01
1.631614781228177546e-01
1.633406028751410721e-01
1.634857846967534278e-01
1.635716955466410549e-01
1.636131849500317426e-01
1.636293702011795137e-01
1.636337153823596846e-01
1.636336340480525897e-01
1.636324898448012488e-01
1.636314840993948194e-01
1.636308665597602241e-01
1.636305637130127111e-01
1.636304469095225811e-01
1.636304184982590171e-01
1.636304227142401924e-01
1.636304338814108805e-01
1.636304429621548151e-01
1.636304483421295863e-01
1.636304508868359486e-01
1.636304518055745061e-01
1.636304519783712275e-01
1.636304518945937148e-01
1.636304517719044116e-01
1.636304516812617516e-01
1.636304516304084855e-01
1.636304516076835247e-01
1.636304516002942688e-01
1.636304515995501141e-01
1.636304516008424137e-01
1.636304516022376865e-01
1.636304516031817924e-01
1.636304516036801715e-01
1.636304516038876167e-01
1.636304516039454870e-01
1.636304516039428225e-01
1.636304516039248369e-01
1.636304516039087942e-01
1.636304516038987744e-01
1.636304516038940005e-01
1.636304516038921131e-01
1.636304516038918355e-01
1.636304516038917245e-01
1.636304516038919743e-01
1.636304516038921408e-01
1.636304516038923074e-01
1.636304516038923629e-01
1.636304516038924461e-01
1.636304516038924184e-01
1.636304516038924184e-01
1.636304516038924461e-01
1.636304516038924184e-01
1.636304516038924184e-01
1.636304516038924184e-01
1.636304516038924184e-01
1.636304516038924184e-01
1.636304516038924184e-01
1.636304516038924184e-01
1.636304516038924184e-01
1.636304516038924184e-01
1.636304516038924184e-01
1.636304516038924184e-01
1.636304516038924184e-01
1.636304516038924184e-01
1.636304516038924184e-01
1.636304516038924184e-01
1.636304516038924184e-01
1.636304516038924184e-01
1.636304516038924184e-01
1.636304516038924184e-01
1.636304516038924461e-01
1.636304516038923629e-01
1.636304516038923074e-01
1.636304516038921408e-01
1.636304516038919743e-01
1.636304516038917245e-01
1.636304516038918355e-01
1.636304516038921131e-01
1.636304516038940005e-01
1.636304516038987744e-01
1.636304516039087942e-01
1.636304516039248369e-01
1.636304516039428225e-01
1.636304516039454870e-01
1.636304516038876167e-01
1.636304516036801715e-01
1.636304516031817924e-01
1.636304516022376865e-01
1.636304516008424137e-01
1.636304515995501419e-01
1.636304516002942688e-01
1.636304516076835247e-01
1.636304516304085133e-01
1.636304516812617516e-01
1.636304517719044116e-01
1.636304518945937148e-01
1.636304519783712275e-01
1.636304518055745616e-01
1.636304508868359486e-01
1.636304483421295863e-01
1.636304429621548429e-01
1.636304338814109083e-01
1.636304227142401924e-01
1.636304184982589893e-01
1.636304469095226088e-01
1.636305637130127388e-01
1.636308665597602241e-01
1.636314840993948194e-01
1.636324898448012488e-01
1.636336340480525620e-01
1.636337153823596846e-01
1.636293702011795137e-01
1.636131849500317426e-01
1.635716955466410549e-01
1.634857846967534001e-01
1.633406028751410721e-01
1.631614781228177546e-01
1.631086924380758252e-01
1.636908178763545607e-01
1.662116903314777017e-01
1.737633858352646832e-01
1.940184975182504823e-01
2.505375026529985671e-01
