3.173457635276152322e-01
2.635980031133657864e-01
2.491678655590544023e-01
2.448984967538387070e-01
2.436272545420112290e-01
2.432584850334319204e-01
2.431563058686182222e-01
2.431299305976975245e-01
2.431239060181918099e-01
2.431228671647946982e-01
2.431228518101858360e-01
2.431229569180391736e-01
2.431230277726396660e-01
2.431230627321405990e-01
2.431230778745495091e-01
2.431230839598682580e-01
2.431230862841599893e-01
2.431230871384696679e-01
2.431230874427634525e-01
2.431230875482177367e-01
2.431230875838509831e-01
2.431230875955994186e-01
2.431230875993770635e-01
2.431230876005595620e-01
2.431230876009186637e-01
2.431230876010236630e-01
2.431230876010529451e-01
2.431230876010605502e-01
2.431230876010623543e-01
2.431230876010626318e-01
2.431230876010626873e-01
2.431230876010626318e-01
2.431230876010626318e-01
2.431230876010626318e-01
2.431230876010626318e-01
2.431230876010626041e-01
2.431230876010626041e-01
2.431230876010626318e-01
2.431230876010626318e-01
2.431230876010626041e-01
2.431230876010626041e-01
2.431230876010626318e-01
2.431230876010626318e-01
2.431230876010626041e-01
2.431230876010626041e-01
2.431230876010626318e-01
2.431230876010626318e-01
2.431230876010626041e-01
2.431230876010626041e-01
2.431230876010626318e-01
2.431230876010626318e-01
2.431230876010626041e-01
2.431230876010626041e-01
2.431230876010626318e-01
2.431230876010626318e-01
2.431230876010626041e-01
2.431230876010626041e-01
2.431230876010626318e-01
2.431230876010626318e-01
2.431230876010626041e-01
2.431230876010626041e-01
2.431230876010626318e-01
2.431230876010626318e-01
2.431230876010626041e-01
2.431230876010626041e-01
2.431230876010626318e-01
2.431230876010626318e-01
2.431230876010626041e-01
2.431230876010626041e-01
2.431230876010626318e-01
2.431230876010626318e-01
2.431230876010626041e-01
2.431230876010626041e-01
2.431230876010626318e-01
2.431230876010626318e-01
2.431230876010626041e-01
2.431230876010626041e-01
2.431230876010626318e-01
2.431230876010626318e-01
2.431230876010626041e-01
2.431230876010626041e-01
2.431230876010626318e-01
2.431230876010626318e-01
2.431230876010626041e-01
2.431230876010626041e-01
2.431230876010626318e-01
2.431230876010626318e-01
2.431230876010626041e-01
2.431230876010626041e-01
2.431230876010626318e-01
2.431230876010626318e-01
2.431230876010626041e-01
2.431230876010626041e-01
2.431230876010626318e-01
2.431230876010626318e-01
2.431230876010626318e-01
2.431230876010626318e-01
2.431230876010626873e-01
2.431230876010626318e-01
2.431230876010623543e-01
2.431230876010606334e-01
2.431230876010529451e-01
2.431230876010236630e-01
2.431230876009186637e-01
2.431230876005595620e-01
2.431230875993770635e-01
2.431230875955994186e-01
2.431230875838510386e-01
2.431230875482177367e-01
2.431230874427634525e-01
2.431230871384696679e-01
2.431230862841599893e-01
2.431230839598683691e-01
2.431230778745495091e-01
2.431230627321405990e-01
2.431230277726397493e-01
2.431229569180391736e-01
2.431228518101858360e-01
2.431228671647946982e-01
2.431239060181918099e-01
2.431299305976975245e-01
2.431563058686182222e-01
2.432584850334319204e-01
2.436272545420112290e-01
2.448984967538387070e-01
2.491678655590544578e-01
2.635980031133657864e-01
3.173457635276152877e-01
