4.000215203423410637e-01
3.061682488458487006e-01
4.076873067878484802e-01
4.789266279564701190e-01
5.025494397891386855e-01
4.680111756863320482e-01
4.628403821697144038e-01
4.696855939357022502e-01
4.784455756351998490e-01
4.778357239697540448e-01
4.755070550151325737e-01
4.759118722090935893e-01
4.774186644775316180e-01
4.773829479341825666e-01
4.772480474349042323e-01
4.775115649845466104e-01
4.780475412745304187e-01
4.779621475278555409e-01
4.778598048240953466e-01
4.779639454599456938e-01
4.782166009431930154e-01
4.782256685319379863e-01
4.781527801372293940e-01
4.781755366281745245e-01
4.782780964958654457e-01
4.783099283981138705e-01
4.782827013868282684e-01
4.782840241240308155e-01
4.783203728555278644e-01
4.783474832307301194e-01
4.783455343898138090e-01
4.783411736151435556e-01
4.783502140062529939e-01
4.783502140062529939e-01
4.783502140062529939e-01
4.783502140062528829e-01
4.783502140062529939e-01
4.783502140062529939e-01
4.783502140062529939e-01
4.783502140062528829e-01
4.783502140062529939e-01
4.783502140062529939e-01
4.783502140062529939e-01
4.783502140062528829e-01
4.783502140062529939e-01
4.783502140062529939e-01
4.783502140062529939e-01
4.783502140062528829e-01
4.783502140062529939e-01
4.783502140062529939e-01
4.783502140062529939e-01
4.783502140062528829e-01
4.783502140062529939e-01
4.783502140062529939e-01
4.783502140062529939e-01
4.783502140062528829e-01
4.783502140062529939e-01
4.783502140062529939e-01
4.783502140062529939e-01
4.783502140062528829e-01
4.783502140062529939e-01
4.783502140062529939e-01
4.783502140062529939e-01
4.783502140062528829e-01
4.783502140062529939e-01
4.783502140062529939e-01
4.783502140062529939e-01
4.783502140062528829e-01
4.783502140062529939e-01
4.783502140062529939e-01
4.783502140062529939e-01
4.783502140062528829e-01
4.783502140062529939e-01
4.783502140062529939e-01
4.783502140062529939e-01
4.783502140062528829e-01
4.783502140062529939e-01
4.783502140062529939e-01
4.783502140062529939e-01
4.783502140062528829e-01
4.783502140062529939e-01
4.783502140062529939e-01
4.783502140062529939e-01
4.783502140062528829e-01
4.783502140062529939e-01
4.783502140062529939e-01
4.783502140062529939e-01
4.783502140062528829e-01
4.783502140062529939e-01
4.783502140062529939e-01
4.783502140062529939e-01
4.783502140062528829e-01
4.783502140062529939e-01
4.783502140062529939e-01
4.783502140062529939e-01
4.783502140062528829e-01
4.783556717274540238e-01
4.783765593664536797e-01
4.783534760015406007e-01
4.783104281016994919e-01
4.782896277212720371e-01
4.783082340394780307e-01
4.783209296570942737e-01
4.782525562959534793e-01
4.781577958331041933e-01
4.781565635231209699e-01
4.782284493777080869e-01
4.781682144673158330e-01
4.779062878694173011e-01
4.778259489981623309e-01
4.778885469869508240e-01
4.779743328758867538e-01
4.774119145609011516e-01
4.771737426635656032e-01
4.771638774715307174e-01
4.772481635721698701e-01
4.757336522423521452e-01
4.753722108385907141e-01
4.779048734153434896e-01
4.782759566379509719e-01
4.692803189461136615e-01
4.622219511840338635e-01
4.677427666844571896e-01
5.034044516213950216e-01
4.790291999112550880e-01
4.070059159243011315e-01
3.048487982267921725e-01
3.984890918270480586e-01
