8.848346344511989758e-02
7.381894339056715992e-02
6.775118208986696811e-02
6.514306309717977916e-02
6.375816626633588891e-02
6.339751026441604875e-02
6.371731159853549764e-02
6.431978034069814332e-02
6.505865569550783878e-02
6.576660523520748425e-02
6.630164713774631957e-02
6.663375276652490353e-02
6.678768687568564788e-02
6.680854167006253230e-02
6.674726458634662463e-02
6.664938601022381282e-02
6.654920934343955263e-02
6.646825218999311002e-02
6.641635884203010709e-02
6.639425144510378851e-02
6.639660081882950426e-02
6.641507015949649206e-02
6.644088349623841760e-02
6.646658551771203460e-02
6.648696280730534425e-02
6.649936224942548657e-02
6.650352132634755609e-02
6.650093947997293142e-02
6.649405318612547355e-02
6.648547747735049362e-02
6.647743049933639570e-02
6.647140141906736355e-02
6.646805776942660282e-02
6.646805776942660282e-02
6.646805776942660282e-02
6.646805776942660282e-02
6.646805776942660282e-02
6.646805776942660282e-02
6.646805776942660282e-02
6.646805776942660282e-02
6.646805776942660282e-02
6.646805776942660282e-02
6.646805776942660282e-02
6.646805776942660282e-02
6.646805776942660282e-02
6.646805776942660282e-02
6.646805776942660282e-02
6.646805776942660282e-02
6.646805776942660282e-02
6.646805776942660282e-02
6.646805776942660282e-02
6.646805776942660282e-02
6.646805776942660282e-02
6.646805776942660282e-02
6.646805776942660282e-02
6.646805776942660282e-02
6.646805776942660282e-02
6.646805776942660282e-02
6.646805776942660282e-02
6.646805776942660282e-02
6.646805776942660282e-02
6.646805776942660282e-02
6.646805776942660282e-02
6.646805776942660282e-02
6.646805776942660282e-02
6.646805776942660282e-02
6.646805776942660282e-02
6.646805776942660282e-02
6.646805776942660282e-02
6.646805776942660282e-02
6.646805776942660282e-02
6.646805776942660282e-02
6.646805776942660282e-02
6.646805776942660282e-02
6.646805776942660282e-02
6.646805776942660282e-02
6.646805776942660282e-02
6.646805776942660282e-02
6.646805776942660282e-02
6.646805776942660282e-02
6.646805776942660282e-02
6.646805776942660282e-02
6.646805776942660282e-02
6.646805776942660282e-02
6.646805776942660282e-02
6.646805776942660282e-02
6.646805776942660282e-02
6.646805776942660282e-02
6.646805776942660282e-02
6.646805776942660282e-02
6.646805776942660282e-02
6.646805776942660282e-02
6.646805776942660282e-02
6.646805776942660282e-02
6.646805776942660282e-02
6.646805776942660282e-02
6.647043852040103451e-02
6.647506170895499389e-02
6.648162115761259428e-02
6.648897493206505638e-02
6.649513222740396912e-02
6.649750837299585327e-02
6.649346891376478608e-02
6.648113734374215544e-02
6.646034161453952260e-02
6.643347429057616660e-02
6.640596866056983072e-02
6.638608462676243160e-02
6.638375059919246479e-02
6.640842016899567435e-02
6.646610657020879387e-02
6.655597090396465909e-02
6.666697768442893246e-02
6.677529401324897029e-02
6.684333262649920504e-02
6.682178293144105941e-02
6.665629306217737970e-02
6.630003480423081463e-02
6.572958444566319447e-02
6.498031275875959523e-02
6.420245379676259301e-02
6.357230220552451128e-02
6.324536917169150396e-02
6.362495670018279703e-02
6.505354209264331555e-02
6.773082268849846266e-02
7.389439460369418011e-02
8.866839129394946117e-02
