9.980400648246415263e-03
6.575986290569726944e-03
5.803062958747422055e-03
5.573664269090057403e-03
5.500059577635768929e-03
5.475845687583769453e-03
5.467814995477422377e-03
5.465144295488746223e-03
5.464255314213891344e-03
5.463959314226493787e-03
5.463860746589024181e-03
5.463827922607644022e-03
5.463816991789781190e-03
5.463813351673174612e-03
5.463812139462544126e-03
5.463811735779343544e-03
5.463811601347259156e-03
5.463811556579553988e-03
5.463811541671317017e-03
5.463811536706678074e-03
5.463811535053392926e-03
5.463811534502826389e-03
5.463811534319481730e-03
5.463811534258425535e-03
5.463811534238095444e-03
5.463811534231323083e-03
5.463811534229068810e-03
5.463811534228317675e-03
5.463811534228067875e-03
5.463811534227983741e-03
5.463811534227956852e-03
5.463811534227949046e-03
5.463811534227943842e-03
5.463811534227942975e-03
5.463811534227942107e-03
5.463811534227942975e-03
5.463811534227942975e-03
5.463811534227942975e-03
5.463811534227942107e-03
5.463811534227942975e-03
5.463811534227942975e-03
5.463811534227942975e-03
5.463811534227942107e-03
5.463811534227942975e-03
5.463811534227942975e-03
5.463811534227942975e-03
5.463811534227942107e-03
5.463811534227942975e-03
5.463811534227942975e-03
5.463811534227942975e-03
5.463811534227942107e-03
5.463811534227942975e-03
5.463811534227942975e-03
5.463811534227942975e-03
5.463811534227942107e-03
5.463811534227942975e-03
5.463811534227942975e-03
5.463811534227942975e-03
5.463811534227942107e-03
5.463811534227942975e-03
5.463811534227942975e-03
5.463811534227942975e-03
5.463811534227942107e-03
5.463811534227942975e-03
5.463811534227942975e-03
5.463811534227942975e-03
5.463811534227942107e-03
5.463811534227942975e-03
5.463811534227942975e-03
5.463811534227942975e-03
5.463811534227942107e-03
5.463811534227942975e-03
5.463811534227942975e-03
5.463811534227942975e-03
5.463811534227942107e-03
5.463811534227942975e-03
5.463811534227942975e-03
5.463811534227942975e-03
5.463811534227942107e-03
5.463811534227942975e-03
5.463811534227942975e-03
5.463811534227942975e-03
5.463811534227942107e-03
5.463811534227942975e-03
5.463811534227942975e-03
5.463811534227942975e-03
5.463811534227942107e-03
5.463811534227942975e-03
5.463811534227942975e-03
5.463811534227942975e-03
5.463811534227942107e-03
5.463811534227942975e-03
5.463811534227942975e-03
5.463811534227942975e-03
5.463811534227942975e-03
5.463811534227944709e-03
5.463811534227947311e-03
5.463811534227956852e-03
5.463811534227983741e-03
5.463811534228067007e-03
5.463811534228316807e-03
5.463811534229067943e-03
5.463811534231323083e-03
5.463811534238094576e-03
5.463811534258425535e-03
5.463811534319483465e-03
5.463811534502827257e-03
5.463811535053392926e-03
5.463811536706678074e-03
5.463811541671317017e-03
5.463811556579554855e-03
5.463811601347259156e-03
5.463811735779343544e-03
5.463812139462544126e-03
5.463813351673174612e-03
5.463816991789781190e-03
5.463827922607644022e-03
5.463860746589024181e-03
5.463959314226493787e-03
5.464255314213891344e-03
5.465144295488746223e-03
5.467814995477422377e-03
5.475845687583769453e-03
5.500059577635768929e-03
5.573664269090057403e-03
5.803062958747421188e-03
6.575986290569726944e-03
9.980400648246415263e-03
