1.947817364460972256e-01
1.325193163589228340e-01
1.046086929270397675e-01
9.301358824766965683e-02
8.929237333773071272e-02
8.925746286237204452e-02
9.099564122046838177e-02
9.380786699336550460e-02
9.734524257229222599e-02
1.011771351986029133e-01
1.048220212910788152e-01
1.079044853266013376e-01
1.102187833169835096e-01
1.116946134382532790e-01
1.123790299412371907e-01
1.124036632767355520e-01
1.119440050332892039e-01
1.111828635014191907e-01
1.102842575298732114e-01
1.093790294430988658e-01
1.085605367804499538e-01
1.078868853645511272e-01
1.073866559718456570e-01
1.070654937489689540e-01
1.069120582799741731e-01
1.069028487508992264e-01
1.070064433195807435e-01
1.071875480177781059e-01
1.074109471271044169e-01
1.076449130539496174e-01
1.078636079278571802e-01
1.080485432443982208e-01
1.081887302309725296e-01
1.081887302309725296e-01
1.081887302309725157e-01
1.081887302309725296e-01
1.081887302309725296e-01
1.081887302309725296e-01
1.081887302309725157e-01
1.081887302309725296e-01
1.081887302309725296e-01
1.081887302309725296e-01
1.081887302309725157e-01
1.081887302309725296e-01
1.081887302309725296e-01
1.081887302309725296e-01
1.081887302309725157e-01
1.081887302309725296e-01
1.081887302309725296e-01
1.081887302309725296e-01
1.081887302309725157e-01
1.081887302309725296e-01
1.081887302309725296e-01
1.081887302309725296e-01
1.081887302309725157e-01
1.081887302309725296e-01
1.081887302309725296e-01
1.081887302309725296e-01
1.081887302309725157e-01
1.081887302309725296e-01
1.081887302309725296e-01
1.081887302309725296e-01
1.081887302309725157e-01
1.081887302309725296e-01
1.081887302309725296e-01
1.081887302309725296e-01
1.081887302309725157e-01
1.081887302309725296e-01
1.081887302309725296e-01
1.081887302309725296e-01
1.081887302309725157e-01
1.081887302309725296e-01
1.081887302309725296e-01
1.081887302309725296e-01
1.081887302309725157e-01
1.081887302309725296e-01
1.081887302309725296e-01
1.081887302309725296e-01
1.081887302309725157e-01
1.081887302309725296e-01
1.081887302309725296e-01
1.081887302309725296e-01
1.081887302309725157e-01
1.081887302309725296e-01
1.081887302309725296e-01
1.081887302309725296e-01
1.081887302309725157e-01
1.081887302309725296e-01
1.081887302309725296e-01
1.081887302309725296e-01
1.081887302309725157e-01
1.081887302309725296e-01
1.081887302309725296e-01
1.081887302309725296e-01
1.081887302309725157e-01
1.081887302309725296e-01
1.080909602305736988e-01
1.079512215627854710e-01
1.077748485421444608e-01
1.075757185725256665e-01
1.073766505338319271e-01
1.072087050677150988e-01
1.071091239958796154e-01
1.071182703357470983e-01
1.072752048702990402e-01
1.076122803357984076e-01
1.081486753328475547e-01
1.088831803566059214e-01
1.097863934560953103e-01
1.107931892580003158e-01
1.117970581478571201e-01
1.126487775288577547e-01
1.131628416092387568e-01
1.131353628108849735e-01
1.123751969445127563e-01
1.107458466258181562e-01
1.082099113881826308e-01
1.048616335301933850e-01
1.009396281209265500e-01
9.685313302217261888e-02
9.310925442516024275e-02
9.015395365172439168e-02
8.834491284832428348e-02
8.838076940244556090e-02
9.215470885143972612e-02
1.038127552646929408e-01
1.317330957160502414e-01
1.937865627394616541e-01
