3.625617762267467348e-01
3.194235676592870887e-01
3.114135339133356495e-01
3.097856202966771111e-01
3.094487859283461262e-01
3.093788331239176181e-01
3.093642944064501354e-01
3.093612722594031861e-01
3.093606440291858939e-01
3.093605134348329511e-01
3.093604862873259864e-01
3.093604806440019561e-01
3.093604794708900707e-01
3.093604792270285286e-01
3.093604791763356898e-01
3.093604791657980080e-01
3.093604791636074269e-01
3.093604791631521245e-01
3.093604791630574224e-01
3.093604791630377715e-01
3.093604791630336637e-01
3.093604791630328310e-01
3.093604791630326645e-01
3.093604791630326645e-01
3.093604791630326645e-01
3.093604791630326645e-01
3.093604791630326645e-01
3.093604791630326645e-01
3.093604791630326645e-01
3.093604791630326645e-01
3.093604791630326645e-01
3.093604791630326645e-01
3.093604791630326645e-01
3.093604791630326645e-01
3.093604791630326645e-01
3.093604791630326645e-01
3.093604791630326645e-01
3.093604791630326645e-01
3.093604791630326645e-01
3.093604791630326645e-01
3.093604791630326645e-01
3.093604791630326645e-01
3.093604791630326645e-01
3.093604791630326645e-01
3.093604791630326645e-01
3.093604791630326645e-01
3.093604791630326645e-01
3.093604791630326645e-01
3.093604791630326645e-01
3.093604791630326645e-01
3.093604791630326645e-01
3.093604791630326645e-01
3.093604791630326645e-01
3.093604791630326645e-01
3.093604791630326645e-01
3.093604791630326645e-01
3.093604791630326645e-01
3.093604791630326645e-01
3.093604791630326645e-01
3.093604791630326645e-01
3.093604791630326645e-01
3.093604791630326645e-01
3.093604791630326645e-01
3.093604791630326645e-01
3.093604791630326645e-01
3.093604791630326645e-01
3.093604791630326645e-01
3.093604791630326645e-01
3.093604791630326645e-01
3.093604791630326645e-01
3.093604791630326645e-01
3.093604791630326645e-01
3.093604791630326645e-01
3.093604791630326645e-01
3.093604791630326645e-01
3.093604791630326645e-01
3.093604791630326645e-01
3.093604791630326645e-01
3.093604791630326645e-01
3.093604791630326645e-01
3.093604791630326645e-01
3.093604791630326645e-01
3.093604791630326645e-01
3.093604791630326645e-01
3.093604791630326645e-01
3.093604791630326645e-01
3.093604791630326645e-01
3.093604791630326645e-01
3.093604791630326645e-01
3.093604791630326645e-01
3.093604791630326645e-01
3.093604791630326645e-01
3.093604791630326645e-01
3.093604791630326645e-01
3.093604791630326645e-01
3.093604791630326645e-01
3.093604791630326645e-01
3.093604791630326645e-01
3.093604791630326645e-01
3.093604791630326645e-01
3.093604791630326645e-01
3.093604791630326645e-01
3.093604791630326645e-01
3.093604791630326645e-01
3.093604791630326645e-01
3.093604791630326645e-01
3.093604791630328310e-01
3.093604791630335527e-01
3.093604791630377715e-01
3.093604791630573114e-01
3.093604791631521245e-01
3.093604791636074269e-01
3.093604791657979525e-01
3.093604791763356898e-01
3.093604792270284731e-01
3.093604794708900152e-01
3.093604806440019006e-01
3.093604862873259864e-01
3.093605134348328400e-01
3.093606440291858939e-01
3.093612722594030751e-01
3.093642944064500799e-01
3.093788331239175626e-01
3.094487859283461262e-01
3.097856202966771111e-01
3.114135339133356495e-01
3.194235676592870887e-01
3.625617762267467348e-01
