4.714188610996095791e-02
4.006866490127561353e-02
3.507459167053045279e-02
3.165392499747420041e-02
2.935897760358005537e-02
2.783266040440959821e-02
2.680957626865965518e-02
2.610668781700381177e-02
2.560829177436759266e-02
2.524685047534421314e-02
2.498384701383121742e-02
2.479520687368898246e-02
2.466377008538285162e-02
2.457579548197874955e-02
2.452050492167726428e-02
2.448949159920411553e-02
2.447619707598749916e-02
2.447552132791299892e-02
2.448352377661169171e-02
2.449719290410914962e-02
2.451425836966590263e-02
2.453303981053671715e-02
2.455231695684039275e-02
2.457122033351217746e-02
2.458914858052152139e-02
2.460570212118874320e-02
2.462063136520757992e-02
2.463380934717239804e-02
2.464520040646359447e-02
2.465484266775130190e-02
2.466283088895141265e-02
2.466929659596763316e-02
2.467439611440172889e-02
2.467439611440172889e-02
2.467439611440172889e-02
2.467439611440172889e-02
2.467439611440172889e-02
2.467439611440172889e-02
2.467439611440172889e-02
2.467439611440172889e-02
2.467439611440172889e-02
2.467439611440172889e-02
2.467439611440172889e-02
2.467439611440172889e-02
2.467439611440172889e-02
2.467439611440172889e-02
2.467439611440172889e-02
2.467439611440172889e-02
2.467439611440172889e-02
2.467439611440172889e-02
2.467439611440172889e-02
2.467439611440172889e-02
2.467439611440172889e-02
2.467439611440172889e-02
2.467439611440172889e-02
2.467439611440172889e-02
2.467439611440172889e-02
2.467439611440172889e-02
2.467439611440172889e-02
2.467439611440172889e-02
2.467439611440172889e-02
2.467439611440172889e-02
2.467439611440172889e-02
2.467439611440172889e-02
2.467439611440172889e-02
2.467439611440172889e-02
2.467439611440172889e-02
2.467439611440172889e-02
2.467439611440172889e-02
2.467439611440172889e-02
2.467439611440172889e-02
2.467439611440172889e-02
2.467439611440172889e-02
2.467439611440172889e-02
2.467439611440172889e-02
2.467439611440172889e-02
2.467439611440172889e-02
2.467439611440172889e-02
2.467439611440172889e-02
2.467439611440172889e-02
2.467439611440172889e-02
2.467439611440172889e-02
2.467439611440172889e-02
2.467439611440172889e-02
2.467439611440172889e-02
2.467439611440172889e-02
2.467439611440172889e-02
2.467439611440172889e-02
2.467439611440172889e-02
2.467439611440172889e-02
2.467439611440172889e-02
2.467439611440172889e-02
2.467439611440172889e-02
2.467439611440172889e-02
2.467439611440172889e-02
2.467439611440172889e-02
2.467070522762855947e-02
2.466567043409001458e-02
2.465906126383816607e-02
2.465066578483277385e-02
2.464030524581454010e-02
2.462785444846259109e-02
2.461326970089934563e-02
2.459662059920917493e-02
2.457812946697893880e-02
2.455822026891605822e-02
2.453757923284022313e-02
2.451722418603862960e-02
2.449858753424469932e-02
2.448361901509913882e-02
2.447490458235992983e-02
2.447581332976061022e-02
2.449067804026874504e-02
2.452502316256282081e-02
2.458586042845719438e-02
2.468208210754698276e-02
2.482498927695659177e-02
2.502889597759015705e-02
2.531158783275567689e-02
2.569791736838991994e-02
2.622739586898606770e-02
2.696897710598081949e-02
2.804054142147623455e-02
2.962861284127440292e-02
3.200408386890908619e-02
3.553218377948176576e-02
4.067134105642535025e-02
4.793851537476846031e-02
