9.507363548745718929e-02
7.834229167999040566e-02
7.196919877171764623e-02
7.144486789486569067e-02
7.310944623718000634e-02
7.503005483341591841e-02
7.650896359778538991e-02
7.718751078060384629e-02
7.710662452640965059e-02
7.666489353257589789e-02
7.625888650972251215e-02
7.607455010434986675e-02
7.611509111477487988e-02
7.627716654753509407e-02
7.643563095253783080e-02
7.651250634002770834e-02
7.649899016568235954e-02
7.643413846463638361e-02
7.636784818956132703e-02
7.633327230782695205e-02
7.633702023372690437e-02
7.636471655128837521e-02
7.639461137719215367e-02
7.641056823809658227e-02
7.640839476807992359e-02
7.639438723573359347e-02
7.637908074227575672e-02
7.637068653140860475e-02
7.637155950428135831e-02
7.637862594095701230e-02
7.638646937755963484e-02
7.639077825317498738e-02
7.639026319011016364e-02
7.639026319011016364e-02
7.639026319011016364e-02
7.639026319011016364e-02
7.639026319011016364e-02
7.639026319011016364e-02
7.639026319011016364e-02
7.639026319011016364e-02
7.639026319011016364e-02
7.639026319011016364e-02
7.639026319011016364e-02
7.639026319011016364e-02
7.639026319011016364e-02
7.639026319011016364e-02
7.639026319011016364e-02
7.639026319011016364e-02
7.639026319011016364e-02
7.639026319011016364e-02
7.639026319011016364e-02
7.639026319011016364e-02
7.639026319011016364e-02
7.639026319011016364e-02
7.639026319011016364e-02
7.639026319011016364e-02
7.639026319011016364e-02
7.639026319011016364e-02
7.639026319011016364e-02
7.639026319011016364e-02
7.639026319011016364e-02
7.639026319011016364e-02
7.639026319011016364e-02
7.639026319011016364e-02
7.639026319011016364e-02
7.639026319011016364e-02
7.639026319011016364e-02
7.639026319011016364e-02
7.639026319011016364e-02
7.639026319011016364e-02
7.639026319011016364e-02
7.639026319011016364e-02
7.639026319011016364e-02
7.639026319011016364e-02
7.639026319011016364e-02
7.639026319011016364e-02
7.639026319011016364e-02
7.639026319011016364e-02
7.639026319011016364e-02
7.639026319011016364e-02
7.639026319011016364e-02
7.639026319011016364e-02
7.639026319011016364e-02
7.639026319011016364e-02
7.639026319011016364e-02
7.639026319011016364e-02
7.639026319011016364e-02
7.639026319011016364e-02
7.639026319011016364e-02
7.639026319011016364e-02
7.639026319011016364e-02
7.639026319011016364e-02
7.639026319011016364e-02
7.639026319011016364e-02
7.639026319011016364e-02
7.639026319011016364e-02
7.639062397207573019e-02
7.638729956228751394e-02
7.638086812037085671e-02
7.637476679464792750e-02
7.637396213944828982e-02
7.638177905354423536e-02
7.639654441906727766e-02
7.641050294543033639e-02
7.641278545667305744e-02
7.639614581743885136e-02
7.636427722192554168e-02
7.633433872621554761e-02
7.633040306633948058e-02
7.636875379177317236e-02
7.644231406945030394e-02
7.651440868700680464e-02
7.652988069668888171e-02
7.644590632274533837e-02
7.627293764833568968e-02
7.609715743283811118e-02
7.605444585420874370e-02
7.625418745507381302e-02
7.668949798542396001e-02
7.716050220118116088e-02
7.724950215411804932e-02
7.653934086196374775e-02
7.498557954189831454e-02
7.297896858021010735e-02
7.126746964451131927e-02
7.181023116566671860e-02
7.824541759415880315e-02
9.502972967249212477e-02
