4.409132789981981548e-01
3.172306763212941472e-01
3.172975014755404777e-01
3.758111497837576809e-01
4.548218307560533136e-01
5.057606259627942524e-01
5.056458472091378553e-01
4.773519687901103814e-01
4.506369872032086055e-01
4.377545824146626408e-01
4.377983238900446383e-01
4.446479190973226525e-01
4.518676634990925201e-01
4.556494552782845431e-01
4.556309403830482441e-01
4.535886008304084172e-01
4.515039269700862890e-01
4.504390106140743755e-01
4.504456690913004047e-01
4.510202174630911220e-01
4.516110935537170357e-01
4.519145718888374907e-01
4.519122442529129313e-01
4.517479028682453990e-01
4.515795392947865583e-01
4.514933492787878699e-01
4.514941310924548423e-01
4.515409168899770509e-01
4.515888183483928175e-01
4.516133207090159973e-01
4.516130638631452587e-01
4.515997266995315229e-01
4.515860923902373925e-01
4.515791287483129079e-01
4.515792115860342015e-01
4.515830121261214525e-01
4.515868924179414212e-01
4.515888716551423321e-01
4.515888453043236939e-01
4.515877621936827957e-01
4.515866578363699202e-01
4.515860953038954295e-01
4.515861035929204514e-01
4.515864122560220295e-01
4.515867265590461921e-01
4.515868864397543092e-01
4.515868838558981802e-01
4.515867958947580862e-01
4.515867064464488823e-01
4.515866610092834077e-01
4.515866618087853168e-01
4.515866868695759262e-01
4.515867123144099993e-01
4.515867252160069012e-01
4.515867249696884911e-01
4.515867178499283763e-01
4.515867106519461105e-01
4.515867070284278473e-01
4.515867071056222648e-01
4.515867090571448750e-01
4.515867109522096468e-01
4.515867118301229999e-01
4.515867118003508707e-01
4.515867115167012669e-01
4.515867115167014889e-01
4.515867118003508707e-01
4.515867118301231664e-01
4.515867109522097578e-01
4.515867090571450970e-01
4.515867071056224868e-01
4.515867070284280693e-01
4.515867106519462215e-01
4.515867178499283763e-01
4.515867249696884911e-01
4.515867252160069012e-01
4.515867123144098882e-01
4.515866868695759262e-01
4.515866618087852058e-01
4.515866610092834077e-01
4.515867064464488267e-01
4.515867958947580862e-01
4.515868838558981246e-01
4.515868864397543092e-01
4.515867265590461921e-01
4.515864122560220295e-01
4.515861035929204514e-01
4.515860953038954295e-01
4.515866578363699202e-01
4.515877621936828512e-01
4.515888453043236939e-01
4.515888716551422211e-01
4.515868924179414767e-01
4.515830121261215635e-01
4.515792115860342570e-01
4.515791287483128524e-01
4.515860923902375035e-01
4.515997266995315229e-01
4.516130638631454253e-01
4.516133207090159418e-01
4.515888183483929286e-01
4.515409168899769399e-01
4.514941310924550644e-01
4.514933492787878144e-01
4.515795392947865583e-01
4.517479028682453990e-01
4.519122442529131534e-01
4.519145718888374352e-01
4.516110935537170912e-01
4.510202174630911220e-01
4.504456690913005157e-01
4.504390106140743755e-01
4.515039269700864000e-01
4.535886008304083616e-01
4.556309403830485216e-01
4.556494552782845431e-01
4.518676634990926311e-01
4.446479190973226525e-01
4.377983238900447494e-01
4.377545824146625852e-01
4.506369872032087165e-01
4.773519687901102704e-01
5.056458472091378553e-01
5.057606259627943635e-01
4.548218307560534801e-01
3.758111497837577919e-01
3.172975014755404777e-01
3.172306763212943137e-01
4.409132789981983214e-01
