4.250242987551268725e-01
2.525522573154480033e-01
1.929970289304140108e-01
1.815955640534340221e-01
2.010422320809749641e-01
2.483145717543936704e-01
3.220245252102102995e-01
4.120049571931770349e-01
4.937804033244800883e-01
5.396543526081583053e-01
5.405828431327451833e-01
5.104286232002527290e-01
4.697451008684556117e-01
4.328083273874943071e-01
4.058289653521141016e-01
3.899860507217613459e-01
3.841483356638715208e-01
3.862452853478628989e-01
3.937845469142866039e-01
4.040775141936198134e-01
4.145018491326420973e-01
4.228840430033137254e-01
4.278853975871697024e-01
4.291934540570482293e-01
4.274041269719618397e-01
4.236631900277269547e-01
4.192460472645657132e-01
4.152323595766704845e-01
4.123349037623830760e-01
4.108640087417565478e-01
4.107777021846548138e-01
4.117762928022895008e-01
4.134155023327938383e-01
4.134155023327938938e-01
4.134155023327937828e-01
4.134155023327938938e-01
4.134155023327938383e-01
4.134155023327938938e-01
4.134155023327937828e-01
4.134155023327938938e-01
4.134155023327938383e-01
4.134155023327938938e-01
4.134155023327937828e-01
4.134155023327938938e-01
4.134155023327938383e-01
4.134155023327938938e-01
4.134155023327937828e-01
4.134155023327938938e-01
4.134155023327938383e-01
4.134155023327938938e-01
4.134155023327937828e-01
4.134155023327938938e-01
4.134155023327938383e-01
4.134155023327938938e-01
4.134155023327937828e-01
4.134155023327938938e-01
4.134155023327938383e-01
4.134155023327938938e-01
4.134155023327937828e-01
4.134155023327938938e-01
4.134155023327938383e-01
4.134155023327938938e-01
4.134155023327937828e-01
4.134155023327938938e-01
4.134155023327938383e-01
4.134155023327938938e-01
4.134155023327937828e-01
4.134155023327938938e-01
4.134155023327938383e-01
4.134155023327938938e-01
4.134155023327937828e-01
4.134155023327938938e-01
4.134155023327938383e-01
4.134155023327938938e-01
4.134155023327937828e-01
4.134155023327938938e-01
4.134155023327938383e-01
4.134155023327938938e-01
4.134155023327937828e-01
4.134155023327938938e-01
4.134155023327938383e-01
4.134155023327938938e-01
4.134155023327937828e-01
4.134155023327938938e-01
4.134155023327938383e-01
4.134155023327938938e-01
4.134155023327937828e-01
4.134155023327938938e-01
4.134155023327938383e-01
4.134155023327938938e-01
4.134155023327937828e-01
4.134155023327938938e-01
4.134155023327938383e-01
4.134155023327938938e-01
4.134155023327937828e-01
4.134155023327938938e-01
4.121778360232872807e-01
4.113722283108649513e-01
4.114458216555444414e-01
4.127599826078769407e-01
4.154534561665528813e-01
4.193138722650229799e-01
4.236887325863425424e-01
4.274887611963301137e-01
4.293456249440665840e-01
4.279646783027300505e-01
4.226171072413636987e-01
4.135816847467512769e-01
4.023003976662299364e-01
3.911547141004408923e-01
3.830032500304955678e-01
3.807408574137186585e-01
3.870295099812439688e-01
4.040961375885515072e-01
4.332162300886553963e-01
4.732264064603703413e-01
5.174656131417122440e-01
5.503081016385902302e-01
5.493007554569726558e-01
5.000931544457539735e-01
4.139026408724535422e-01
3.208887925397875818e-01
2.459713513997370260e-01
1.985140556801191503e-01
1.791449902064337907e-01
1.904467820721343907e-01
2.492726961333611713e-01
4.187784522109420093e-01
