8.895538987299972389e-02
6.796797183599566361e-02
5.814564605303739614e-02
5.328484838898621401e-02
4.981332958254842264e-02
4.679241958912105231e-02
4.447278309539206415e-02
4.288767602379645050e-02
4.174263133514202750e-02
4.080909949507899315e-02
4.002295554817722478e-02
3.936939053096441543e-02
3.882629897693219700e-02
3.837318409136998565e-02
3.799351421496079129e-02
3.767403933484197998e-02
3.740411486463733615e-02
3.717514636991109400e-02
3.698013845508437564e-02
3.681338801221072099e-02
3.667016257334841656e-02
3.654651134536480994e-02
3.643911361856946862e-02
3.634530145190140171e-02
3.626305257776414603e-02
3.619086269873136863e-02
3.612752265566426119e-02
3.607195241168547478e-02
3.602318700421218434e-02
3.598036629826915911e-02
3.594277373562863170e-02
3.590977465886517617e-02
3.588081458332904872e-02
3.588081458332904872e-02
3.588081458332904872e-02
3.588081458332904872e-02
3.588081458332904872e-02
3.588081458332904872e-02
3.588081458332904872e-02
3.588081458332904872e-02
3.588081458332904872e-02
3.588081458332904872e-02
3.588081458332904872e-02
3.588081458332904872e-02
3.588081458332904872e-02
3.588081458332904872e-02
3.588081458332904872e-02
3.588081458332904872e-02
3.588081458332904872e-02
3.588081458332904872e-02
3.588081458332904872e-02
3.588081458332904872e-02
3.588081458332904872e-02
3.588081458332904872e-02
3.588081458332904872e-02
3.588081458332904872e-02
3.588081458332904872e-02
3.588081458332904872e-02
3.588081458332904872e-02
3.588081458332904872e-02
3.588081458332904872e-02
3.588081458332904872e-02
3.588081458332904872e-02
3.588081458332904872e-02
3.588081458332904872e-02
3.588081458332904872e-02
3.588081458332904872e-02
3.588081458332904872e-02
3.588081458332904872e-02
3.588081458332904872e-02
3.588081458332904872e-02
3.588081458332904872e-02
3.588081458332904872e-02
3.588081458332904872e-02
3.588081458332904872e-02
3.588081458332904872e-02
3.588081458332904872e-02
3.588081458332904872e-02
3.588081458332904872e-02
3.588081458332904872e-02
3.588081458332904872e-02
3.588081458332904872e-02
3.588081458332904872e-02
3.588081458332904872e-02
3.588081458332904872e-02
3.588081458332904872e-02
3.588081458332904872e-02
3.588081458332904872e-02
3.588081458332904872e-02
3.588081458332904872e-02
3.588081458332904872e-02
3.588081458332904872e-02
3.588081458332904872e-02
3.588081458332904872e-02
3.588081458332904872e-02
3.588081458332904872e-02
3.590110630342772946e-02
3.592611195724755568e-02
3.595647493684193952e-02
3.599295256630959117e-02
3.603641841256128436e-02
3.608789860169158564e-02
3.614860288198991356e-02
3.621996168248471648e-02
3.630365039819923034e-02
3.640167598137197119e-02
3.651640845437164468e-02
3.665068523706652148e-02
3.680791675126318663e-02
3.699218069604312542e-02
3.720843116350665281e-02
3.746267719033824495e-02
3.776228727993714146e-02
3.811629638063198516e-02
3.853593580378033429e-02
3.903519978638794741e-02
3.963154305166198543e-02
4.034665376217624888e-02
4.120419330936105767e-02
4.222074847213835858e-02
4.346362764954560948e-02
4.516850593369892142e-02
4.764018684397835351e-02
5.085012414616215531e-02
5.454809928387480827e-02
5.971593473057729834e-02
7.008890383399635216e-02
9.221941040565932723e-02
