3.890608291978718269e-01
3.567142957716418761e-01
3.535331419876793224e-01
3.533209338692296919e-01
3.533244504806916098e-01
3.533281302059592677e-01
3.533287479241317142e-01
3.533288019632768728e-01
3.533288014666809973e-01
3.533288003991603143e-01
3.533288002011669704e-01
3.533288001825654612e-01
3.533288001827041280e-01
3.533288001830953706e-01
3.533288001831703662e-01
3.533288001831774716e-01
3.533288001831769720e-01
3.533288001831769165e-01
3.533288001831770275e-01
3.533288001831769720e-01
3.533288001831769720e-01
3.533288001831769720e-01
3.533288001831769720e-01
3.533288001831769720e-01
3.533288001831769720e-01
3.533288001831769720e-01
3.533288001831769720e-01
3.533288001831769720e-01
3.533288001831769720e-01
3.533288001831769720e-01
3.533288001831769720e-01
3.533288001831769720e-01
3.533288001831769720e-01
3.533288001831769720e-01
3.533288001831769720e-01
3.533288001831769720e-01
3.533288001831769720e-01
3.533288001831769720e-01
3.533288001831769720e-01
3.533288001831769720e-01
3.533288001831769720e-01
3.533288001831769720e-01
3.533288001831769720e-01
3.533288001831769720e-01
3.533288001831769720e-01
3.533288001831769720e-01
3.533288001831769720e-01
3.533288001831769720e-01
3.533288001831769720e-01
3.533288001831769720e-01
3.533288001831769720e-01
3.533288001831769720e-01
3.533288001831769720e-01
3.533288001831769720e-01
3.533288001831769720e-01
3.533288001831769720e-01
3.533288001831769720e-01
3.533288001831769720e-01
3.533288001831769720e-01
3.533288001831769720e-01
3.533288001831769720e-01
3.533288001831769720e-01
3.533288001831769720e-01
3.533288001831769720e-01
3.533288001831769720e-01
3.533288001831769720e-01
3.533288001831769720e-01
3.533288001831769720e-01
3.533288001831769720e-01
3.533288001831769720e-01
3.533288001831769720e-01
3.533288001831769720e-01
3.533288001831769720e-01
3.533288001831769720e-01
3.533288001831769720e-01
3.533288001831769720e-01
3.533288001831769720e-01
3.533288001831769720e-01
3.533288001831769720e-01
3.533288001831769720e-01
3.533288001831769720e-01
3.533288001831769720e-01
3.533288001831769720e-01
3.533288001831769720e-01
3.533288001831769720e-01
3.533288001831769720e-01
3.533288001831769720e-01
3.533288001831769720e-01
3.533288001831769720e-01
3.533288001831769720e-01
3.533288001831769720e-01
3.533288001831769720e-01
3.533288001831769720e-01
3.533288001831769720e-01
3.533288001831769720e-01
3.533288001831769720e-01
3.533288001831769720e-01
3.533288001831769720e-01
3.533288001831769720e-01
3.533288001831769720e-01
3.533288001831769720e-01
3.533288001831769720e-01
3.533288001831769720e-01
3.533288001831769720e-01
3.533288001831769720e-01
3.533288001831769720e-01
3.533288001831769720e-01
3.533288001831769720e-01
3.533288001831769720e-01
3.533288001831770275e-01
3.533288001831769165e-01
3.533288001831769720e-01
3.533288001831774716e-01
3.533288001831703662e-01
3.533288001830953706e-01
3.533288001827041280e-01
3.533288001825654612e-01
3.533288002011670259e-01
3.533288003991603143e-01
3.533288014666809973e-01
3.533288019632768728e-01
3.533287479241316587e-01
3.533281302059592677e-01
3.533244504806916098e-01
3.533209338692296919e-01
3.535331419876793224e-01
3.567142957716418761e-01
3.890608291978718269e-01
