4.047205651601862991e-02
3.469582697329217508e-02
3.040223513279973616e-02
2.726205959919342572e-02
2.499542977514545433e-02
2.337766757017760086e-02
2.223386068423194653e-02
2.143072932663125235e-02
2.086905933672718663e-02
2.047711145192316132e-02
2.020457182023304224e-02
2.001705830995770610e-02
1.989091932605635549e-02
1.980977887815556227e-02
1.976167559032410842e-02
1.973762255520396247e-02
1.973078161891047080e-02
1.973592810492897157e-02
1.974907998935765754e-02
1.976722596140775834e-02
1.978811907247071677e-02
1.981011249254921794e-02
1.983202633573554613e-02
1.985304248143563571e-02
1.987261765097407540e-02
1.989041656561105209e-02
1.990625976605612385e-02
1.992008398507362499e-02
1.993191348717399808e-02
1.994183536380223984e-02
1.994998077394558034e-02
1.995651116546300063e-02
1.996160487917714166e-02
1.996160487917714166e-02
1.996160487917714513e-02
1.996160487917714513e-02
1.996160487917714166e-02
1.996160487917714166e-02
1.996160487917714513e-02
1.996160487917714513e-02
1.996160487917714166e-02
1.996160487917714166e-02
1.996160487917714513e-02
1.996160487917714513e-02
1.996160487917714166e-02
1.996160487917714166e-02
1.996160487917714513e-02
1.996160487917714513e-02
1.996160487917714166e-02
1.996160487917714166e-02
1.996160487917714513e-02
1.996160487917714513e-02
1.996160487917714166e-02
1.996160487917714166e-02
1.996160487917714513e-02
1.996160487917714513e-02
1.996160487917714166e-02
1.996160487917714166e-02
1.996160487917714513e-02
1.996160487917714513e-02
1.996160487917714166e-02
1.996160487917714166e-02
1.996160487917714513e-02
1.996160487917714513e-02
1.996160487917714166e-02
1.996160487917714166e-02
1.996160487917714513e-02
1.996160487917714513e-02
1.996160487917714166e-02
1.996160487917714166e-02
1.996160487917714513e-02
1.996160487917714513e-02
1.996160487917714166e-02
1.996160487917714166e-02
1.996160487917714513e-02
1.996160487917714513e-02
1.996160487917714166e-02
1.996160487917714166e-02
1.996160487917714513e-02
1.996160487917714513e-02
1.996160487917714166e-02
1.996160487917714166e-02
1.996160487917714513e-02
1.996160487917714513e-02
1.996160487917714166e-02
1.996160487917714166e-02
1.996160487917714513e-02
1.996160487917714513e-02
1.996160487917714166e-02
1.996160487917714166e-02
1.996160487917714513e-02
1.996160487917714513e-02
1.996160487917714166e-02
1.996160487917714166e-02
1.996160487917714513e-02
1.996160487917714513e-02
1.995776083256944888e-02
1.995249872804747554e-02
1.994556153432663556e-02
1.993670255546358891e-02
1.992570334768272583e-02
1.991239337304537629e-02
1.989667895983082344e-02
1.987857337225073379e-02
1.985823805185565893e-02
1.983603407572839122e-02
1.981258055926945344e-02
1.978882743181132817e-02
1.976614019466232941e-02
1.974640658127214260e-02
1.973216173102136303e-02
1.972674465687447934e-02
1.973449898364888419e-02
1.976103747096069965e-02
1.981360907301796606e-02
1.990163275975186802e-02
2.003752713943071292e-02
2.023816380623884997e-02
2.052776850986232429e-02
2.094140200617310155e-02
2.153027068385677742e-02
2.236735277028470761e-02
2.355366958831974292e-02
2.522514226878229057e-02
2.756044767577706459e-02
3.078929691707027114e-02
3.519766006128826480e-02
4.112079798225028171e-02
