4.331361105014715496e-01
4.335120427877722782e-01
4.347702620473165580e-01
4.335907361402417393e-01
4.341971655988683954e-01
4.341876284670313502e-01
4.337383096189591503e-01
4.348138979302079155e-01
4.341224414672373300e-01
4.356460504298157455e-01
4.356883476654210829e-01
4.373147124596275526e-01
4.382827975203650306e-01
4.389312590769411382e-01
4.392360144939671529e-01
4.392473234261261017e-01
4.390299072970633154e-01
4.386585635356344826e-01
4.382067788675599318e-01
4.377378174761145102e-01
4.373019168059304462e-01
4.369318340495165209e-01
4.366471790632788230e-01
4.364518547712652463e-01
4.363533602155149071e-01
4.363473113258844460e-01
4.364161159149454461e-01
4.365369179887662598e-01
4.366862696914826092e-01
4.368426826647012207e-01
4.369887553232307265e-01
4.371119382945027332e-01
4.372052950474893951e-01
4.372052950474893951e-01
4.372052950474893951e-01
4.372052950474893951e-01
4.372052950474893951e-01
4.372052950474893951e-01
4.372052950474893951e-01
4.372052950474893951e-01
4.372052950474893951e-01
4.372052950474893951e-01
4.372052950474893951e-01
4.372052950474893951e-01
4.372052950474893951e-01
4.372052950474893951e-01
4.372052950474893951e-01
4.372052950474893951e-01
4.372052950474893951e-01
4.372052950474893951e-01
4.372052950474893951e-01
4.372052950474893951e-01
4.372052950474893951e-01
4.372052950474893951e-01
4.372052950474893951e-01
4.372052950474893951e-01
4.372052950474893951e-01
4.372052950474893951e-01
4.372052950474893951e-01
4.372052950474893951e-01
4.372052950474893951e-01
4.372052950474893951e-01
4.372052950474893951e-01
4.372052950474893951e-01
4.372052950474893951e-01
4.372052950474893951e-01
4.372052950474893951e-01
4.372052950474893951e-01
4.372052950474893951e-01
4.372052950474893951e-01
4.372052950474893951e-01
4.372052950474893951e-01
4.372052950474893951e-01
4.372052950474893951e-01
4.372052950474893951e-01
4.372052950474893951e-01
4.372052950474893951e-01
4.372052950474893951e-01
4.372052950474893951e-01
4.372052950474893951e-01
4.372052950474893951e-01
4.372052950474893951e-01
4.372052950474893951e-01
4.372052950474893951e-01
4.372052950474893951e-01
4.372052950474893951e-01
4.372052950474893951e-01
4.372052950474893951e-01
4.372052950474893951e-01
4.372052950474893951e-01
4.372052950474893951e-01
4.372052950474893951e-01
4.372052950474893951e-01
4.372052950474893951e-01
4.372052950474893951e-01
4.372052950474893951e-01
4.371572436819444185e-01
4.370840679625806469e-01
4.369882526516407628e-01
4.368771945416208280e-01
4.367643226082827956e-01
4.366682164814349454e-01
4.366109145044446138e-01
4.366161774308896515e-01
4.367062307662754606e-01
4.368980851150388589e-01
4.372000602795947377e-01
4.376068899867985307e-01
4.380976894207659900e-01
4.386317111927860446e-01
4.391508957316684891e-01
4.395788457827929374e-01
4.398298322660840753e-01
4.398168057106516815e-01
4.394663674188979408e-01
4.387267133504755834e-01
4.376278391658787181e-01
4.358816876046621713e-01
4.356389252427101400e-01
4.338412349547600688e-01
4.342858732444571657e-01
4.329657283616866192e-01
4.332897671139271933e-01
4.333019336594221560e-01
4.328587540310335213e-01
4.345370987471831592e-01
4.337543548673606364e-01
4.346496385102732174e-01
