2.340198061589200684e-01
1.786679919617357448e-01
1.554399538984825579e-01
1.442932813158631644e-01
1.400181134169745378e-01
1.398952663310341626e-01
1.423443566508378610e-01
1.461976031843464641e-01
1.503650360695181765e-01
1.541081205794762876e-01
1.566659690292731555e-01
1.581623078646262615e-01
1.587166899873480030e-01
1.585977809433758157e-01
1.580952658912812281e-01
1.574539682878842162e-01
1.568482244475756793e-01
1.563803164372374044e-01
1.560910195293487290e-01
1.559746890423548416e-01
1.559958993482187251e-01
1.561051717055008947e-01
1.562522565563286558e-01
1.563955675944896373e-01
1.565066594387146681e-01
1.565718162726019436e-01
1.565907784983386342e-01
1.565728038173888614e-01
1.565319595179247014e-01
1.564829075480929643e-01
1.564377940528699773e-01
1.564046017502782049e-01
1.563867159554757358e-01
1.563867159554757635e-01
1.563867159554757635e-01
1.563867159554757635e-01
1.563867159554757358e-01
1.563867159554757635e-01
1.563867159554757635e-01
1.563867159554757635e-01
1.563867159554757358e-01
1.563867159554757635e-01
1.563867159554757635e-01
1.563867159554757635e-01
1.563867159554757358e-01
1.563867159554757635e-01
1.563867159554757635e-01
1.563867159554757635e-01
1.563867159554757358e-01
1.563867159554757635e-01
1.563867159554757635e-01
1.563867159554757635e-01
1.563867159554757358e-01
1.563867159554757635e-01
1.563867159554757635e-01
1.563867159554757635e-01
1.563867159554757358e-01
1.563867159554757635e-01
1.563867159554757635e-01
1.563867159554757635e-01
1.563867159554757358e-01
1.563867159554757635e-01
1.563867159554757635e-01
1.563867159554757635e-01
1.563867159554757358e-01
1.563867159554757635e-01
1.563867159554757635e-01
1.563867159554757635e-01
1.563867159554757358e-01
1.563867159554757635e-01
1.563867159554757635e-01
1.563867159554757635e-01
1.563867159554757358e-01
1.563867159554757635e-01
1.563867159554757635e-01
1.563867159554757635e-01
1.563867159554757358e-01
1.563867159554757635e-01
1.563867159554757635e-01
1.563867159554757635e-01
1.563867159554757358e-01
1.563867159554757635e-01
1.563867159554757635e-01
1.563867159554757635e-01
1.563867159554757358e-01
1.563867159554757635e-01
1.563867159554757635e-01
1.563867159554757635e-01
1.563867159554757358e-01
1.563867159554757635e-01
1.563867159554757635e-01
1.563867159554757635e-01
1.563867159554757358e-01
1.563867159554757635e-01
1.563867159554757635e-01
1.563867159554757635e-01
1.563994679068263782e-01
1.564249402579444281e-01
1.564617404095271502e-01
1.565038296170840615e-01
1.565403697474787026e-01
1.565569429279434766e-01
1.565384687991112633e-01
1.564736444193375042e-01
1.563603362646844852e-01
1.562106964534708264e-01
1.560542346831831073e-01
1.559370249455885871e-01
1.559156908895959204e-01
1.560461393731418234e-01
1.563681076111278212e-01
1.568875000673802533e-01
1.575585038319099185e-01
1.582676527121948118e-01
1.588236285107547108e-01
1.589602418895047498e-01
1.583662392122009988e-01
1.567589118693779593e-01
1.540220215115476465e-01
1.500611245622055501e-01
1.456861966956639332e-01
1.416827769563639983e-01
1.391738017477996969e-01
1.393355780836083024e-01
1.437409628382224080e-01
1.551067060196350544e-01
1.786156290640356914e-01
2.343582833973030799e-01
