1.450772060869210678e-01
1.094951829299406765e-01
9.150253217126112781e-02
8.152157450610464373e-02
7.573079696209578104e-02
7.233036182778943002e-02
7.036622013419814581e-02
6.928724981373828029e-02
6.875546582641908766e-02
6.855585030127063495e-02
6.854939303112146665e-02
6.864643203840133101e-02
6.879026362517969007e-02
6.894639468977278862e-02
6.909518557787636128e-02
6.922671090878992906e-02
6.933716666733456824e-02
6.942639339926663655e-02
6.949621228291641417e-02
6.954934772164436674e-02
6.958876424059090571e-02
6.961728754256353568e-02
6.963741340574304550e-02
6.965123511945527091e-02
6.966044118434773502e-02
6.966635086002403998e-02
6.966996670324346330e-02
6.967203138355677894e-02
6.967308159917338928e-02
6.967349553367283010e-02
6.967353254933597584e-02
6.967336513247349150e-02
6.967310380616320575e-02
6.967281603227534759e-02
6.967254019407959076e-02
6.967229568798999351e-02
6.967209002586621791e-02
6.967192369957588005e-02
6.967179341146592653e-02
6.967169414070678579e-02
6.967162040159191605e-02
6.967156695688614398e-02
6.967152917589609917e-02
6.967150317060134823e-02
6.967148580106476141e-02
6.967147461061613811e-02
6.967146772943651201e-02
6.967146377001065538e-02
6.967146172770252721e-02
6.967146089306178181e-02
6.967146077832445106e-02
6.967146105813666612e-02
6.967146152322994945e-02
6.967146204519550357e-02
6.967146255036509028e-02
6.967146300090916455e-02
6.967146338148989815e-02
6.967146369007666540e-02
6.967146393180320696e-02
6.967146411498820191e-02
6.967146424865375276e-02
6.967146434104602715e-02
6.967146439880220199e-02
6.967146442651264704e-02
6.967146442651264704e-02
6.967146439880221587e-02
6.967146434104604102e-02
6.967146424865375276e-02
6.967146411498824354e-02
6.967146393180320696e-02
6.967146369007666540e-02
6.967146338148989815e-02
6.967146300090916455e-02
6.967146255036507640e-02
6.967146204519550357e-02
6.967146152322994945e-02
6.967146105813666612e-02
6.967146077832445106e-02
6.967146089306178181e-02
6.967146172770252721e-02
6.967146377001065538e-02
6.967146772943651201e-02
6.967147461061613811e-02
6.967148580106476141e-02
6.967150317060134823e-02
6.967152917589608530e-02
6.967156695688614398e-02
6.967162040159191605e-02
6.967169414070678579e-02
6.967179341146592653e-02
6.967192369957588005e-02
6.967209002586621791e-02
6.967229568798997963e-02
6.967254019407959076e-02
6.967281603227534759e-02
6.967310380616320575e-02
6.967336513247349150e-02
6.967353254933597584e-02
6.967349553367283010e-02
6.967308159917338928e-02
6.967203138355676506e-02
6.966996670324344942e-02
6.966635086002403998e-02
6.966044118434773502e-02
6.965123511945525703e-02
6.963741340574304550e-02
6.961728754256353568e-02
6.958876424059090571e-02
6.954934772164436674e-02
6.949621228291641417e-02
6.942639339926663655e-02
6.933716666733456824e-02
6.922671090878992906e-02
6.909518557787636128e-02
6.894639468977278862e-02
6.879026362517966231e-02
6.864643203840131713e-02
6.854939303112146665e-02
6.855585030127063495e-02
6.875546582641914317e-02
6.928724981373825254e-02
7.036622013419814581e-02
7.233036182778941614e-02
7.573079696209575329e-02
8.152157450610464373e-02
9.150253217126112781e-02
1.094951829299406626e-01
1.450772060869210400e-01
