4.058928321177138199e-01
3.849799597928688644e-01
3.833768429572900760e-01
3.832500811339236702e-01
3.832401127501439131e-01
3.832393356138629747e-01
3.832392755905557058e-01
3.832392710003105774e-01
3.832392706530006188e-01
3.832392706270270066e-01
3.832392706251096515e-01
3.832392706249699299e-01
3.832392706249597158e-01
3.832392706249592162e-01
3.832392706249591052e-01
3.832392706249591052e-01
3.832392706249591052e-01
3.832392706249591052e-01
3.832392706249591052e-01
3.832392706249591052e-01
3.832392706249591052e-01
3.832392706249591052e-01
3.832392706249591052e-01
3.832392706249591052e-01
3.832392706249591052e-01
3.832392706249591052e-01
3.832392706249591052e-01
3.832392706249591052e-01
3.832392706249591052e-01
3.832392706249591052e-01
3.832392706249591052e-01
3.832392706249591052e-01
3.832392706249591052e-01
3.832392706249591052e-01
3.832392706249591052e-01
3.832392706249591052e-01
3.832392706249591052e-01
3.832392706249591052e-01
3.832392706249591052e-01
3.832392706249591052e-01
3.832392706249591052e-01
3.832392706249591052e-01
3.832392706249591052e-01
3.832392706249591052e-01
3.832392706249591052e-01
3.832392706249591052e-01
3.832392706249591052e-01
3.832392706249591052e-01
3.832392706249591052e-01
3.832392706249591052e-01
3.832392706249591052e-01
3.832392706249591052e-01
3.832392706249591052e-01
3.832392706249591052e-01
3.832392706249591052e-01
3.832392706249591052e-01
3.832392706249591052e-01
3.832392706249591052e-01
3.832392706249591052e-01
3.832392706249591052e-01
3.832392706249591052e-01
3.832392706249591052e-01
3.832392706249591052e-01
3.832392706249591052e-01
3.832392706249591052e-01
3.832392706249591052e-01
3.832392706249591052e-01
3.832392706249591052e-01
3.832392706249591052e-01
3.832392706249591052e-01
3.832392706249591052e-01
3.832392706249591052e-01
3.832392706249591052e-01
3.832392706249591052e-01
3.832392706249591052e-01
3.832392706249591052e-01
3.832392706249591052e-01
3.832392706249591052e-01
3.832392706249591052e-01
3.832392706249591052e-01
3.832392706249591052e-01
3.832392706249591052e-01
3.832392706249591052e-01
3.832392706249591052e-01
3.832392706249591052e-01
3.832392706249591052e-01
3.832392706249591052e-01
3.832392706249591052e-01
3.832392706249591052e-01
3.832392706249591052e-01
3.832392706249591052e-01
3.832392706249591052e-01
3.832392706249591052e-01
3.832392706249591052e-01
3.832392706249591052e-01
3.832392706249591052e-01
3.832392706249591052e-01
3.832392706249591052e-01
3.832392706249591052e-01
3.832392706249591052e-01
3.832392706249591052e-01
3.832392706249591052e-01
3.832392706249591052e-01
3.832392706249591052e-01
3.832392706249591052e-01
3.832392706249591052e-01
3.832392706249591052e-01
3.832392706249591052e-01
3.832392706249591052e-01
3.832392706249591052e-01
3.832392706249591052e-01
3.832392706249591052e-01
3.832392706249591052e-01
3.832392706249591052e-01
3.832392706249592162e-01
3.832392706249597158e-01
3.832392706249699299e-01
3.832392706251096515e-01
3.832392706270270066e-01
3.832392706530006188e-01
3.832392710003105774e-01
3.832392755905557058e-01
3.832393356138629747e-01
3.832401127501439131e-01
3.832500811339236702e-01
3.833768429572900760e-01
3.849799597928688644e-01
4.058928321177138199e-01
