2.034633466190274159e-02
1.883051445748444575e-02
1.876865214071696958e-02
1.876598520395139635e-02
1.876586996741241853e-02
1.876586498763217065e-02
1.876586477243745096e-02
1.876586476313809454e-02
1.876586476273623891e-02
1.876586476271887433e-02
1.876586476271812146e-02
1.876586476271809370e-02
1.876586476271809023e-02
1.876586476271808676e-02
1.876586476271808676e-02
1.876586476271809023e-02
1.876586476271809023e-02
1.876586476271808676e-02
1.876586476271808676e-02
1.876586476271809023e-02
1.876586476271809023e-02
1.876586476271808676e-02
1.876586476271808676e-02
1.876586476271809023e-02
1.876586476271809023e-02
1.876586476271808676e-02
1.876586476271808676e-02
1.876586476271809023e-02
1.876586476271809023e-02
1.876586476271808676e-02
1.876586476271808676e-02
1.876586476271809023e-02
1.876586476271809023e-02
1.876586476271808676e-02
1.876586476271808676e-02
1.876586476271809023e-02
1.876586476271809023e-02
1.876586476271808676e-02
1.876586476271808676e-02
1.876586476271809023e-02
1.876586476271809023e-02
1.876586476271808676e-02
1.876586476271808676e-02
1.876586476271809023e-02
1.876586476271809023e-02
1.876586476271808676e-02
1.876586476271808676e-02
1.876586476271809023e-02
1.876586476271809023e-02
1.876586476271808676e-02
1.876586476271808676e-02
1.876586476271809023e-02
1.876586476271809023e-02
1.876586476271808676e-02
1.876586476271808676e-02
1.876586476271809023e-02
1.876586476271809023e-02
1.876586476271808676e-02
1.876586476271808676e-02
1.876586476271809023e-02
1.876586476271809023e-02
1.876586476271808676e-02
1.876586476271808676e-02
1.876586476271809023e-02
1.876586476271809023e-02
1.876586476271808676e-02
1.876586476271808676e-02
1.876586476271809023e-02
1.876586476271809023e-02
1.876586476271808676e-02
1.876586476271808676e-02
1.876586476271809023e-02
1.876586476271809023e-02
1.876586476271808676e-02
1.876586476271808676e-02
1.876586476271809023e-02
1.876586476271809023e-02
1.876586476271808676e-02
1.876586476271808676e-02
1.876586476271809023e-02
1.876586476271809023e-02
1.876586476271808676e-02
1.876586476271808676e-02
1.876586476271809023e-02
1.876586476271809023e-02
1.876586476271808676e-02
1.876586476271808676e-02
1.876586476271809023e-02
1.876586476271809023e-02
1.876586476271808676e-02
1.876586476271808676e-02
1.876586476271809023e-02
1.876586476271809023e-02
1.876586476271808676e-02
1.876586476271808676e-02
1.876586476271809023e-02
1.876586476271809023e-02
1.876586476271808676e-02
1.876586476271808676e-02
1.876586476271809023e-02
1.876586476271809023e-02
1.876586476271808676e-02
1.876586476271808676e-02
1.876586476271809023e-02
1.876586476271809023e-02
1.876586476271808676e-02
1.876586476271808676e-02
1.876586476271809023e-02
1.876586476271809023e-02
1.876586476271808676e-02
1.876586476271808676e-02
1.876586476271809023e-02
1.876586476271809023e-02
1.876586476271808676e-02
1.876586476271808676e-02
1.876586476271809023e-02
1.876586476271809370e-02
1.876586476271812146e-02
1.876586476271887433e-02
1.876586476273623891e-02
1.876586476313809454e-02
1.876586477243745096e-02
1.876586498763217065e-02
1.876586996741241853e-02
1.876598520395139635e-02
1.876865214071696958e-02
1.883051445748444575e-02
2.034633466190274159e-02
