8.516995338389121706e-02
6.362627093369137288e-02
5.143428874693711100e-02
4.464254421751923108e-02
4.086447407200907017e-02
3.867673022651647169e-02
3.727163884917964604e-02
3.625431968891690976e-02
3.547296449326267642e-02
3.487721821890510387e-02
3.443769424883903751e-02
3.412395209017120290e-02
3.390673483852128800e-02
3.376304193402140247e-02
3.367488411983302760e-02
3.362808755290243312e-02
3.361149675424833505e-02
3.361636849165675067e-02
3.363590861734634674e-02
3.366490840358306313e-02
3.369944502871954906e-02
3.373662646651048175e-02
3.377436255428396816e-02
3.381116420493400498e-02
3.384597692845468103e-02
3.387806964567676576e-02
3.390696908126065306e-02
3.393241548823289211e-02
3.395434042184974910e-02
3.397282916486264737e-02
3.398807756664210672e-02
3.400036298763085135e-02
3.401000208747916032e-02
3.401000208747916032e-02
3.401000208747916032e-02
3.401000208747916032e-02
3.401000208747916032e-02
3.401000208747916032e-02
3.401000208747916032e-02
3.401000208747916032e-02
3.401000208747916032e-02
3.401000208747916032e-02
3.401000208747916032e-02
3.401000208747916032e-02
3.401000208747916032e-02
3.401000208747916032e-02
3.401000208747916032e-02
3.401000208747916032e-02
3.401000208747916032e-02
3.401000208747916032e-02
3.401000208747916032e-02
3.401000208747916032e-02
3.401000208747916032e-02
3.401000208747916032e-02
3.401000208747916032e-02
3.401000208747916032e-02
3.401000208747916032e-02
3.401000208747916032e-02
3.401000208747916032e-02
3.401000208747916032e-02
3.401000208747916032e-02
3.401000208747916032e-02
3.401000208747916032e-02
3.401000208747916032e-02
3.401000208747916032e-02
3.401000208747916032e-02
3.401000208747916032e-02
3.401000208747916032e-02
3.401000208747916032e-02
3.401000208747916032e-02
3.401000208747916032e-02
3.401000208747916032e-02
3.401000208747916032e-02
3.401000208747916032e-02
3.401000208747916032e-02
3.401000208747916032e-02
3.401000208747916032e-02
3.401000208747916032e-02
3.401000208747916032e-02
3.401000208747916032e-02
3.401000208747916032e-02
3.401000208747916032e-02
3.401000208747916032e-02
3.401000208747916032e-02
3.401000208747916032e-02
3.401000208747916032e-02
3.401000208747916032e-02
3.401000208747916032e-02
3.401000208747916032e-02
3.401000208747916032e-02
3.401000208747916032e-02
3.401000208747916032e-02
3.401000208747916032e-02
3.401000208747916032e-02
3.401000208747916032e-02
3.401000208747916032e-02
3.400327929112904879e-02
3.399399642855079756e-02
3.398170077574390324e-02
3.396596938409814082e-02
3.394643914119454403e-02
3.392284906824571261e-02
3.389507497115890750e-02
3.386320540860286027e-02
3.382760242361860376e-02
3.378899232639918926e-02
3.374857395860605958e-02
3.370813596999110845e-02
3.367020700127833222e-02
3.363822711238838997e-02
3.361674855016158481e-02
3.361167800912592124e-02
3.363057163880909389e-02
3.368300056555671024e-02
3.378102074687074768e-02
3.393978663195762469e-02
3.417836698537236179e-02
3.452098193374566332e-02
3.499835990503252087e-02
3.564265950980874398e-02
3.648545303608971557e-02
3.758023160329796580e-02
3.908428702916481173e-02
4.140383198780819840e-02
4.537071238125156558e-02
5.245811861277516197e-02
6.515091028047494126e-02
8.758360396232300893e-02
