3.283691334329489897e-01
2.071549966653528640e-01
1.640097092800507084e-01
1.560394274624523070e-01
1.683535670984886989e-01
1.938010892792463302e-01
2.260724464651447663e-01
2.580614101176752495e-01
2.828240350735732878e-01
2.956240175468950460e-01
2.958817821915850077e-01
2.871095033594218693e-01
2.744570583009366405e-01
2.621569054691147427e-01
2.526441807831439346e-01
2.468299912218737679e-01
2.446392305749115204e-01
2.454317017817101709e-01
2.482687916115861870e-01
2.521004851395431401e-01
2.559318180569439827e-01
2.589798029817662606e-01
2.607877682287786936e-01
2.612605462918645705e-01
2.606105328178279779e-01
2.592397350137642387e-01
2.576050192817740947e-01
2.561055400225828449e-01
2.550151656204865946e-01
2.544591587001440725e-01
2.544264730033360400e-01
2.548044886705225776e-01
2.554239111284566377e-01
2.554239111284566932e-01
2.554239111284566377e-01
2.554239111284566932e-01
2.554239111284566377e-01
2.554239111284566932e-01
2.554239111284566377e-01
2.554239111284566932e-01
2.554239111284566377e-01
2.554239111284566932e-01
2.554239111284566377e-01
2.554239111284566932e-01
2.554239111284566377e-01
2.554239111284566932e-01
2.554239111284566377e-01
2.554239111284566932e-01
2.554239111284566377e-01
2.554239111284566932e-01
2.554239111284566377e-01
2.554239111284566932e-01
2.554239111284566377e-01
2.554239111284566932e-01
2.554239111284566377e-01
2.554239111284566932e-01
2.554239111284566377e-01
2.554239111284566932e-01
2.554239111284566377e-01
2.554239111284566932e-01
2.554239111284566377e-01
2.554239111284566932e-01
2.554239111284566377e-01
2.554239111284566932e-01
2.554239111284566377e-01
2.554239111284566932e-01
2.554239111284566377e-01
2.554239111284566932e-01
2.554239111284566377e-01
2.554239111284566932e-01
2.554239111284566377e-01
2.554239111284566932e-01
2.554239111284566377e-01
2.554239111284566932e-01
2.554239111284566377e-01
2.554239111284566932e-01
2.554239111284566377e-01
2.554239111284566932e-01
2.554239111284566377e-01
2.554239111284566932e-01
2.554239111284566377e-01
2.554239111284566932e-01
2.554239111284566377e-01
2.554239111284566932e-01
2.554239111284566377e-01
2.554239111284566932e-01
2.554239111284566377e-01
2.554239111284566932e-01
2.554239111284566377e-01
2.554239111284566932e-01
2.554239111284566377e-01
2.554239111284566932e-01
2.554239111284566377e-01
2.554239111284566932e-01
2.554239111284566377e-01
2.554239111284566932e-01
2.549754805937111124e-01
2.546809568738465090e-01
2.547080120558374294e-01
2.551920969963552555e-01
2.561830427171462587e-01
2.575976328867394249e-01
2.591914196347308574e-01
2.605671436217006920e-01
2.612361905952794161e-01
2.607391868474662755e-01
2.588069439762965551e-01
2.555108955346510058e-01
2.513378305703266591e-01
2.471506245552457237e-01
2.440484249595408772e-01
2.431827138578506187e-01
2.455727559743953459e-01
2.519105102209943658e-01
2.622791209643585142e-01
2.756930195873267264e-01
2.894953257081118170e-01
2.990532836121508886e-01
2.987736028899444229e-01
2.850015884828322466e-01
2.587026722810685797e-01
2.252807048101611587e-01
1.921325117008071681e-01
1.663736755644993626e-01
1.540399970973108656e-01
1.619699055111037678e-01
2.047107085280946981e-01
3.242327393837902139e-01
