8.993248353554117447e-01
8.994426899219403193e-01
8.999048026776405029e-01
8.993101064253128385e-01
8.998880157061113216e-01
8.992570468306440024e-01
8.996971007110914353e-01
8.991483660166741387e-01
8.994035528707282623e-01
8.989272413748741197e-01
8.989147370074017651e-01
8.984124458429187943e-01
8.980643548639719587e-01
8.977470724173446381e-01
8.974702021327087831e-01
8.972259119365305624e-01
8.970114230105741271e-01
8.968232606397990025e-01
8.966583092372601982e-01
8.965133705018522026e-01
8.963857808783401993e-01
8.962724387174122453e-01
8.961706868616386990e-01
8.960758390664429474e-01
8.959880699744158239e-01
8.959090540396044133e-01
8.958386109813774034e-01
8.957762083198250735e-01
8.957210493290765907e-01
8.956724260302317830e-01
8.956296308712663468e-01
8.955920449106108405e-01
8.955589612837836500e-01
8.955589612837835389e-01
8.955589612837835389e-01
8.955589612837836500e-01
8.955589612837836500e-01
8.955589612837835389e-01
8.955589612837835389e-01
8.955589612837836500e-01
8.955589612837836500e-01
8.955589612837835389e-01
8.955589612837835389e-01
8.955589612837836500e-01
8.955589612837836500e-01
8.955589612837835389e-01
8.955589612837835389e-01
8.955589612837836500e-01
8.955589612837836500e-01
8.955589612837835389e-01
8.955589612837835389e-01
8.955589612837836500e-01
8.955589612837836500e-01
8.955589612837835389e-01
8.955589612837835389e-01
8.955589612837836500e-01
8.955589612837836500e-01
8.955589612837835389e-01
8.955589612837835389e-01
8.955589612837836500e-01
8.955589612837836500e-01
8.955589612837835389e-01
8.955589612837835389e-01
8.955589612837836500e-01
8.955589612837836500e-01
8.955589612837835389e-01
8.955589612837835389e-01
8.955589612837836500e-01
8.955589612837836500e-01
8.955589612837835389e-01
8.955589612837835389e-01
8.955589612837836500e-01
8.955589612837836500e-01
8.955589612837835389e-01
8.955589612837835389e-01
8.955589612837836500e-01
8.955589612837836500e-01
8.955589612837835389e-01
8.955589612837835389e-01
8.955589612837836500e-01
8.955589612837836500e-01
8.955589612837835389e-01
8.955589612837835389e-01
8.955589612837836500e-01
8.955589612837836500e-01
8.955589612837835389e-01
8.955589612837835389e-01
8.955589612837836500e-01
8.955589612837836500e-01
8.955589612837835389e-01
8.955589612837835389e-01
8.955589612837836500e-01
8.955589612837836500e-01
8.955589612837835389e-01
8.955589612837835389e-01
8.955589612837836500e-01
8.955759881273532841e-01
8.955983095463471155e-01
8.956263674934916708e-01
8.956608688710214761e-01
8.957025209260711662e-01
8.957521195805271397e-01
8.958107260761530855e-01
8.958794023734863998e-01
8.959595644246185486e-01
8.960526297435096321e-01
8.961604590671732318e-01
8.962849133761112697e-01
8.964283883242429862e-01
8.965931941910356695e-01
8.967824407630543559e-01
8.969988899447376429e-01
8.972460178643995032e-01
8.975268655638359849e-01
8.978446641111375026e-01
8.982060188009937107e-01
8.986007153564357086e-01
8.991396892672141039e-01
8.992114602394110090e-01
8.997739991358478795e-01
8.996095741545064861e-01
9.002851032061442993e-01
8.999665288218829939e-01
9.007748879505445005e-01
9.003507728870671079e-01
9.011997951045255251e-01
9.009117520227757359e-01
9.011922326206975864e-01
