9.205502481353992905e-02
7.078349898672231522e-02
6.146052727187480136e-02
5.652958569882832185e-02
5.250177948357937635e-02
4.926080634295002675e-02
4.706576673842134684e-02
4.548492848570337421e-02
4.414349654116924565e-02
4.300936491756811308e-02
4.209805175414707556e-02
4.136384617452398132e-02
4.076186510841577071e-02
4.026361623893731645e-02
3.984838883375847046e-02
3.950038403168034534e-02
3.920727622097235077e-02
3.895927814766372843e-02
3.874851335261666335e-02
3.856861497989191867e-02
3.841437443796628937e-02
3.828145218791216553e-02
3.816621077681853214e-02
3.806570615644923328e-02
3.797772558877238191e-02
3.790064126204005512e-02
3.783310599733636509e-02
3.777392895088634017e-02
3.772203446092770723e-02
3.767652232998380812e-02
3.763660044598943211e-02
3.760157328523884568e-02
3.757083992459398641e-02
3.757083992459399335e-02
3.757083992459399335e-02
3.757083992459399335e-02
3.757083992459398641e-02
3.757083992459399335e-02
3.757083992459399335e-02
3.757083992459399335e-02
3.757083992459398641e-02
3.757083992459399335e-02
3.757083992459399335e-02
3.757083992459399335e-02
3.757083992459398641e-02
3.757083992459399335e-02
3.757083992459399335e-02
3.757083992459399335e-02
3.757083992459398641e-02
3.757083992459399335e-02
3.757083992459399335e-02
3.757083992459399335e-02
3.757083992459398641e-02
3.757083992459399335e-02
3.757083992459399335e-02
3.757083992459399335e-02
3.757083992459398641e-02
3.757083992459399335e-02
3.757083992459399335e-02
3.757083992459399335e-02
3.757083992459398641e-02
3.757083992459399335e-02
3.757083992459399335e-02
3.757083992459399335e-02
3.757083992459398641e-02
3.757083992459399335e-02
3.757083992459399335e-02
3.757083992459399335e-02
3.757083992459398641e-02
3.757083992459399335e-02
3.757083992459399335e-02
3.757083992459399335e-02
3.757083992459398641e-02
3.757083992459399335e-02
3.757083992459399335e-02
3.757083992459399335e-02
3.757083992459398641e-02
3.757083992459399335e-02
3.757083992459399335e-02
3.757083992459399335e-02
3.757083992459398641e-02
3.757083992459399335e-02
3.757083992459399335e-02
3.757083992459399335e-02
3.757083992459398641e-02
3.757083992459399335e-02
3.757083992459399335e-02
3.757083992459399335e-02
3.757083992459398641e-02
3.757083992459399335e-02
3.757083992459399335e-02
3.757083992459399335e-02
3.757083992459398641e-02
3.757083992459399335e-02
3.757083992459399335e-02
3.757083992459399335e-02
3.759274459416041270e-02
3.761964629759231155e-02
3.765224983464764141e-02
3.769137300307114080e-02
3.773795795484637117e-02
3.779311886672012677e-02
3.785815613983625760e-02
3.793461740007283978e-02
3.802432104619156428e-02
3.812943176247815535e-02
3.825254198380202697e-02
3.839674433844499080e-02
3.856575162444064730e-02
3.876405926167791893e-02
3.899712233026144531e-02
3.927163045406534964e-02
3.959582427096419721e-02
3.997997802473859247e-02
4.043703079277749524e-02
4.098357355131375390e-02
4.164130233844735157e-02
4.244000131851334567e-02
4.342640919220788764e-02
4.464845573853995497e-02
4.609248828734423264e-02
4.779420740855416100e-02
5.014053051414561757e-02
5.357931552720632262e-02
5.785187318746177337e-02
6.309050662177739799e-02
7.293875778775636698e-02
9.535324853480028895e-02
