3.960811479862805795e-01
3.687448960298065348e-01
3.658878200970281380e-01
3.655729990981685940e-01
3.655381100126823268e-01
3.655342410897008953e-01
3.655338120270548163e-01
3.655337644437801625e-01
3.655337591667699448e-01
3.655337585815471302e-01
3.655337585166457681e-01
3.655337585094481923e-01
3.655337585086499974e-01
3.655337585085615126e-01
3.655337585085516316e-01
3.655337585085505214e-01
3.655337585085504104e-01
3.655337585085504104e-01
3.655337585085504104e-01
3.655337585085504104e-01
3.655337585085504104e-01
3.655337585085504104e-01
3.655337585085504104e-01
3.655337585085504104e-01
3.655337585085504104e-01
3.655337585085504104e-01
3.655337585085504104e-01
3.655337585085504104e-01
3.655337585085504104e-01
3.655337585085504104e-01
3.655337585085504104e-01
3.655337585085504104e-01
3.655337585085504104e-01
3.655337585085504104e-01
3.655337585085504104e-01
3.655337585085504104e-01
3.655337585085504104e-01
3.655337585085504104e-01
3.655337585085504104e-01
3.655337585085504104e-01
3.655337585085504104e-01
3.655337585085504104e-01
3.655337585085504104e-01
3.655337585085504104e-01
3.655337585085504104e-01
3.655337585085504104e-01
3.655337585085504104e-01
3.655337585085504104e-01
3.655337585085504104e-01
3.655337585085504104e-01
3.655337585085504104e-01
3.655337585085504104e-01
3.655337585085504104e-01
3.655337585085504104e-01
3.655337585085504104e-01
3.655337585085504104e-01
3.655337585085504104e-01
3.655337585085504104e-01
3.655337585085504104e-01
3.655337585085504104e-01
3.655337585085504104e-01
3.655337585085504104e-01
3.655337585085504104e-01
3.655337585085504104e-01
3.655337585085504104e-01
3.655337585085504104e-01
3.655337585085504104e-01
3.655337585085504104e-01
3.655337585085504104e-01
3.655337585085504104e-01
3.655337585085504104e-01
3.655337585085504104e-01
3.655337585085504104e-01
3.655337585085504104e-01
3.655337585085504104e-01
3.655337585085504104e-01
3.655337585085504104e-01
3.655337585085504104e-01
3.655337585085504104e-01
3.655337585085504104e-01
3.655337585085504104e-01
3.655337585085504104e-01
3.655337585085504104e-01
3.655337585085504104e-01
3.655337585085504104e-01
3.655337585085504104e-01
3.655337585085504104e-01
3.655337585085504104e-01
3.655337585085504104e-01
3.655337585085504104e-01
3.655337585085504104e-01
3.655337585085504104e-01
3.655337585085504104e-01
3.655337585085504104e-01
3.655337585085504104e-01
3.655337585085504104e-01
3.655337585085504104e-01
3.655337585085504104e-01
3.655337585085504104e-01
3.655337585085504104e-01
3.655337585085504104e-01
3.655337585085504104e-01
3.655337585085504104e-01
3.655337585085504104e-01
3.655337585085504104e-01
3.655337585085504104e-01
3.655337585085504104e-01
3.655337585085504104e-01
3.655337585085504104e-01
3.655337585085504104e-01
3.655337585085504104e-01
3.655337585085504104e-01
3.655337585085505214e-01
3.655337585085515761e-01
3.655337585085614016e-01
3.655337585086499419e-01
3.655337585094481367e-01
3.655337585166457126e-01
3.655337585815471302e-01
3.655337591667699448e-01
3.655337644437801070e-01
3.655338120270548163e-01
3.655342410897008953e-01
3.655381100126823823e-01
3.655729990981685384e-01
3.658878200970281380e-01
3.687448960298064793e-01
3.960811479862805795e-01
