8.774884307027673407e-04
5.528584523345758672e-04
4.227655702819975913e-04
3.635167498098430469e-04
3.233001397909904132e-04
2.897420904718990206e-04
2.648937233385016579e-04
2.483787015840461208e-04
2.366859104140977220e-04
2.273015070596928560e-04
2.195029858749751898e-04
2.130926035580495257e-04
2.078165076209960362e-04
2.034499230316586980e-04
1.998160174334119587e-04
1.967759191589322338e-04
1.942199246457082583e-04
1.920608575167007147e-04
1.902285946525324786e-04
1.886666804137468153e-04
1.873286394065573298e-04
1.861761205821722050e-04
1.851771078264194165e-04
1.843059655888670064e-04
1.835433572647479378e-04
1.828749148863779983e-04
1.822891159954568132e-04
1.817757175439482635e-04
1.813255974920309791e-04
1.809306600045141938e-04
1.805841829507190454e-04
1.802802289418408018e-04
1.800136223701820283e-04
1.800136223701820012e-04
1.800136223701819741e-04
1.800136223701820283e-04
1.800136223701820283e-04
1.800136223701820012e-04
1.800136223701819741e-04
1.800136223701820283e-04
1.800136223701820283e-04
1.800136223701820012e-04
1.800136223701819741e-04
1.800136223701820283e-04
1.800136223701820283e-04
1.800136223701820012e-04
1.800136223701819741e-04
1.800136223701820283e-04
1.800136223701820283e-04
1.800136223701820012e-04
1.800136223701819741e-04
1.800136223701820283e-04
1.800136223701820283e-04
1.800136223701820012e-04
1.800136223701819741e-04
1.800136223701820283e-04
1.800136223701820283e-04
1.800136223701820012e-04
1.800136223701819741e-04
1.800136223701820283e-04
1.800136223701820283e-04
1.800136223701820012e-04
1.800136223701819741e-04
1.800136223701820283e-04
1.800136223701820283e-04
1.800136223701820012e-04
1.800136223701819741e-04
1.800136223701820283e-04
1.800136223701820283e-04
1.800136223701820012e-04
1.800136223701819741e-04
1.800136223701820283e-04
1.800136223701820283e-04
1.800136223701820012e-04
1.800136223701819741e-04
1.800136223701820283e-04
1.800136223701820283e-04
1.800136223701820012e-04
1.800136223701819741e-04
1.800136223701820283e-04
1.800136223701820283e-04
1.800136223701820012e-04
1.800136223701819741e-04
1.800136223701820283e-04
1.800136223701820283e-04
1.800136223701820012e-04
1.800136223701819741e-04
1.800136223701820283e-04
1.800136223701820283e-04
1.800136223701820012e-04
1.800136223701819741e-04
1.800136223701820283e-04
1.800136223701820283e-04
1.800136223701820012e-04
1.800136223701819741e-04
1.800136223701820283e-04
1.802004138625221770e-04
1.804306897107572081e-04
1.807104358011052414e-04
1.810467134972499714e-04
1.814476903388617581e-04
1.819229880907828568e-04
1.824840031673467117e-04
1.831442553611991122e-04
1.839196428570106243e-04
1.848292932415445333e-04
1.858959167078260712e-04
1.871469322205584649e-04
1.886155067379089540e-04
1.903415637528102619e-04
1.923742043671765952e-04
1.947734761942163562e-04
1.976140707652476475e-04
2.009887211292988066e-04
2.050146312160251944e-04
2.098405199532561607e-04
2.156559117325101895e-04
2.227024660334197778e-04
2.312568821196653410e-04
2.415439699293805607e-04
2.543355143241747855e-04
2.722619128562245175e-04
2.990234754401619984e-04
3.351268213165769670e-04
3.785861645298470865e-04
4.426337232994683899e-04
5.827662800449398984e-04
9.337894167437199100e-04
