1.080741259659115383e-01
9.568768215105112607e-02
9.061920583675575624e-02
8.983244857469833977e-02
9.112967790926794487e-02
9.286552906277110997e-02
9.436614211216286241e-02
9.498807443317010268e-02
9.500900050475241665e-02
9.474556229899515347e-02
9.444656956505340095e-02
9.429918364044354018e-02
9.431918743601236388e-02
9.443685197374329654e-02
9.455833332000265767e-02
9.462206215389615260e-02
9.461893719094469080e-02
9.457537413092922951e-02
9.452742635200711563e-02
9.450093370085475841e-02
9.450237318996732028e-02
9.452210614417563828e-02
9.454425674350924735e-02
9.455668240233439104e-02
9.455588058898543868e-02
9.454611339396699898e-02
9.453496350482812338e-02
9.452858160390448239e-02
9.452894217160619228e-02
9.453396824917996433e-02
9.453972379821806715e-02
9.454299194425891395e-02
9.454274882277959036e-02
9.454274882277959036e-02
9.454274882277959036e-02
9.454274882277959036e-02
9.454274882277959036e-02
9.454274882277959036e-02
9.454274882277959036e-02
9.454274882277959036e-02
9.454274882277959036e-02
9.454274882277959036e-02
9.454274882277959036e-02
9.454274882277959036e-02
9.454274882277959036e-02
9.454274882277959036e-02
9.454274882277959036e-02
9.454274882277959036e-02
9.454274882277959036e-02
9.454274882277959036e-02
9.454274882277959036e-02
9.454274882277959036e-02
9.454274882277959036e-02
9.454274882277959036e-02
9.454274882277959036e-02
9.454274882277959036e-02
9.454274882277959036e-02
9.454274882277959036e-02
9.454274882277959036e-02
9.454274882277959036e-02
9.454274882277959036e-02
9.454274882277959036e-02
9.454274882277959036e-02
9.454274882277959036e-02
9.454274882277959036e-02
9.454274882277959036e-02
9.454274882277959036e-02
9.454274882277959036e-02
9.454274882277959036e-02
9.454274882277959036e-02
9.454274882277959036e-02
9.454274882277959036e-02
9.454274882277959036e-02
9.454274882277959036e-02
9.454274882277959036e-02
9.454274882277959036e-02
9.454274882277959036e-02
9.454274882277959036e-02
9.454274882277959036e-02
9.454274882277959036e-02
9.454274882277959036e-02
9.454274882277959036e-02
9.454274882277959036e-02
9.454274882277959036e-02
9.454274882277959036e-02
9.454274882277959036e-02
9.454274882277959036e-02
9.454274882277959036e-02
9.454274882277959036e-02
9.454274882277959036e-02
9.454274882277959036e-02
9.454274882277959036e-02
9.454274882277959036e-02
9.454274882277959036e-02
9.454274882277959036e-02
9.454274882277959036e-02
9.454291637844070006e-02
9.454040693685714092e-02
9.453570870610518428e-02
9.453138341980016346e-02
9.453104495648693983e-02
9.453697780479761170e-02
9.454771714236159807e-02
9.455743013597951718e-02
9.455828685614314777e-02
9.454533109714453876e-02
9.452168963482793229e-02
9.450034241015253800e-02
9.449889622909547759e-02
9.452829782948150850e-02
9.458156129431254111e-02
9.463003770561476125e-02
9.463395227652003638e-02
9.456431620078431521e-02
9.443149458255074846e-02
9.430365347506666773e-02
9.428286334128435642e-02
9.444288875945287820e-02
9.476428085899124554e-02
9.504772026962871045e-02
9.502938121811871364e-02
9.437545076020428803e-02
9.281270021811939552e-02
9.101269969857816999e-02
8.968686608223894186e-02
9.049708362330152744e-02
9.563324977485648803e-02
1.081171611457353715e-01
