3.639585698278100523e-01
3.210631413025231695e-01
3.133772102757865774e-01
3.119110151016519783e-01
3.116351304849606652e-01
3.115849671426512146e-01
3.115762797738195755e-01
3.115748794675679556e-01
3.115746797865234230e-01
3.115746582925423835e-01
3.115746580942316268e-01
3.115746589416271695e-01
3.115746592982114316e-01
3.115746594080368026e-01
3.115746594377312717e-01
3.115746594451805351e-01
3.115746594469565589e-01
3.115746594473640108e-01
3.115746594474546605e-01
3.115746594474741449e-01
3.115746594474783637e-01
3.115746594474792519e-01
3.115746594474793629e-01
3.115746594474794740e-01
3.115746594474794740e-01
3.115746594474793629e-01
3.115746594474793629e-01
3.115746594474794740e-01
3.115746594474794740e-01
3.115746594474793629e-01
3.115746594474793629e-01
3.115746594474794740e-01
3.115746594474794740e-01
3.115746594474793629e-01
3.115746594474793629e-01
3.115746594474794740e-01
3.115746594474794740e-01
3.115746594474793629e-01
3.115746594474793629e-01
3.115746594474794740e-01
3.115746594474794740e-01
3.115746594474793629e-01
3.115746594474793629e-01
3.115746594474794740e-01
3.115746594474794740e-01
3.115746594474793629e-01
3.115746594474793629e-01
3.115746594474794740e-01
3.115746594474794740e-01
3.115746594474793629e-01
3.115746594474793629e-01
3.115746594474794740e-01
3.115746594474794740e-01
3.115746594474793629e-01
3.115746594474793629e-01
3.115746594474794740e-01
3.115746594474794740e-01
3.115746594474793629e-01
3.115746594474793629e-01
3.115746594474794740e-01
3.115746594474794740e-01
3.115746594474793629e-01
3.115746594474793629e-01
3.115746594474794740e-01
3.115746594474794740e-01
3.115746594474793629e-01
3.115746594474793629e-01
3.115746594474794740e-01
3.115746594474794740e-01
3.115746594474793629e-01
3.115746594474793629e-01
3.115746594474794740e-01
3.115746594474794740e-01
3.115746594474793629e-01
3.115746594474793629e-01
3.115746594474794740e-01
3.115746594474794740e-01
3.115746594474793629e-01
3.115746594474793629e-01
3.115746594474794740e-01
3.115746594474794740e-01
3.115746594474793629e-01
3.115746594474793629e-01
3.115746594474794740e-01
3.115746594474794740e-01
3.115746594474793629e-01
3.115746594474793629e-01
3.115746594474794740e-01
3.115746594474794740e-01
3.115746594474793629e-01
3.115746594474793629e-01
3.115746594474794740e-01
3.115746594474794740e-01
3.115746594474793629e-01
3.115746594474793629e-01
3.115746594474794740e-01
3.115746594474794740e-01
3.115746594474793629e-01
3.115746594474793629e-01
3.115746594474794740e-01
3.115746594474794740e-01
3.115746594474793629e-01
3.115746594474793629e-01
3.115746594474794740e-01
3.115746594474794740e-01
3.115746594474793629e-01
3.115746594474792519e-01
3.115746594474783637e-01
3.115746594474741449e-01
3.115746594474545494e-01
3.115746594473640108e-01
3.115746594469565589e-01
3.115746594451805351e-01
3.115746594377312717e-01
3.115746594080368026e-01
3.115746592982114316e-01
3.115746589416271695e-01
3.115746580942316268e-01
3.115746582925423835e-01
3.115746797865234230e-01
3.115748794675679556e-01
3.115762797738195755e-01
3.115849671426512146e-01
3.116351304849606652e-01
3.119110151016519783e-01
3.133772102757865774e-01
3.210631413025231695e-01
3.639585698278100523e-01
