2.529846289307228213e-01
1.726489804936893468e-01
1.517515733845589410e-01
1.527241111228994364e-01
1.618405340330481834e-01
1.749404928555115535e-01
1.858349933332095472e-01
1.897500464177915847e-01
1.885620656843857990e-01
1.856314002945116115e-01
1.830015433699326843e-01
1.816598968670923575e-01
1.816801076756448252e-01
1.824896732487534257e-01
1.833455963102387509e-01
1.837651889776710512e-01
1.836811211992036286e-01
1.833091451347979295e-01
1.829278699378664719e-01
1.827236749520532999e-01
1.827365200525380706e-01
1.828877456847523841e-01
1.830543642462625908e-01
1.831437947539192590e-01
1.831313957947329207e-01
1.830522929224094042e-01
1.829656704616639817e-01
1.829177330910798094e-01
1.829220316926747636e-01
1.829615894835605328e-01
1.830058896384599010e-01
1.830303796189991228e-01
1.830276013478932817e-01
1.830276013478932817e-01
1.830276013478933095e-01
1.830276013478932817e-01
1.830276013478932817e-01
1.830276013478932817e-01
1.830276013478933095e-01
1.830276013478932817e-01
1.830276013478932817e-01
1.830276013478932817e-01
1.830276013478933095e-01
1.830276013478932817e-01
1.830276013478932817e-01
1.830276013478932817e-01
1.830276013478933095e-01
1.830276013478932817e-01
1.830276013478932817e-01
1.830276013478932817e-01
1.830276013478933095e-01
1.830276013478932817e-01
1.830276013478932817e-01
1.830276013478932817e-01
1.830276013478933095e-01
1.830276013478932817e-01
1.830276013478932817e-01
1.830276013478932817e-01
1.830276013478933095e-01
1.830276013478932817e-01
1.830276013478932817e-01
1.830276013478932817e-01
1.830276013478933095e-01
1.830276013478932817e-01
1.830276013478932817e-01
1.830276013478932817e-01
1.830276013478933095e-01
1.830276013478932817e-01
1.830276013478932817e-01
1.830276013478932817e-01
1.830276013478933095e-01
1.830276013478932817e-01
1.830276013478932817e-01
1.830276013478932817e-01
1.830276013478933095e-01
1.830276013478932817e-01
1.830276013478932817e-01
1.830276013478932817e-01
1.830276013478933095e-01
1.830276013478932817e-01
1.830276013478932817e-01
1.830276013478932817e-01
1.830276013478933095e-01
1.830276013478932817e-01
1.830276013478932817e-01
1.830276013478932817e-01
1.830276013478933095e-01
1.830276013478932817e-01
1.830276013478932817e-01
1.830276013478932817e-01
1.830276013478933095e-01
1.830276013478932817e-01
1.830276013478932817e-01
1.830276013478932817e-01
1.830276013478933095e-01
1.830276013478932817e-01
1.830295239006627661e-01
1.830105633392894449e-01
1.829741363461618031e-01
1.829398598063761427e-01
1.829358657733232418e-01
1.829807063948394041e-01
1.830646417860036235e-01
1.831438509159125927e-01
1.831572107062510724e-01
1.830641934959307271e-01
1.828866631619020244e-01
1.827233383608566353e-01
1.827105324924579999e-01
1.829372404447895395e-01
1.833605959662730489e-01
1.837748036472018898e-01
1.838717283940417280e-01
1.834137924732970881e-01
1.824786270487804285e-01
1.816004812048561956e-01
1.815866781603743541e-01
1.830414646867420947e-01
1.858690619985085557e-01
1.890078282082019445e-01
1.902904032414414470e-01
1.862154937385464837e-01
1.748917863004920137e-01
1.613287428608279339e-01
1.519497232806648612e-01
1.509798389687445341e-01
1.720287180694118068e-01
2.523503241037017841e-01
