4.042325783135671258e-01
3.804785214298083140e-01
3.809369284437806868e-01
3.811680227603584936e-01
3.811659238827543872e-01
3.811627407962148717e-01
3.811627612686681599e-01
3.811628136008139989e-01
3.811628133382852779e-01
3.811628124003753615e-01
3.811628124042270582e-01
3.811628124219149094e-01
3.811628124218526814e-01
3.811628124215074576e-01
3.811628124215092894e-01
3.811628124215157287e-01
3.811628124215157842e-01
3.811628124215155067e-01
3.811628124215155067e-01
3.811628124215156177e-01
3.811628124215156177e-01
3.811628124215156177e-01
3.811628124215156177e-01
3.811628124215156177e-01
3.811628124215156177e-01
3.811628124215156177e-01
3.811628124215156177e-01
3.811628124215156177e-01
3.811628124215156177e-01
3.811628124215156177e-01
3.811628124215156177e-01
3.811628124215156177e-01
3.811628124215156177e-01
3.811628124215156177e-01
3.811628124215156177e-01
3.811628124215156177e-01
3.811628124215156177e-01
3.811628124215156177e-01
3.811628124215156177e-01
3.811628124215156177e-01
3.811628124215156177e-01
3.811628124215156177e-01
3.811628124215156177e-01
3.811628124215156177e-01
3.811628124215156177e-01
3.811628124215156177e-01
3.811628124215156177e-01
3.811628124215156177e-01
3.811628124215156177e-01
3.811628124215156177e-01
3.811628124215156177e-01
3.811628124215156177e-01
3.811628124215156177e-01
3.811628124215156177e-01
3.811628124215156177e-01
3.811628124215156177e-01
3.811628124215156177e-01
3.811628124215156177e-01
3.811628124215156177e-01
3.811628124215156177e-01
3.811628124215156177e-01
3.811628124215156177e-01
3.811628124215156177e-01
3.811628124215156177e-01
3.811628124215156177e-01
3.811628124215156177e-01
3.811628124215156177e-01
3.811628124215156177e-01
3.811628124215156177e-01
3.811628124215156177e-01
3.811628124215156177e-01
3.811628124215156177e-01
3.811628124215156177e-01
3.811628124215156177e-01
3.811628124215156177e-01
3.811628124215156177e-01
3.811628124215156177e-01
3.811628124215156177e-01
3.811628124215156177e-01
3.811628124215156177e-01
3.811628124215156177e-01
3.811628124215156177e-01
3.811628124215156177e-01
3.811628124215156177e-01
3.811628124215156177e-01
3.811628124215156177e-01
3.811628124215156177e-01
3.811628124215156177e-01
3.811628124215156177e-01
3.811628124215156177e-01
3.811628124215156177e-01
3.811628124215156177e-01
3.811628124215156177e-01
3.811628124215156177e-01
3.811628124215156177e-01
3.811628124215156177e-01
3.811628124215156177e-01
3.811628124215156177e-01
3.811628124215156177e-01
3.811628124215156177e-01
3.811628124215156177e-01
3.811628124215156177e-01
3.811628124215156177e-01
3.811628124215156177e-01
3.811628124215156177e-01
3.811628124215156177e-01
3.811628124215156177e-01
3.811628124215156177e-01
3.811628124215156177e-01
3.811628124215155622e-01
3.811628124215155067e-01
3.811628124215157842e-01
3.811628124215156732e-01
3.811628124215092894e-01
3.811628124215074576e-01
3.811628124218526814e-01
3.811628124219148539e-01
3.811628124042270582e-01
3.811628124003753615e-01
3.811628133382852779e-01
3.811628136008139989e-01
3.811627612686682154e-01
3.811627407962148717e-01
3.811659238827543317e-01
3.811680227603584936e-01
3.809369284437806868e-01
3.804785214298083140e-01
4.042325783135671258e-01
