2.352681774959709260e-01
1.609914243581525017e-01
1.342986761861189038e-01
1.247750031899751422e-01
1.210432965854877224e-01
1.209931794659447196e-01
1.238589516433329235e-01
1.280174875899299514e-01
1.325730117124091501e-01
1.373409572139373258e-01
1.419196667743970464e-01
1.458079898329814050e-01
1.487253780379777790e-01
1.505833306937165994e-01
1.514440780412541210e-01
1.514750407455069947e-01
1.508973374121623245e-01
1.499404905072415362e-01
1.488103766372427250e-01
1.476717628310201258e-01
1.466424389203621059e-01
1.457954897197730471e-01
1.451663416086824698e-01
1.447620024308919062e-01
1.445686627444419392e-01
1.445570629125849660e-01
1.446873165383215920e-01
1.449146430385128692e-01
1.451947863941987216e-01
1.454882122089895535e-01
1.457625802288216588e-01
1.459946074040891495e-01
1.461704232317319885e-01
1.461704232317319885e-01
1.461704232317319885e-01
1.461704232317319885e-01
1.461704232317319885e-01
1.461704232317319885e-01
1.461704232317319885e-01
1.461704232317319885e-01
1.461704232317319885e-01
1.461704232317319885e-01
1.461704232317319885e-01
1.461704232317319885e-01
1.461704232317319885e-01
1.461704232317319885e-01
1.461704232317319885e-01
1.461704232317319885e-01
1.461704232317319885e-01
1.461704232317319885e-01
1.461704232317319885e-01
1.461704232317319885e-01
1.461704232317319885e-01
1.461704232317319885e-01
1.461704232317319885e-01
1.461704232317319885e-01
1.461704232317319885e-01
1.461704232317319885e-01
1.461704232317319885e-01
1.461704232317319885e-01
1.461704232317319885e-01
1.461704232317319885e-01
1.461704232317319885e-01
1.461704232317319885e-01
1.461704232317319885e-01
1.461704232317319885e-01
1.461704232317319885e-01
1.461704232317319885e-01
1.461704232317319885e-01
1.461704232317319885e-01
1.461704232317319885e-01
1.461704232317319885e-01
1.461704232317319885e-01
1.461704232317319885e-01
1.461704232317319885e-01
1.461704232317319885e-01
1.461704232317319885e-01
1.461704232317319885e-01
1.461704232317319885e-01
1.461704232317319885e-01
1.461704232317319885e-01
1.461704232317319885e-01
1.461704232317319885e-01
1.461704232317319885e-01
1.461704232317319885e-01
1.461704232317319885e-01
1.461704232317319885e-01
1.461704232317319885e-01
1.461704232317319885e-01
1.461704232317319885e-01
1.461704232317319885e-01
1.461704232317319885e-01
1.461704232317319885e-01
1.461704232317319885e-01
1.461704232317319885e-01
1.461704232317319885e-01
1.460471799700283624e-01
1.458711304562518851e-01
1.456490572451055177e-01
1.453983829729133537e-01
1.451478248078338362e-01
1.449364152313098453e-01
1.448110684222966016e-01
1.448225828429400008e-01
1.450201322314970953e-01
1.454444007073165401e-01
1.461193892585066767e-01
1.470432754347434090e-01
1.481787986614512276e-01
1.494437775122975653e-01
1.507043096516067215e-01
1.517732404133271817e-01
1.524182281343119949e-01
1.523837486377894179e-01
1.514293671502651983e-01
1.493814202854607254e-01
1.461890843683216201e-01
1.419696420749910482e-01
1.370436805742743791e-01
1.319533966059230345e-01
1.271345925941713140e-01
1.228005916245478862e-01
1.198566728947552673e-01
1.199077974376416694e-01
1.237116066366951012e-01
1.333762702706417780e-01
1.602141116632269380e-01
2.344583436883565242e-01
