6.668407302970416062e-01
6.224352637927879073e-01
5.985372575152093644e-01
5.844080275616571063e-01
5.719454861651840361e-01
5.612281503737962529e-01
5.535787421211545434e-01
5.478562750576823071e-01
5.428505458634003134e-01
5.385049790750346954e-01
5.349342546573359058e-01
5.320042678875359643e-01
5.295653535852827831e-01
5.275210906971687930e-01
5.257993259048997503e-01
5.243433620271984452e-01
5.231077706195443877e-01
5.220556099925195426e-01
5.211564991274458825e-01
5.203854659062716603e-01
5.197217286805932979e-01
5.191477493580116676e-01
5.186486140818693524e-01
5.182121638665968533e-01
5.178292266263861965e-01
5.174930383731601857e-01
5.171979721866796220e-01
5.169390198241166079e-01
5.167116279647110400e-01
5.165119651293583747e-01
5.163366433606115802e-01
5.161826754890771474e-01
5.160474720959116190e-01
5.160474720959116190e-01
5.160474720959117301e-01
5.160474720959117301e-01
5.160474720959116190e-01
5.160474720959116190e-01
5.160474720959117301e-01
5.160474720959117301e-01
5.160474720959116190e-01
5.160474720959116190e-01
5.160474720959117301e-01
5.160474720959117301e-01
5.160474720959116190e-01
5.160474720959116190e-01
5.160474720959117301e-01
5.160474720959117301e-01
5.160474720959116190e-01
5.160474720959116190e-01
5.160474720959117301e-01
5.160474720959117301e-01
5.160474720959116190e-01
5.160474720959116190e-01
5.160474720959117301e-01
5.160474720959117301e-01
5.160474720959116190e-01
5.160474720959116190e-01
5.160474720959117301e-01
5.160474720959117301e-01
5.160474720959116190e-01
5.160474720959116190e-01
5.160474720959117301e-01
5.160474720959117301e-01
5.160474720959116190e-01
5.160474720959116190e-01
5.160474720959117301e-01
5.160474720959117301e-01
5.160474720959116190e-01
5.160474720959116190e-01
5.160474720959117301e-01
5.160474720959117301e-01
5.160474720959116190e-01
5.160474720959116190e-01
5.160474720959117301e-01
5.160474720959117301e-01
5.160474720959116190e-01
5.160474720959116190e-01
5.160474720959117301e-01
5.160474720959117301e-01
5.160474720959116190e-01
5.160474720959116190e-01
5.160474720959117301e-01
5.160474720959117301e-01
5.160474720959116190e-01
5.160474720959116190e-01
5.160474720959117301e-01
5.160474720959117301e-01
5.160474720959116190e-01
5.160474720959116190e-01
5.160474720959117301e-01
5.160474720959117301e-01
5.160474720959116190e-01
5.160474720959116190e-01
5.160474720959117301e-01
5.160474720959117301e-01
5.161438464784868785e-01
5.162621350978662260e-01
5.164053900266207808e-01
5.165771398422587257e-01
5.167814322948341976e-01
5.170230337216454863e-01
5.173074753586489605e-01
5.176412969965888955e-01
5.180321364668512008e-01
5.184890207654097027e-01
5.190226651594120888e-01
5.196457051478731159e-01
5.203731666048956317e-01
5.212229715053711132e-01
5.222165711319797232e-01
5.233797928482847306e-01
5.247438453016348703e-01
5.263467723374802842e-01
5.282352649918864440e-01
5.304675005156735956e-01
5.331172015135843267e-01
5.362825293008579575e-01
5.401153620859574511e-01
5.447515488796539351e-01
5.500776049261399958e-01
5.561543283566862117e-01
5.642027203293835669e-01
5.753679144309511440e-01
5.883117577310743584e-01
6.029640087942049753e-01
6.275121850714578953e-01
6.727606472708606011e-01
