3.785461407589102434e-01
3.271925338269916494e-01
3.272070723678434656e-01
3.323824111289686578e-01
3.348592984700918262e-01
3.354455456363772958e-01
3.354449890942947654e-01
3.353796373278033482e-01
3.353489378424915901e-01
3.353417311431393655e-01
3.353417425461872603e-01
3.353425471356881182e-01
3.353429246739281777e-01
3.353430131893171962e-01
3.353430129929704240e-01
3.353430030840586218e-01
3.353429984407041986e-01
3.353429973535173581e-01
3.353429973566222078e-01
3.353429974786544254e-01
3.353429975357629655e-01
3.353429975491163395e-01
3.353429975490694881e-01
3.353429975475666347e-01
3.353429975468644186e-01
3.353429975467002722e-01
3.353429975467009938e-01
3.353429975467194235e-01
3.353429975467280832e-01
3.353429975467300261e-01
3.353429975467300261e-01
3.353429975467299706e-01
3.353429975467299151e-01
3.353429975467297486e-01
3.353429975467297486e-01
3.353429975467297486e-01
3.353429975467297486e-01
3.353429975467297486e-01
3.353429975467297486e-01
3.353429975467297486e-01
3.353429975467297486e-01
3.353429975467297486e-01
3.353429975467297486e-01
3.353429975467297486e-01
3.353429975467297486e-01
3.353429975467297486e-01
3.353429975467297486e-01
3.353429975467297486e-01
3.353429975467297486e-01
3.353429975467297486e-01
3.353429975467297486e-01
3.353429975467297486e-01
3.353429975467297486e-01
3.353429975467297486e-01
3.353429975467297486e-01
3.353429975467297486e-01
3.353429975467297486e-01
3.353429975467297486e-01
3.353429975467297486e-01
3.353429975467297486e-01
3.353429975467297486e-01
3.353429975467297486e-01
3.353429975467297486e-01
3.353429975467297486e-01
3.353429975467297486e-01
3.353429975467297486e-01
3.353429975467297486e-01
3.353429975467297486e-01
3.353429975467297486e-01
3.353429975467297486e-01
3.353429975467297486e-01
3.353429975467297486e-01
3.353429975467297486e-01
3.353429975467297486e-01
3.353429975467297486e-01
3.353429975467297486e-01
3.353429975467297486e-01
3.353429975467297486e-01
3.353429975467297486e-01
3.353429975467297486e-01
3.353429975467297486e-01
3.353429975467297486e-01
3.353429975467297486e-01
3.353429975467297486e-01
3.353429975467297486e-01
3.353429975467297486e-01
3.353429975467297486e-01
3.353429975467297486e-01
3.353429975467297486e-01
3.353429975467297486e-01
3.353429975467297486e-01
3.353429975467297486e-01
3.353429975467297486e-01
3.353429975467297486e-01
3.353429975467297486e-01
3.353429975467299151e-01
3.353429975467299151e-01
3.353429975467300261e-01
3.353429975467300261e-01
3.353429975467280832e-01
3.353429975467194235e-01
3.353429975467009938e-01
3.353429975467002722e-01
3.353429975468644186e-01
3.353429975475666347e-01
3.353429975490694881e-01
3.353429975491162285e-01
3.353429975357629655e-01
3.353429974786543144e-01
3.353429973566222078e-01
3.353429973535173581e-01
3.353429984407042541e-01
3.353430030840586218e-01
3.353430129929704240e-01
3.353430131893171962e-01
3.353429246739280667e-01
3.353425471356881182e-01
3.353417425461872603e-01
3.353417311431391434e-01
3.353489378424915901e-01
3.353796373278033482e-01
3.354449890942945989e-01
3.354455456363771848e-01
3.348592984700917152e-01
3.323824111289686578e-01
3.272070723678434101e-01
3.271925338269915939e-01
3.785461407589101879e-01
