3.649715240723300225e-01
2.862265806361721787e-01
3.251680347932442428e-01
3.632835955813035200e-01
3.593020751563038018e-01
3.457518634546734027e-01
3.464305655770268388e-01
3.523000786061515344e-01
3.512725770468473896e-01
3.476106798068755444e-01
3.477877560550835523e-01
3.496961754608043371e-01
3.493587004711355970e-01
3.480391970469656759e-01
3.480855463017255569e-01
3.488390925937652209e-01
3.487495450009701070e-01
3.482245411513344990e-01
3.482431969217381074e-01
3.485696483187598615e-01
3.485408413337019451e-01
3.483086761852680624e-01
3.483173636959896458e-01
3.484734621694839385e-01
3.484626317885854974e-01
3.483484782685668524e-01
3.483528417864984461e-01
3.484326013239081865e-01
3.484279069944647422e-01
3.483692597216285214e-01
3.483716878294738084e-01
3.484140190273757320e-01
3.484122869301454206e-01
3.484122869301454206e-01
3.484122869301453651e-01
3.484122869301453651e-01
3.484122869301454206e-01
3.484122869301454206e-01
3.484122869301453651e-01
3.484122869301453651e-01
3.484122869301454206e-01
3.484122869301454206e-01
3.484122869301453651e-01
3.484122869301453651e-01
3.484122869301454206e-01
3.484122869301454206e-01
3.484122869301453651e-01
3.484122869301453651e-01
3.484122869301454206e-01
3.484122869301454206e-01
3.484122869301453651e-01
3.484122869301453651e-01
3.484122869301454206e-01
3.484122869301454206e-01
3.484122869301453651e-01
3.484122869301453651e-01
3.484122869301454206e-01
3.484122869301454206e-01
3.484122869301453651e-01
3.484122869301453651e-01
3.484122869301454206e-01
3.484122869301454206e-01
3.484122869301453651e-01
3.484122869301453651e-01
3.484122869301454206e-01
3.484122869301454206e-01
3.484122869301453651e-01
3.484122869301453651e-01
3.484122869301454206e-01
3.484122869301454206e-01
3.484122869301453651e-01
3.484122869301453651e-01
3.484122869301454206e-01
3.484122869301454206e-01
3.484122869301453651e-01
3.484122869301453651e-01
3.484122869301454206e-01
3.484122869301454206e-01
3.484122869301453651e-01
3.484122869301453651e-01
3.484122869301454206e-01
3.484122869301454206e-01
3.484122869301453651e-01
3.484122869301453651e-01
3.484122869301454206e-01
3.484122869301454206e-01
3.484122869301453651e-01
3.484122869301453651e-01
3.484122869301454206e-01
3.484122869301454206e-01
3.484122869301453651e-01
3.484122869301453651e-01
3.484122869301454206e-01
3.484122869301454206e-01
3.484122869301453651e-01
3.484122869301453651e-01
3.484133736494900435e-01
3.483804110723953129e-01
3.483782929219522706e-01
3.484290918623358380e-01
3.484335304078675088e-01
3.483589885185313650e-01
3.483548895292180592e-01
3.484688554826607110e-01
3.484804712768455048e-01
3.483173937870714387e-01
3.483088984938978450e-01
3.485621259335615618e-01
3.485952655169295422e-01
3.482369760853123442e-01
3.482181999777225756e-01
3.488000133327772145e-01
3.489021851501543092e-01
3.480769588008320592e-01
3.480306272498592257e-01
3.494710782267649307e-01
3.498443069602667488e-01
3.477959967534438035e-01
3.476178217882578969e-01
3.515074653200919719e-01
3.526087020561530228e-01
3.464453882373466076e-01
3.457593377818105607e-01
3.597709558515637673e-01
3.638996090533835881e-01
3.247741521225436245e-01
2.852486131349972753e-01
3.640765144217245064e-01
