7.301843983722317022e-02
5.587808964877313822e-02
4.630988024281029736e-02
4.115374504387519367e-02
3.830178193242475548e-02
3.646423281343189049e-02
3.500011483911673327e-02
3.372049985281026785e-02
3.263166913901630051e-02
3.174898480906040987e-02
3.104636269276104740e-02
3.048110907729007640e-02
3.001843801018555524e-02
2.963594486922440513e-02
2.931746559627237264e-02
2.905072533406671126e-02
2.882618279004724171e-02
2.863628461772066772e-02
2.847497556984604841e-02
2.833733527673935187e-02
2.821930773073558218e-02
2.811755280304362517e-02
2.802933158637840177e-02
2.795244953996720016e-02
2.788518877050048111e-02
2.782623054895184966e-02
2.777452255495425557e-02
2.772918872276528696e-02
2.768945311799202169e-02
2.765462513054528504e-02
2.762409125879080468e-02
2.759730172226832270e-02
2.757379154998001319e-02
2.757379154998001666e-02
2.757379154998001666e-02
2.757379154998002013e-02
2.757379154998001319e-02
2.757379154998001666e-02
2.757379154998001666e-02
2.757379154998002013e-02
2.757379154998001319e-02
2.757379154998001666e-02
2.757379154998001666e-02
2.757379154998002013e-02
2.757379154998001319e-02
2.757379154998001666e-02
2.757379154998001666e-02
2.757379154998002013e-02
2.757379154998001319e-02
2.757379154998001666e-02
2.757379154998001666e-02
2.757379154998002013e-02
2.757379154998001319e-02
2.757379154998001666e-02
2.757379154998001666e-02
2.757379154998002013e-02
2.757379154998001319e-02
2.757379154998001666e-02
2.757379154998001666e-02
2.757379154998002013e-02
2.757379154998001319e-02
2.757379154998001666e-02
2.757379154998001666e-02
2.757379154998002013e-02
2.757379154998001319e-02
2.757379154998001666e-02
2.757379154998001666e-02
2.757379154998002013e-02
2.757379154998001319e-02
2.757379154998001666e-02
2.757379154998001666e-02
2.757379154998002013e-02
2.757379154998001319e-02
2.757379154998001666e-02
2.757379154998001666e-02
2.757379154998002013e-02
2.757379154998001319e-02
2.757379154998001666e-02
2.757379154998001666e-02
2.757379154998002013e-02
2.757379154998001319e-02
2.757379154998001666e-02
2.757379154998001666e-02
2.757379154998002013e-02
2.757379154998001319e-02
2.757379154998001666e-02
2.757379154998001666e-02
2.757379154998002013e-02
2.757379154998001319e-02
2.757379154998001666e-02
2.757379154998001666e-02
2.757379154998002013e-02
2.757379154998001319e-02
2.757379154998001666e-02
2.757379154998001666e-02
2.757379154998002013e-02
2.759051496112590804e-02
2.761106531919743298e-02
2.763598004141400860e-02
2.766587614287013136e-02
2.770148090814073677e-02
2.774364609615056348e-02
2.779336881650670832e-02
2.785183098996999590e-02
2.792042481587435343e-02
2.800082133456279279e-02
2.809499647816857820e-02
2.820532212559367230e-02
2.833465733821755039e-02
2.848645328786823805e-02
2.866491721063359546e-02
2.887518890057810123e-02
2.912363652154096108e-02
2.941820129059363742e-02
2.976891999493555541e-02
3.018868903859576666e-02
3.069446240136380899e-02
3.130970069138597212e-02
3.207069366328015730e-02
3.302205051166479111e-02
3.419203023627885585e-02
3.556726677985717205e-02
3.714437586059575469e-02
3.912136744562202256e-02
4.216531840005580123e-02
4.762476496877693366e-02
5.772306513085520563e-02
7.583315922555330935e-02
