2.726097569039926394e-01
2.049744253151024043e-01
1.861978703792384060e-01
1.855876590107907731e-01
1.910166746802059445e-01
1.961946270800788705e-01
1.989130509874007802e-01
1.995716716139732116e-01
1.992817148609465905e-01
1.988371675323148680e-01
1.985584421813364198e-01
1.984685789519544663e-01
1.984841474111990467e-01
1.985263589714579280e-01
1.985560470683408185e-01
1.985664511817441524e-01
1.985650039259383715e-01
1.985602145330536417e-01
1.985566962779199696e-01
1.985554064698875909e-01
1.985555528876105646e-01
1.985561310219682296e-01
1.985565680849247783e-01
1.985567326806135513e-01
1.985567162402341601e-01
1.985566432726059150e-01
1.985565871033580509e-01
1.985565655784450878e-01
1.985565675426460286e-01
1.985565770279607012e-01
1.985565844202045183e-01
1.985565872865859005e-01
1.985565870405868738e-01
1.985565857806114720e-01
1.985565847902205638e-01
1.985565844030658667e-01
1.985565844350001552e-01
1.985565846051493555e-01
1.985565847396997263e-01
1.985565847925941096e-01
1.985565847883349888e-01
1.985565847650604954e-01
1.985565847465777245e-01
1.985565847392840311e-01
1.985565847398646500e-01
1.985565847430820485e-01
1.985565847456441657e-01
1.985565847466578826e-01
1.985565847465775025e-01
1.985565847461287503e-01
1.985565847457710364e-01
1.985565847456293720e-01
1.985565847456404465e-01
1.985565847457034794e-01
1.985565847457538280e-01
1.985565847457738398e-01
1.985565847457719801e-01
1.985565847457632371e-01
1.985565847457560484e-01
1.985565847457532451e-01
1.985565847457534949e-01
1.985565847457548272e-01
1.985565847457559929e-01
1.985565847457566313e-01
1.985565847457566313e-01
1.985565847457559929e-01
1.985565847457547994e-01
1.985565847457534394e-01
1.985565847457532451e-01
1.985565847457560484e-01
1.985565847457632371e-01
1.985565847457719524e-01
1.985565847457738398e-01
1.985565847457538280e-01
1.985565847457033961e-01
1.985565847456404465e-01
1.985565847456293720e-01
1.985565847457710087e-01
1.985565847461287503e-01
1.985565847465775580e-01
1.985565847466579381e-01
1.985565847456441380e-01
1.985565847430820485e-01
1.985565847398646500e-01
1.985565847392840588e-01
1.985565847465777245e-01
1.985565847650604676e-01
1.985565847883349888e-01
1.985565847925941096e-01
1.985565847396997818e-01
1.985565846051493555e-01
1.985565844350001552e-01
1.985565844030658667e-01
1.985565847902205361e-01
1.985565857806114720e-01
1.985565870405868460e-01
1.985565872865859283e-01
1.985565844202045183e-01
1.985565770279607012e-01
1.985565675426460008e-01
1.985565655784450878e-01
1.985565871033580509e-01
1.985566432726059150e-01
1.985567162402341601e-01
1.985567326806135235e-01
1.985565680849247783e-01
1.985561310219682296e-01
1.985555528876105646e-01
1.985554064698876187e-01
1.985566962779199696e-01
1.985602145330536139e-01
1.985650039259383715e-01
1.985664511817441802e-01
1.985560470683408185e-01
1.985263589714579280e-01
1.984841474111989912e-01
1.984685789519544385e-01
1.985584421813364198e-01
1.988371675323148124e-01
1.992817148609465905e-01
1.995716716139731839e-01
1.989130509874007802e-01
1.961946270800788705e-01
1.910166746802059445e-01
1.855876590107908009e-01
1.861978703792383782e-01
2.049744253151024043e-01
2.726097569039926394e-01
