3.766293009897526689e-01
2.924296566809502229e-01
3.674927571741605226e-01
4.234882656853110605e-01
4.100363926121957103e-01
3.837146663911008559e-01
3.899022311657590611e-01
4.055767118636325885e-01
4.039704312167574640e-01
3.953407204339466352e-01
3.955294262753628609e-01
4.000628746743009057e-01
3.997256973011637515e-01
3.968940114804415664e-01
3.968756404039563424e-01
3.985227351174110977e-01
3.984538150889802011e-01
3.973673788072304425e-01
3.973645987269889823e-01
3.980504546960270673e-01
3.980268398435254928e-01
3.975516295680769918e-01
3.975548011038314011e-01
3.978777550569280175e-01
3.978679786303864763e-01
3.976345303929483821e-01
3.976373237062066912e-01
3.978020433325629157e-01
3.977977053084745251e-01
3.976775961370533907e-01
3.976791976637353287e-01
3.977658139918293090e-01
3.977646282783949272e-01
3.977646282783949272e-01
3.977646282783949272e-01
3.977646282783949272e-01
3.977646282783949272e-01
3.977646282783949272e-01
3.977646282783949272e-01
3.977646282783949272e-01
3.977646282783949272e-01
3.977646282783949272e-01
3.977646282783949272e-01
3.977646282783949272e-01
3.977646282783949272e-01
3.977646282783949272e-01
3.977646282783949272e-01
3.977646282783949272e-01
3.977646282783949272e-01
3.977646282783949272e-01
3.977646282783949272e-01
3.977646282783949272e-01
3.977646282783949272e-01
3.977646282783949272e-01
3.977646282783949272e-01
3.977646282783949272e-01
3.977646282783949272e-01
3.977646282783949272e-01
3.977646282783949272e-01
3.977646282783949272e-01
3.977646282783949272e-01
3.977646282783949272e-01
3.977646282783949272e-01
3.977646282783949272e-01
3.977646282783949272e-01
3.977646282783949272e-01
3.977646282783949272e-01
3.977646282783949272e-01
3.977646282783949272e-01
3.977646282783949272e-01
3.977646282783949272e-01
3.977646282783949272e-01
3.977646282783949272e-01
3.977646282783949272e-01
3.977646282783949272e-01
3.977646282783949272e-01
3.977646282783949272e-01
3.977646282783949272e-01
3.977646282783949272e-01
3.977646282783949272e-01
3.977646282783949272e-01
3.977646282783949272e-01
3.977646282783949272e-01
3.977646282783949272e-01
3.977646282783949272e-01
3.977646282783949272e-01
3.977646282783949272e-01
3.977646282783949272e-01
3.977646282783949272e-01
3.977646282783949272e-01
3.977646282783949272e-01
3.977646282783949272e-01
3.977646282783949272e-01
3.977646282783949272e-01
3.977646282783949272e-01
3.977646282783949272e-01
3.977652032975023122e-01
3.976982275972538727e-01
3.976968725241023517e-01
3.978007621152389039e-01
3.978049656936992196e-01
3.976510088046364411e-01
3.976483173971522844e-01
3.978812122170317656e-01
3.978922504027391227e-01
3.975543894259175315e-01
3.975517751947520995e-01
3.980694288153731053e-01
3.980977122948229363e-01
3.973431340004384138e-01
3.973483766508168480e-01
3.985518644470983918e-01
3.986330138041833671e-01
3.968238896255797399e-01
3.968500444005366168e-01
3.999425087284959601e-01
4.003193423193556755e-01
3.954348033041203414e-01
3.952488875905765253e-01
4.044559903957555824e-01
4.059164564520014173e-01
3.897566822134797548e-01
3.834304313109031526e-01
4.106646137931869167e-01
4.241945896448285347e-01
3.670505156742042141e-01
2.912588104706181347e-01
3.753953094326248352e-01
