2.253069937746099982e-01
1.750170716758840672e-01
1.548289336674421035e-01
1.455924108635538172e-01
1.411184623253590176e-01
1.388997903823120661e-01
1.377919304882414819e-01
1.372397839326552071e-01
1.369664841446169290e-01
1.368325636835115433e-01
1.367677630541338507e-01
1.367368780800631012e-01
1.367224219626765325e-01
1.367158037230868928e-01
1.367128575599358131e-01
1.367115941626323994e-01
1.367110806563376635e-01
1.367108891224874667e-01
1.367108286614360235e-01
1.367108172044273207e-01
1.367108212870907502e-01
1.367108283676239655e-01
1.367108344500292394e-01
1.367108387491943466e-01
1.367108415080600659e-01
1.367108431753364384e-01
1.367108441408949604e-01
1.367108446818036949e-01
1.367108449764977141e-01
1.367108451331105479e-01
1.367108452144150388e-01
1.367108452556539400e-01
1.367108452760696091e-01
1.367108452859102929e-01
1.367108452905084481e-01
1.367108452925757944e-01
1.367108452934579221e-01
1.367108452938058938e-01
1.367108452939251872e-01
1.367108452939536367e-01
1.367108452939507779e-01
1.367108452939398699e-01
1.367108452939296281e-01
1.367108452939219954e-01
1.367108452939168051e-01
1.367108452939137242e-01
1.367108452939116980e-01
1.367108452939106988e-01
1.367108452939100605e-01
1.367108452939098384e-01
1.367108452939096719e-01
1.367108452939095886e-01
1.367108452939095053e-01
1.367108452939094498e-01
1.367108452939093943e-01
1.367108452939094498e-01
1.367108452939094498e-01
1.367108452939094498e-01
1.367108452939094776e-01
1.367108452939094776e-01
1.367108452939094498e-01
1.367108452939094776e-01
1.367108452939094776e-01
1.367108452939094776e-01
1.367108452939094498e-01
1.367108452939094776e-01
1.367108452939094776e-01
1.367108452939094776e-01
1.367108452939094221e-01
1.367108452939094776e-01
1.367108452939094498e-01
1.367108452939094776e-01
1.367108452939093943e-01
1.367108452939093943e-01
1.367108452939094498e-01
1.367108452939095331e-01
1.367108452939096164e-01
1.367108452939096719e-01
1.367108452939098384e-01
1.367108452939100605e-01
1.367108452939106988e-01
1.367108452939117258e-01
1.367108452939137242e-01
1.367108452939167773e-01
1.367108452939219676e-01
1.367108452939296281e-01
1.367108452939398699e-01
1.367108452939507779e-01
1.367108452939536090e-01
1.367108452939251872e-01
1.367108452938059215e-01
1.367108452934579499e-01
1.367108452925757944e-01
1.367108452905084481e-01
1.367108452859102929e-01
1.367108452760696091e-01
1.367108452556539400e-01
1.367108452144150110e-01
1.367108451331105479e-01
1.367108449764977141e-01
1.367108446818037226e-01
1.367108441408949604e-01
1.367108431753364384e-01
1.367108415080600659e-01
1.367108387491943189e-01
1.367108344500292394e-01
1.367108283676239655e-01
1.367108212870907502e-01
1.367108172044273207e-01
1.367108286614360235e-01
1.367108891224874667e-01
1.367110806563376635e-01
1.367115941626323994e-01
1.367128575599358131e-01
1.367158037230868928e-01
1.367224219626765047e-01
1.367368780800630734e-01
1.367677630541338507e-01
1.368325636835115433e-01
1.369664841446169290e-01
1.372397839326552071e-01
1.377919304882414819e-01
1.388997903823120661e-01
1.411184623253589898e-01
1.455924108635538172e-01
1.548289336674421035e-01
1.750170716758840672e-01
2.253069937746099982e-01
