7.234411386805444932e-02
6.294752700187714045e-02
5.865495782191954693e-02
5.510641212259198563e-02
5.291626997996862203e-02
5.125387684578245479e-02
4.995735354071318551e-02
4.906222998433400900e-02
4.832355612559507269e-02
4.779155889709228722e-02
4.741592762420564211e-02
4.714124187663143450e-02
4.694577838949501314e-02
4.681096691595924841e-02
4.672214436900161416e-02
4.666780910929788084e-02
4.663895201577748090e-02
4.662853283158784057e-02
4.663108738693060029e-02
4.664241541343983055e-02
4.665933341099540860e-02
4.667947049535518811e-02
4.670110716267900086e-02
4.672303165495748228e-02
4.674434240126444651e-02
4.676436844185095226e-02
4.678267015390435296e-02
4.679899782952617188e-02
4.681324452580130219e-02
4.682541648344182295e-02
4.683559615650438601e-02
4.684392190099443548e-02
4.685056719114027296e-02
4.685056719114027296e-02
4.685056719114027296e-02
4.685056719114027296e-02
4.685056719114027296e-02
4.685056719114027296e-02
4.685056719114027296e-02
4.685056719114027296e-02
4.685056719114027296e-02
4.685056719114027296e-02
4.685056719114027296e-02
4.685056719114027296e-02
4.685056719114027296e-02
4.685056719114027296e-02
4.685056719114027296e-02
4.685056719114027296e-02
4.685056719114027296e-02
4.685056719114027296e-02
4.685056719114027296e-02
4.685056719114027296e-02
4.685056719114027296e-02
4.685056719114027296e-02
4.685056719114027296e-02
4.685056719114027296e-02
4.685056719114027296e-02
4.685056719114027296e-02
4.685056719114027296e-02
4.685056719114027296e-02
4.685056719114027296e-02
4.685056719114027296e-02
4.685056719114027296e-02
4.685056719114027296e-02
4.685056719114027296e-02
4.685056719114027296e-02
4.685056719114027296e-02
4.685056719114027296e-02
4.685056719114027296e-02
4.685056719114027296e-02
4.685056719114027296e-02
4.685056719114027296e-02
4.685056719114027296e-02
4.685056719114027296e-02
4.685056719114027296e-02
4.685056719114027296e-02
4.685056719114027296e-02
4.685056719114027296e-02
4.685056719114027296e-02
4.685056719114027296e-02
4.685056719114027296e-02
4.685056719114027296e-02
4.685056719114027296e-02
4.685056719114027296e-02
4.685056719114027296e-02
4.685056719114027296e-02
4.685056719114027296e-02
4.685056719114027296e-02
4.685056719114027296e-02
4.685056719114027296e-02
4.685056719114027296e-02
4.685056719114027296e-02
4.685056719114027296e-02
4.685056719114027296e-02
4.685056719114027296e-02
4.685056719114027296e-02
4.684582018842927548e-02
4.683940642640414126e-02
4.683106364795573684e-02
4.682056073529446832e-02
4.680771787997465433e-02
4.679243306370822059e-02
4.677472510136783390e-02
4.675476994078338333e-02
4.673295427789986300e-02
4.670994312467759146e-02
4.668675854970174427e-02
4.666487842533844493e-02
4.664634536975990897e-02
4.663390645867847989e-02
4.663117881926693437e-02
4.664284743159769625e-02
4.667491050675887099e-02
4.673498780849303508e-02
4.683271464055736161e-02
4.698025627521668773e-02
4.719298032561463491e-02
4.749021130711133382e-02
4.789445959873526310e-02
4.846220252149841673e-02
4.924452645852545746e-02
5.019197800605930404e-02
5.155266914719212196e-02
5.329098598821473132e-02
5.557396871253166004e-02
5.924214145329941006e-02
6.367464221004487390e-02
7.331208483533854792e-02
