1.752110784110843533e-01
1.752139669891432106e-01
1.752259122324532625e-01
1.752107219237901692e-01
1.752254610505008525e-01
1.752094460274566945e-01
1.752204213233841124e-01
1.752068408418558654e-01
1.752130006318847744e-01
1.752015272405597901e-01
1.752012267880311835e-01
1.751891533841671567e-01
1.751807820872357258e-01
1.751731486006982141e-01
1.751664849675139413e-01
1.751606035526161731e-01
1.751554381922547643e-01
1.751509057101336975e-01
1.751469314751927797e-01
1.751434387476030197e-01
1.751403635833732597e-01
1.751376314049344352e-01
1.751351782954297109e-01
1.751328913740646254e-01
1.751307748848054124e-01
1.751288692671121028e-01
1.751271702448112810e-01
1.751256650267985493e-01
1.751243344372304112e-01
1.751231614317773078e-01
1.751221289683557725e-01
1.751212221357087706e-01
1.751204238957270731e-01
1.751204238957270454e-01
1.751204238957270454e-01
1.751204238957270731e-01
1.751204238957270731e-01
1.751204238957270454e-01
1.751204238957270454e-01
1.751204238957270731e-01
1.751204238957270731e-01
1.751204238957270454e-01
1.751204238957270454e-01
1.751204238957270731e-01
1.751204238957270731e-01
1.751204238957270454e-01
1.751204238957270454e-01
1.751204238957270731e-01
1.751204238957270731e-01
1.751204238957270454e-01
1.751204238957270454e-01
1.751204238957270731e-01
1.751204238957270731e-01
1.751204238957270454e-01
1.751204238957270454e-01
1.751204238957270731e-01
1.751204238957270731e-01
1.751204238957270454e-01
1.751204238957270454e-01
1.751204238957270731e-01
1.751204238957270731e-01
1.751204238957270454e-01
1.751204238957270454e-01
1.751204238957270731e-01
1.751204238957270731e-01
1.751204238957270454e-01
1.751204238957270454e-01
1.751204238957270731e-01
1.751204238957270731e-01
1.751204238957270454e-01
1.751204238957270454e-01
1.751204238957270731e-01
1.751204238957270731e-01
1.751204238957270454e-01
1.751204238957270454e-01
1.751204238957270731e-01
1.751204238957270731e-01
1.751204238957270454e-01
1.751204238957270454e-01
1.751204238957270731e-01
1.751204238957270731e-01
1.751204238957270454e-01
1.751204238957270454e-01
1.751204238957270731e-01
1.751204238957270731e-01
1.751204238957270454e-01
1.751204238957270454e-01
1.751204238957270731e-01
1.751204238957270731e-01
1.751204238957270454e-01
1.751204238957270454e-01
1.751204238957270731e-01
1.751204238957270731e-01
1.751204238957270454e-01
1.751204238957270454e-01
1.751204238957270731e-01
1.751208347225559903e-01
1.751213732848482252e-01
1.751220502348337926e-01
1.751228826125068028e-01
1.751238874598510797e-01
1.751250839499856604e-01
1.751264976458126454e-01
1.751281541138215436e-01
1.751300874413893871e-01
1.751323317214563968e-01
1.751349317002451056e-01
1.751379321326937966e-01
1.751413905613009581e-01
1.751453624125549058e-01
1.751499222968035674e-01
1.751551363264875483e-01
1.751610876782863091e-01
1.751678489092169388e-01
1.751754968706476512e-01
1.751841894167053826e-01
1.751936796244823180e-01
1.752066324300977640e-01
1.752083544628387501e-01
1.752224310387329731e-01
1.752181670651853651e-01
1.752364816227243716e-01
1.752275824164740703e-01
1.752510748759505965e-01
1.752383741899196656e-01
1.752646281775472326e-01
1.752553499334303377e-01
1.752643797131799852e-01
