4.407684632575515488e-02
3.772759038537929627e-02
3.326523117384449363e-02
3.025216725875681800e-02
2.827055304351327319e-02
2.697246712826462112e-02
2.609457624481347979e-02
2.545863606888626451e-02
2.496069644018659994e-02
2.455004970414844181e-02
2.420524280530021721e-02
2.391570472143424511e-02
2.367338772107602241e-02
2.347021405651495904e-02
2.329930369405881774e-02
2.315503215892168037e-02
2.303281953046154226e-02
2.292892329475024193e-02
2.284026877015895435e-02
2.276431660232872134e-02
2.269896505287245098e-02
2.264247612828006878e-02
2.259341994631473838e-02
2.255063519963905472e-02
2.251318632888850077e-02
2.248032667642083787e-02
2.245145222808855173e-02
2.242607022741549896e-02
2.240376155425470583e-02
2.238416030031355891e-02
2.236694730712238816e-02
2.235183313120528079e-02
2.233856283940625562e-02
2.233856283940625215e-02
2.233856283940625215e-02
2.233856283940625215e-02
2.233856283940625562e-02
2.233856283940625215e-02
2.233856283940625215e-02
2.233856283940625215e-02
2.233856283940625562e-02
2.233856283940625215e-02
2.233856283940625215e-02
2.233856283940625215e-02
2.233856283940625562e-02
2.233856283940625215e-02
2.233856283940625215e-02
2.233856283940625215e-02
2.233856283940625562e-02
2.233856283940625215e-02
2.233856283940625215e-02
2.233856283940625215e-02
2.233856283940625562e-02
2.233856283940625215e-02
2.233856283940625215e-02
2.233856283940625215e-02
2.233856283940625562e-02
2.233856283940625215e-02
2.233856283940625215e-02
2.233856283940625215e-02
2.233856283940625562e-02
2.233856283940625215e-02
2.233856283940625215e-02
2.233856283940625215e-02
2.233856283940625562e-02
2.233856283940625215e-02
2.233856283940625215e-02
2.233856283940625215e-02
2.233856283940625562e-02
2.233856283940625215e-02
2.233856283940625215e-02
2.233856283940625215e-02
2.233856283940625562e-02
2.233856283940625215e-02
2.233856283940625215e-02
2.233856283940625215e-02
2.233856283940625562e-02
2.233856283940625215e-02
2.233856283940625215e-02
2.233856283940625215e-02
2.233856283940625562e-02
2.233856283940625215e-02
2.233856283940625215e-02
2.233856283940625215e-02
2.233856283940625562e-02
2.233856283940625215e-02
2.233856283940625215e-02
2.233856283940625215e-02
2.233856283940625562e-02
2.233856283940625215e-02
2.233856283940625215e-02
2.233856283940625215e-02
2.233856283940625562e-02
2.233856283940625215e-02
2.233856283940625215e-02
2.233856283940625215e-02
2.234789295130608366e-02
2.235937893548465075e-02
2.237331827127914119e-02
2.239005401176093202e-02
2.240998646381483356e-02
2.243358244082755901e-02
2.246139034554578071e-02
2.249405854835799523e-02
2.253234634461648289e-02
2.257715612342216932e-02
2.262955737450129262e-02
2.269082273935488225e-02
2.276246704754154859e-02
2.284631457067762272e-02
2.294454775601390689e-02
2.305981128936230445e-02
2.319531302789896304e-02
2.335496781578466630e-02
2.354357310238702414e-02
2.376701721643446549e-02
2.403251893283355617e-02
2.434857216896941373e-02
2.472371048288141832e-02
2.516917440954311025e-02
2.570736546022782745e-02
2.639058564410469085e-02
2.732563155891941375e-02
2.869571088113086199e-02
3.077227051370906227e-02
3.391535715180071797e-02
3.855915276141577697e-02
4.515944881199269317e-02
