5.513032343103614341e-01
5.122616826209953622e-01
4.807831666452218600e-01
4.566149562631637293e-01
4.387192280126996913e-01
4.257118609589206626e-01
4.162154814017121618e-01
4.090901050215619561e-01
4.035282976925211873e-01
3.990319923076580677e-01
3.953212581565682116e-01
3.922323150272467585e-01
3.896555518251600958e-01
3.874979987241413126e-01
3.856840367947692028e-01
3.841530523726872648e-01
3.828561178842768697e-01
3.817535414462019938e-01
3.808127828784386715e-01
3.800070553467873036e-01
3.793142894459866632e-01
3.787161845866199306e-01
3.781976706000773625e-01
3.777464447961822458e-01
3.773524504445289196e-01
3.770075029099020369e-01
3.767049876799637431e-01
3.764393804080754524e-01
3.762060867727302638e-01
3.760011685430876271e-01
3.758211681357125356e-01
3.756630780367428146e-01
3.755242164887828693e-01
3.755242164887828138e-01
3.755242164887828693e-01
3.755242164887828693e-01
3.755242164887828693e-01
3.755242164887828138e-01
3.755242164887828693e-01
3.755242164887828693e-01
3.755242164887828693e-01
3.755242164887828138e-01
3.755242164887828693e-01
3.755242164887828693e-01
3.755242164887828693e-01
3.755242164887828138e-01
3.755242164887828693e-01
3.755242164887828693e-01
3.755242164887828693e-01
3.755242164887828138e-01
3.755242164887828693e-01
3.755242164887828693e-01
3.755242164887828693e-01
3.755242164887828138e-01
3.755242164887828693e-01
3.755242164887828693e-01
3.755242164887828693e-01
3.755242164887828138e-01
3.755242164887828693e-01
3.755242164887828693e-01
3.755242164887828693e-01
3.755242164887828138e-01
3.755242164887828693e-01
3.755242164887828693e-01
3.755242164887828693e-01
3.755242164887828138e-01
3.755242164887828693e-01
3.755242164887828693e-01
3.755242164887828693e-01
3.755242164887828138e-01
3.755242164887828693e-01
3.755242164887828693e-01
3.755242164887828693e-01
3.755242164887828138e-01
3.755242164887828693e-01
3.755242164887828693e-01
3.755242164887828693e-01
3.755242164887828138e-01
3.755242164887828693e-01
3.755242164887828693e-01
3.755242164887828693e-01
3.755242164887828138e-01
3.755242164887828693e-01
3.755242164887828693e-01
3.755242164887828693e-01
3.755242164887828138e-01
3.755242164887828693e-01
3.755242164887828693e-01
3.755242164887828693e-01
3.755242164887828138e-01
3.755242164887828693e-01
3.755242164887828693e-01
3.755242164887828693e-01
3.755242164887828138e-01
3.755242164887828693e-01
3.755242164887828693e-01
3.756246884209987758e-01
3.757476841324578487e-01
3.758964101334574259e-01
3.760745207634054732e-01
3.762862678844820508e-01
3.765366288181206667e-01
3.768314146061869652e-01
3.771774503681229462e-01
3.775827874197876799e-01
3.780569470692490830e-01
3.786111789998748423e-01
3.792588482677897721e-01
3.800159099637074878e-01
3.809014128294078705e-01
3.819382727574337499e-01
3.831541213937501578e-01
3.845825039708098414e-01
3.862644051130624812e-01
3.882501815063399420e-01
3.906022170297132057e-01
3.933982145531363939e-01
3.967336121051161513e-01
4.007206444160265058e-01
4.055268458398600395e-01
4.114369141254538564e-01
4.189556673563361588e-01
4.289000044134780865e-01
4.424223880731221747e-01
4.609142659882425330e-01
4.857712447025851477e-01
5.180318272858104311e-01
5.579273500837922395e-01
