3.494840896365603022e-01
3.023129437625689531e-01
2.922621130018496771e-01
2.898916283095256397e-01
2.893193054518145013e-01
2.891803463912451244e-01
2.891465613317582006e-01
2.891383444605971076e-01
2.891363458738765990e-01
2.891358597492467153e-01
2.891357415066568848e-01
2.891357127458970000e-01
2.891357057502719763e-01
2.891357040486922103e-01
2.891357036348091158e-01
2.891357035341384218e-01
2.891357035096518424e-01
2.891357035036958845e-01
2.891357035022472100e-01
2.891357035018948807e-01
2.891357035018091715e-01
2.891357035017882993e-01
2.891357035017831922e-01
2.891357035017819710e-01
2.891357035017817489e-01
2.891357035017816379e-01
2.891357035017816379e-01
2.891357035017816379e-01
2.891357035017816379e-01
2.891357035017816379e-01
2.891357035017816379e-01
2.891357035017816379e-01
2.891357035017816379e-01
2.891357035017816379e-01
2.891357035017816379e-01
2.891357035017816379e-01
2.891357035017816379e-01
2.891357035017816379e-01
2.891357035017816379e-01
2.891357035017816379e-01
2.891357035017816379e-01
2.891357035017816379e-01
2.891357035017816379e-01
2.891357035017816379e-01
2.891357035017816379e-01
2.891357035017816379e-01
2.891357035017816379e-01
2.891357035017816379e-01
2.891357035017816379e-01
2.891357035017816379e-01
2.891357035017816379e-01
2.891357035017816379e-01
2.891357035017816379e-01
2.891357035017816379e-01
2.891357035017816379e-01
2.891357035017816379e-01
2.891357035017816379e-01
2.891357035017816379e-01
2.891357035017816379e-01
2.891357035017816379e-01
2.891357035017816379e-01
2.891357035017816379e-01
2.891357035017816379e-01
2.891357035017816379e-01
2.891357035017816379e-01
2.891357035017816379e-01
2.891357035017816379e-01
2.891357035017816379e-01
2.891357035017816379e-01
2.891357035017816379e-01
2.891357035017816379e-01
2.891357035017816379e-01
2.891357035017816379e-01
2.891357035017816379e-01
2.891357035017816379e-01
2.891357035017816379e-01
2.891357035017816379e-01
2.891357035017816379e-01
2.891357035017816379e-01
2.891357035017816379e-01
2.891357035017816379e-01
2.891357035017816379e-01
2.891357035017816379e-01
2.891357035017816379e-01
2.891357035017816379e-01
2.891357035017816379e-01
2.891357035017816379e-01
2.891357035017816379e-01
2.891357035017816379e-01
2.891357035017816379e-01
2.891357035017816379e-01
2.891357035017816379e-01
2.891357035017816379e-01
2.891357035017816379e-01
2.891357035017816379e-01
2.891357035017816379e-01
2.891357035017816379e-01
2.891357035017816379e-01
2.891357035017816379e-01
2.891357035017816379e-01
2.891357035017816379e-01
2.891357035017816379e-01
2.891357035017816379e-01
2.891357035017817489e-01
2.891357035017819710e-01
2.891357035017831922e-01
2.891357035017882993e-01
2.891357035018091715e-01
2.891357035018948807e-01
2.891357035022472100e-01
2.891357035036958845e-01
2.891357035096518424e-01
2.891357035341384218e-01
2.891357036348090048e-01
2.891357040486922103e-01
2.891357057502719763e-01
2.891357127458969445e-01
2.891357415066568848e-01
2.891358597492467153e-01
2.891363458738765435e-01
2.891383444605970521e-01
2.891465613317582006e-01
2.891803463912451244e-01
2.893193054518145013e-01
2.898916283095256397e-01
2.922621130018496771e-01
3.023129437625689531e-01
3.494840896365603022e-01
