2.194402457210525570e-01
1.656612426087547552e-01
1.441905702904286157e-01
1.353574162742647025e-01
1.322043050705427325e-01
1.316037011798591450e-01
1.319893356584647404e-01
1.325961004273067401e-01
1.331076240930224308e-01
1.334433912609652439e-01
1.336253902741152688e-01
1.337042018828796530e-01
1.337258835575309002e-01
1.337220766844719466e-01
1.337107011280846969e-01
1.337000028729831425e-01
1.336926128776660949e-01
1.336884945441729755e-01
1.336867010188861060e-01
1.336862377744620634e-01
1.336863759395034434e-01
1.336866869379559897e-01
1.336869698557503205e-01
1.336871614562524513e-01
1.336872653633932595e-01
1.336873079723368829e-01
1.336873162877900700e-01
1.336873098332509446e-01
1.336872998762009268e-01
1.336872914950844315e-01
1.336872860829475818e-01
1.336872832996205684e-01
1.336872822716709541e-01
1.336872821798710531e-01
1.336872824577635677e-01
1.336872827923935858e-01
1.336872830526501243e-01
1.336872832114315846e-01
1.336872832875854733e-01
1.336872833115384518e-01
1.336872833093565027e-01
1.336872832981040871e-01
1.336872832866779770e-01
1.336872832784284371e-01
1.336872832736996919e-01
1.336872832716228254e-01
1.336872832711226700e-01
1.336872832713527082e-01
1.336872832717901360e-01
1.336872832721814619e-01
1.336872832724449456e-01
1.336872832725857496e-01
1.336872832726410665e-01
1.336872832726486160e-01
1.336872832726359872e-01
1.336872832726195282e-01
1.336872832726062055e-01
1.336872832725977400e-01
1.336872832725936877e-01
1.336872832725923554e-01
1.336872832725922999e-01
1.336872832725929661e-01
1.336872832725934379e-01
1.336872832725938265e-01
1.336872832725938265e-01
1.336872832725934379e-01
1.336872832725929661e-01
1.336872832725922999e-01
1.336872832725923554e-01
1.336872832725936877e-01
1.336872832725977400e-01
1.336872832726061777e-01
1.336872832726195282e-01
1.336872832726360150e-01
1.336872832726486160e-01
1.336872832726410665e-01
1.336872832725857496e-01
1.336872832724449456e-01
1.336872832721814619e-01
1.336872832717901360e-01
1.336872832713526804e-01
1.336872832711226700e-01
1.336872832716228254e-01
1.336872832736996641e-01
1.336872832784284371e-01
1.336872832866779770e-01
1.336872832981040871e-01
1.336872833093565027e-01
1.336872833115384240e-01
1.336872832875854733e-01
1.336872832114315846e-01
1.336872830526501243e-01
1.336872827923935858e-01
1.336872824577635677e-01
1.336872821798710531e-01
1.336872822716709541e-01
1.336872832996205684e-01
1.336872860829475818e-01
1.336872914950844315e-01
1.336872998762009546e-01
1.336873098332509169e-01
1.336873162877900700e-01
1.336873079723368829e-01
1.336872653633932595e-01
1.336871614562524790e-01
1.336869698557503205e-01
1.336866869379560174e-01
1.336863759395034434e-01
1.336862377744620356e-01
1.336867010188860783e-01
1.336884945441729755e-01
1.336926128776660949e-01
1.337000028729831425e-01
1.337107011280847246e-01
1.337220766844719466e-01
1.337258835575308724e-01
1.337042018828796253e-01
1.336253902741152688e-01
1.334433912609652439e-01
1.331076240930224308e-01
1.325961004273067401e-01
1.319893356584647404e-01
1.316037011798591450e-01
1.322043050705427047e-01
1.353574162742647025e-01
1.441905702904286157e-01
1.656612426087548107e-01
2.194402457210525847e-01
