2.585592226376402514e-01
1.802400879578719972e-01
1.553421477268374928e-01
1.440375217909717898e-01
1.387884620370112843e-01
1.387337463759471812e-01
1.415420535648004574e-01
1.467275124451335455e-01
1.532038420104052945e-01
1.595228484378002909e-01
1.652903419665301687e-01
1.701694551491295115e-01
1.738182101129037704e-01
1.761349310354429210e-01
1.772053512856299196e-01
1.772437598950489801e-01
1.765288642844768940e-01
1.753476425188436327e-01
1.739558376255215810e-01
1.725564933259146061e-01
1.712941152600885863e-01
1.702577976734724052e-01
1.694897771232059536e-01
1.689971007551629711e-01
1.687619598252249331e-01
1.687478818801404212e-01
1.689057092319276310e-01
1.691808807933267433e-01
1.695197447900559928e-01
1.698742789412128196e-01
1.702056500219159274e-01
1.704858269121060366e-01
1.706981980187553538e-01
1.706981980187553816e-01
1.706981980187553538e-01
1.706981980187553816e-01
1.706981980187553538e-01
1.706981980187553816e-01
1.706981980187553538e-01
1.706981980187553816e-01
1.706981980187553538e-01
1.706981980187553816e-01
1.706981980187553538e-01
1.706981980187553816e-01
1.706981980187553538e-01
1.706981980187553816e-01
1.706981980187553538e-01
1.706981980187553816e-01
1.706981980187553538e-01
1.706981980187553816e-01
1.706981980187553538e-01
1.706981980187553816e-01
1.706981980187553538e-01
1.706981980187553816e-01
1.706981980187553538e-01
1.706981980187553816e-01
1.706981980187553538e-01
1.706981980187553816e-01
1.706981980187553538e-01
1.706981980187553816e-01
1.706981980187553538e-01
1.706981980187553816e-01
1.706981980187553538e-01
1.706981980187553816e-01
1.706981980187553538e-01
1.706981980187553816e-01
1.706981980187553538e-01
1.706981980187553816e-01
1.706981980187553538e-01
1.706981980187553816e-01
1.706981980187553538e-01
1.706981980187553816e-01
1.706981980187553538e-01
1.706981980187553816e-01
1.706981980187553538e-01
1.706981980187553816e-01
1.706981980187553538e-01
1.706981980187553816e-01
1.706981980187553538e-01
1.706981980187553816e-01
1.706981980187553538e-01
1.706981980187553816e-01
1.706981980187553538e-01
1.706981980187553816e-01
1.706981980187553538e-01
1.706981980187553816e-01
1.706981980187553538e-01
1.706981980187553816e-01
1.706981980187553538e-01
1.706981980187553816e-01
1.706981980187553538e-01
1.706981980187553816e-01
1.706981980187553538e-01
1.706981980187553816e-01
1.706981980187553538e-01
1.706981980187553816e-01
1.705466176801268552e-01
1.703308495241218634e-01
1.700592965238829912e-01
1.697532051638668826e-01
1.694475561760381555e-01
1.691897754208156468e-01
1.690369770179098452e-01
1.690510138851317734e-01
1.692919017788296898e-01
1.698095030586060927e-01
1.706336563423232755e-01
1.717628981091532669e-01
1.731525827520937477e-01
1.747030884863403633e-01
1.762509184925566963e-01
1.775660936526896605e-01
1.783613472259149291e-01
1.783187395164902156e-01
1.771366848371130065e-01
1.745941043243221524e-01
1.706199624967399686e-01
1.653516738541537523e-01
1.591808772644739967e-01
1.524954501113011396e-01
1.457354084431063679e-01
1.403659339484350232e-01
1.374669531476760131e-01
1.375228582460655269e-01
1.428395178423364775e-01
1.542810900838867405e-01
1.793695561873622224e-01
2.577073403465548473e-01
