3.673924288629376034e-01
2.892017622783215614e-01
3.250770940499767003e-01
3.639736397441265536e-01
3.612927896770789515e-01
3.488032588169256987e-01
3.490163161158139626e-01
3.551757335407147997e-01
3.546228645237957666e-01
3.512547608563004742e-01
3.511237917863694880e-01
3.527770317903401454e-01
3.525684671710755391e-01
3.514062831630735961e-01
3.514060542788543517e-01
3.520711979908844325e-01
3.520105926625656245e-01
3.515429726424207368e-01
3.515470619285190890e-01
3.518365696077558336e-01
3.518177583098398009e-01
3.516105423786425321e-01
3.516136732215305316e-01
3.517521965897850711e-01
3.517451842819163121e-01
3.516434016899123161e-01
3.516453939903343984e-01
3.517163882197310021e-01
3.517133049549932000e-01
3.516609581840863252e-01
3.516623616820461762e-01
3.517001653354933643e-01
3.516991310960330130e-01
3.516991310960330130e-01
3.516991310960330686e-01
3.516991310960330130e-01
3.516991310960330130e-01
3.516991310960330130e-01
3.516991310960330686e-01
3.516991310960330130e-01
3.516991310960330130e-01
3.516991310960330130e-01
3.516991310960330686e-01
3.516991310960330130e-01
3.516991310960330130e-01
3.516991310960330130e-01
3.516991310960330686e-01
3.516991310960330130e-01
3.516991310960330130e-01
3.516991310960330130e-01
3.516991310960330686e-01
3.516991310960330130e-01
3.516991310960330130e-01
3.516991310960330130e-01
3.516991310960330686e-01
3.516991310960330130e-01
3.516991310960330130e-01
3.516991310960330130e-01
3.516991310960330686e-01
3.516991310960330130e-01
3.516991310960330130e-01
3.516991310960330130e-01
3.516991310960330686e-01
3.516991310960330130e-01
3.516991310960330130e-01
3.516991310960330130e-01
3.516991310960330686e-01
3.516991310960330130e-01
3.516991310960330130e-01
3.516991310960330130e-01
3.516991310960330686e-01
3.516991310960330130e-01
3.516991310960330130e-01
3.516991310960330130e-01
3.516991310960330686e-01
3.516991310960330130e-01
3.516991310960330130e-01
3.516991310960330130e-01
3.516991310960330686e-01
3.516991310960330130e-01
3.516991310960330130e-01
3.516991310960330130e-01
3.516991310960330686e-01
3.516991310960330130e-01
3.516991310960330130e-01
3.516991310960330130e-01
3.516991310960330686e-01
3.516991310960330130e-01
3.516991310960330130e-01
3.516991310960330130e-01
3.516991310960330686e-01
3.516991310960330130e-01
3.516991310960330130e-01
3.516991310960330130e-01
3.516991310960330686e-01
3.516991310960330130e-01
3.516997202849847515e-01
3.516703216552390932e-01
3.516690439368056476e-01
3.517143395501871050e-01
3.517173243865168719e-01
3.516510313129853627e-01
3.516492113433503097e-01
3.517508511021105733e-01
3.517585799398599278e-01
3.516139561418050730e-01
3.516113726546475915e-01
3.518375529855566897e-01
3.518596804793803212e-01
3.515420123543007702e-01
3.515392868605821119e-01
3.520580546060463334e-01
3.521282642212661962e-01
3.513996506213354909e-01
3.514041836869018498e-01
3.526747174215611458e-01
3.529083016768329584e-01
3.511321686990730440e-01
3.512831210782868530e-01
3.548719821087300552e-01
3.554728503971405495e-01
3.490287192402777849e-01
3.488261207655884988e-01
3.617613918819378993e-01
3.645542931817228327e-01
3.246776931135739730e-01
2.882402622257958513e-01
3.665341950663180692e-01
