9.363600003902976254e-02
7.241710317067986957e-02
6.344091954730798899e-02
5.823539293423261876e-02
5.382256836642188014e-02
5.060305527760993599e-02
4.845666374752748834e-02
4.672181717474445384e-02
4.523110669126071542e-02
4.404547491780078095e-02
4.311108445864555994e-02
4.235344464569452960e-02
4.173167327519548830e-02
4.121720259862207691e-02
4.078865582235790405e-02
4.042965318972541883e-02
4.012740702284267602e-02
3.987177230001565098e-02
3.965461073381747192e-02
3.946931894218082271e-02
3.931050340074206118e-02
3.917369670057349595e-02
3.905514821414686477e-02
3.895181646251784369e-02
3.886140459575353201e-02
3.878223059904369052e-02
3.871290258097000864e-02
3.865216299901978042e-02
3.859890985040544120e-02
3.855221306520829200e-02
3.851126358447189146e-02
3.847533385332738143e-02
3.844379409006123960e-02
3.844379409006122572e-02
3.844379409006123266e-02
3.844379409006123960e-02
3.844379409006123960e-02
3.844379409006122572e-02
3.844379409006123266e-02
3.844379409006123960e-02
3.844379409006123960e-02
3.844379409006122572e-02
3.844379409006123266e-02
3.844379409006123960e-02
3.844379409006123960e-02
3.844379409006122572e-02
3.844379409006123266e-02
3.844379409006123960e-02
3.844379409006123960e-02
3.844379409006122572e-02
3.844379409006123266e-02
3.844379409006123960e-02
3.844379409006123960e-02
3.844379409006122572e-02
3.844379409006123266e-02
3.844379409006123960e-02
3.844379409006123960e-02
3.844379409006122572e-02
3.844379409006123266e-02
3.844379409006123960e-02
3.844379409006123960e-02
3.844379409006122572e-02
3.844379409006123266e-02
3.844379409006123960e-02
3.844379409006123960e-02
3.844379409006122572e-02
3.844379409006123266e-02
3.844379409006123960e-02
3.844379409006123960e-02
3.844379409006122572e-02
3.844379409006123266e-02
3.844379409006123960e-02
3.844379409006123960e-02
3.844379409006122572e-02
3.844379409006123266e-02
3.844379409006123960e-02
3.844379409006123960e-02
3.844379409006122572e-02
3.844379409006123266e-02
3.844379409006123960e-02
3.844379409006123960e-02
3.844379409006122572e-02
3.844379409006123266e-02
3.844379409006123960e-02
3.844379409006123960e-02
3.844379409006122572e-02
3.844379409006123266e-02
3.844379409006123960e-02
3.844379409006123960e-02
3.844379409006122572e-02
3.844379409006123266e-02
3.844379409006123960e-02
3.844379409006123960e-02
3.844379409006122572e-02
3.844379409006123266e-02
3.844379409006123960e-02
3.846636820263739376e-02
3.849406817854722496e-02
3.852762210385850261e-02
3.856787480559398934e-02
3.861579043255831262e-02
3.867251998254120360e-02
3.873940732217192456e-02
3.881804183780264428e-02
3.891031130946676075e-02
3.901844305692167558e-02
3.914509807842066896e-02
3.929348070226038048e-02
3.946741857369840539e-02
3.967155888473301861e-02
3.991154020674383962e-02
4.019427894959286263e-02
4.052830854115726383e-02
4.092427717187534231e-02
4.139559664182424631e-02
4.195945535911874136e-02
4.263824132862500949e-02
4.346186202287962569e-02
4.447297735351896097e-02
4.574880247607287370e-02
4.734612225667010621e-02
4.920571575400060904e-02
5.150286540881417185e-02
5.492117815087051852e-02
5.959183410480971277e-02
6.511341136850293254e-02
7.459799992581317429e-02
9.694900122580717150e-02
