1.063589512429444911e-01
8.457365884600637207e-02
7.533864956640914934e-02
6.794896441083118910e-02
6.344305040548295360e-02
5.999219872883435056e-02
5.723511605459444263e-02
5.525283721776443058e-02
5.352086895050925386e-02
5.217715931100938564e-02
5.113356661997667252e-02
5.027392676699100893e-02
4.956482884765404939e-02
4.897649809142301525e-02
4.848556891760185533e-02
4.807378253540870588e-02
4.772676617214213768e-02
4.743303901761379560e-02
4.718335571212708968e-02
4.697020741727624127e-02
4.678741634476880906e-02
4.662989655244631493e-02
4.649338202035765977e-02
4.637431782136031133e-02
4.627011326143457004e-02
4.617885577151185916e-02
4.609890846925839697e-02
4.602883829088333378e-02
4.596740939100431300e-02
4.591353075795213262e-02
4.586626388833103807e-02
4.582478619084300042e-02
4.578837587539898168e-02
4.578837587539898168e-02
4.578837587539898168e-02
4.578837587539898168e-02
4.578837587539898168e-02
4.578837587539898168e-02
4.578837587539898168e-02
4.578837587539898168e-02
4.578837587539898168e-02
4.578837587539898168e-02
4.578837587539898168e-02
4.578837587539898168e-02
4.578837587539898168e-02
4.578837587539898168e-02
4.578837587539898168e-02
4.578837587539898168e-02
4.578837587539898168e-02
4.578837587539898168e-02
4.578837587539898168e-02
4.578837587539898168e-02
4.578837587539898168e-02
4.578837587539898168e-02
4.578837587539898168e-02
4.578837587539898168e-02
4.578837587539898168e-02
4.578837587539898168e-02
4.578837587539898168e-02
4.578837587539898168e-02
4.578837587539898168e-02
4.578837587539898168e-02
4.578837587539898168e-02
4.578837587539898168e-02
4.578837587539898168e-02
4.578837587539898168e-02
4.578837587539898168e-02
4.578837587539898168e-02
4.578837587539898168e-02
4.578837587539898168e-02
4.578837587539898168e-02
4.578837587539898168e-02
4.578837587539898168e-02
4.578837587539898168e-02
4.578837587539898168e-02
4.578837587539898168e-02
4.578837587539898168e-02
4.578837587539898168e-02
4.578837587539898168e-02
4.578837587539898168e-02
4.578837587539898168e-02
4.578837587539898168e-02
4.578837587539898168e-02
4.578837587539898168e-02
4.578837587539898168e-02
4.578837587539898168e-02
4.578837587539898168e-02
4.578837587539898168e-02
4.578837587539898168e-02
4.578837587539898168e-02
4.578837587539898168e-02
4.578837587539898168e-02
4.578837587539898168e-02
4.578837587539898168e-02
4.578837587539898168e-02
4.578837587539898168e-02
4.581437573626274962e-02
4.584629548015749234e-02
4.588497144250831827e-02
4.593136486800171447e-02
4.598660026256880251e-02
4.605200537542551709e-02
4.612911488440590846e-02
4.621974881653059114e-02
4.632606983452974836e-02
4.645064625684446058e-02
4.659654550731345130e-02
4.676741104453853437e-02
4.696764194951807969e-02
4.720255034539214828e-02
4.747856909647787255e-02
4.780357633410071971e-02
4.818725152908806542e-02
4.864163928915581081e-02
4.918184382410158151e-02
4.982700999946659826e-02
5.060164035713309028e-02
5.153698786122501430e-02
5.266826835905658033e-02
5.411521500463285089e-02
5.596929904593350713e-02
5.809374027554664588e-02
6.102866570779244548e-02
6.469533447651634739e-02
6.947702263661366395e-02
7.727016383791719678e-02
8.702189259422533907e-02
1.099501435894809920e-01
