4.173776601972414291e-01
3.145045270652789826e-01
4.273583536589058429e-01
5.087671369738155924e-01
5.445104865067288413e-01
5.306008649593342286e-01
5.187014091800161708e-01
5.192383196428591585e-01
5.237231593959964515e-01
5.245696890343157781e-01
5.284437826521218851e-01
5.292395696940012106e-01
5.294092702929716898e-01
5.276226021518215514e-01
5.289049289911066376e-01
5.301923781970765415e-01
5.303758666994928817e-01
5.293743680261044915e-01
5.295678346664446368e-01
5.302917471125546678e-01
5.303061529505668226e-01
5.298453272545776693e-01
5.298721899399949642e-01
5.302367431221749472e-01
5.302455834989608929e-01
5.300118462997145397e-01
5.300197360079113018e-01
5.301919839041374649e-01
5.301988354419572280e-01
5.300766896977245901e-01
5.300887247643831790e-01
5.301762032597610030e-01
5.301742091606149732e-01
5.301742091606149732e-01
5.301742091606149732e-01
5.301742091606148621e-01
5.301742091606149732e-01
5.301742091606149732e-01
5.301742091606149732e-01
5.301742091606148621e-01
5.301742091606149732e-01
5.301742091606149732e-01
5.301742091606149732e-01
5.301742091606148621e-01
5.301742091606149732e-01
5.301742091606149732e-01
5.301742091606149732e-01
5.301742091606148621e-01
5.301742091606149732e-01
5.301742091606149732e-01
5.301742091606149732e-01
5.301742091606148621e-01
5.301742091606149732e-01
5.301742091606149732e-01
5.301742091606149732e-01
5.301742091606148621e-01
5.301742091606149732e-01
5.301742091606149732e-01
5.301742091606149732e-01
5.301742091606148621e-01
5.301742091606149732e-01
5.301742091606149732e-01
5.301742091606149732e-01
5.301742091606148621e-01
5.301742091606149732e-01
5.301742091606149732e-01
5.301742091606149732e-01
5.301742091606148621e-01
5.301742091606149732e-01
5.301742091606149732e-01
5.301742091606149732e-01
5.301742091606148621e-01
5.301742091606149732e-01
5.301742091606149732e-01
5.301742091606149732e-01
5.301742091606148621e-01
5.301742091606149732e-01
5.301742091606149732e-01
5.301742091606149732e-01
5.301742091606148621e-01
5.301742091606149732e-01
5.301742091606149732e-01
5.301742091606149732e-01
5.301742091606148621e-01
5.301742091606149732e-01
5.301742091606149732e-01
5.301742091606149732e-01
5.301742091606148621e-01
5.301742091606149732e-01
5.301742091606149732e-01
5.301742091606149732e-01
5.301742091606148621e-01
5.301742091606149732e-01
5.301742091606149732e-01
5.301742091606149732e-01
5.301742091606148621e-01
5.301786434842540308e-01
5.301162876370295596e-01
5.301010178732625810e-01
5.301980876183113311e-01
5.301940736662349440e-01
5.300445621556084674e-01
5.300355172460771147e-01
5.302501624769709876e-01
5.302337822088025732e-01
5.298564473979106015e-01
5.298432155605573568e-01
5.303165990170334299e-01
5.302919035663342662e-01
5.294713894579888835e-01
5.292579412544357043e-01
5.303667999041568049e-01
5.301222044986592108e-01
5.287475398875818300e-01
5.271550878570820942e-01
5.291088018966535467e-01
5.289699725788807871e-01
5.283735535071881761e-01
5.236959032703230044e-01
5.231399818540255486e-01
5.185436380271498669e-01
5.181059658983788729e-01
5.309095668708165849e-01
5.448252878940171851e-01
5.085477549923020923e-01
4.265808463916326287e-01
3.130944218556666603e-01
4.156202423999524886e-01
