3.707724104710225510e-01
3.123646130015525491e-01
3.343636915192702008e-01
3.511240353817743909e-01
3.496547663292359220e-01
3.467508562584191711e-01
3.468119467040233772e-01
3.473507416532236602e-01
3.473284755329469897e-01
3.472060382939050061e-01
3.472091317010559952e-01
3.472373073678466926e-01
3.472366233951463821e-01
3.472298260804008718e-01
3.472299635748283819e-01
3.472316373673255407e-01
3.472316069705365105e-01
3.472311867283192077e-01
3.472311935295304131e-01
3.472313004964649452e-01
3.472312989255133542e-01
3.472312713874025070e-01
3.472312717567466178e-01
3.472312789113732312e-01
3.472312788230010883e-01
3.472312769498993035e-01
3.472312769713352121e-01
3.472312774648910194e-01
3.472312774596277296e-01
3.472312773288568355e-01
3.472312773301621802e-01
3.472312773649769424e-01
3.472312773646502593e-01
3.472312773553427601e-01
3.472312773554251386e-01
3.472312773579229739e-01
3.472312773579017686e-01
3.472312773572292510e-01
3.472312773572348021e-01
3.472312773574165456e-01
3.472312773574154909e-01
3.472312773573658085e-01
3.472312773573660305e-01
3.472312773573795752e-01
3.472312773573797973e-01
3.472312773573753564e-01
3.472312773573760780e-01
3.472312773573770772e-01
3.472312773573767997e-01
3.472312773573760780e-01
3.472312773573769107e-01
3.472312773573770772e-01
3.472312773573768552e-01
3.472312773573765221e-01
3.472312773573765221e-01
3.472312773573766886e-01
3.472312773573766886e-01
3.472312773573766331e-01
3.472312773573766331e-01
3.472312773573766331e-01
3.472312773573766886e-01
3.472312773573766331e-01
3.472312773573766331e-01
3.472312773573766331e-01
3.472312773573766331e-01
3.472312773573766331e-01
3.472312773573766331e-01
3.472312773573766886e-01
3.472312773573766331e-01
3.472312773573766331e-01
3.472312773573766331e-01
3.472312773573766886e-01
3.472312773573766886e-01
3.472312773573765221e-01
3.472312773573765221e-01
3.472312773573768552e-01
3.472312773573770772e-01
3.472312773573769107e-01
3.472312773573761335e-01
3.472312773573767997e-01
3.472312773573770772e-01
3.472312773573760225e-01
3.472312773573754119e-01
3.472312773573798528e-01
3.472312773573795752e-01
3.472312773573660305e-01
3.472312773573658085e-01
3.472312773574154909e-01
3.472312773574164901e-01
3.472312773572348021e-01
3.472312773572292510e-01
3.472312773579017131e-01
3.472312773579229739e-01
3.472312773554251386e-01
3.472312773553427601e-01
3.472312773646503148e-01
3.472312773649769979e-01
3.472312773301622357e-01
3.472312773288568910e-01
3.472312774596277851e-01
3.472312774648910194e-01
3.472312769713352121e-01
3.472312769498993035e-01
3.472312788230011438e-01
3.472312789113732312e-01
3.472312717567466178e-01
3.472312713874025070e-01
3.472312989255132987e-01
3.472313004964648897e-01
3.472311935295303575e-01
3.472311867283192077e-01
3.472316069705365105e-01
3.472316373673255407e-01
3.472299635748283264e-01
3.472298260804008718e-01
3.472366233951463821e-01
3.472373073678466926e-01
3.472091317010559397e-01
3.472060382939050061e-01
3.473284755329469342e-01
3.473507416532235492e-01
3.468119467040233772e-01
3.467508562584191156e-01
3.496547663292358665e-01
3.511240353817743909e-01
3.343636915192702008e-01
3.123646130015525491e-01
3.707724104710224955e-01
