2.580858942443323700e-01
1.683951207034084241e-01
1.439352773225905657e-01
1.526732896459655764e-01
1.828751574618468489e-01
2.173602107219509139e-01
2.362929419260791086e-01
2.369170034200959729e-01
2.282273512609297172e-01
2.182991228620299873e-01
2.114965090257309444e-01
2.092588691920258259e-01
2.108994039840187962e-01
2.143214384879629231e-01
2.171807188149118828e-01
2.181894091027019034e-01
2.174997125599825720e-01
2.160537338055902590e-01
2.147930064233774805e-01
2.142423642285208041e-01
2.144335428991452908e-01
2.150376435754149662e-01
2.156190692674664622e-01
2.158839973592878436e-01
2.157896170843550399e-01
2.154880401578619098e-01
2.151898330471564424e-01
2.150437223257989638e-01
2.150813357469798237e-01
2.152325250496460451e-01
2.153875891043518509e-01
2.154648616374046921e-01
2.154456594196930697e-01
2.154456594196930697e-01
2.154456594196930974e-01
2.154456594196930974e-01
2.154456594196930697e-01
2.154456594196930697e-01
2.154456594196930974e-01
2.154456594196930974e-01
2.154456594196930697e-01
2.154456594196930697e-01
2.154456594196930974e-01
2.154456594196930974e-01
2.154456594196930697e-01
2.154456594196930697e-01
2.154456594196930974e-01
2.154456594196930974e-01
2.154456594196930697e-01
2.154456594196930697e-01
2.154456594196930974e-01
2.154456594196930974e-01
2.154456594196930697e-01
2.154456594196930697e-01
2.154456594196930974e-01
2.154456594196930974e-01
2.154456594196930697e-01
2.154456594196930697e-01
2.154456594196930974e-01
2.154456594196930974e-01
2.154456594196930697e-01
2.154456594196930697e-01
2.154456594196930974e-01
2.154456594196930974e-01
2.154456594196930697e-01
2.154456594196930697e-01
2.154456594196930974e-01
2.154456594196930974e-01
2.154456594196930697e-01
2.154456594196930697e-01
2.154456594196930974e-01
2.154456594196930974e-01
2.154456594196930697e-01
2.154456594196930697e-01
2.154456594196930974e-01
2.154456594196930974e-01
2.154456594196930697e-01
2.154456594196930697e-01
2.154456594196930974e-01
2.154456594196930974e-01
2.154456594196930697e-01
2.154456594196930697e-01
2.154456594196930974e-01
2.154456594196930974e-01
2.154456594196930697e-01
2.154456594196930697e-01
2.154456594196930974e-01
2.154456594196930974e-01
2.154456594196930697e-01
2.154456594196930697e-01
2.154456594196930974e-01
2.154456594196930974e-01
2.154456594196930697e-01
2.154456594196930697e-01
2.154456594196930974e-01
2.154456594196930974e-01
2.154589890899320515e-01
2.153997722073262844e-01
2.152735275063209219e-01
2.151438197975371336e-01
2.151100813336911111e-01
2.152467807060022831e-01
2.155359020940896542e-01
2.158381295541988154e-01
2.159366234354200831e-01
2.156599632994063154e-01
2.150386183742316604e-01
2.143837197940142714e-01
2.141762889950219739e-01
2.147870156655315443e-01
2.161866249230585679e-01
2.177967210989613100e-01
2.185729312374403155e-01
2.174678972675697652e-01
2.143221625198989122e-01
2.105823749910580578e-01
2.088189135148847408e-01
2.112570850581586279e-01
2.185836745505098100e-01
2.292623006887922199e-01
2.386484728784583065e-01
2.380775678090921166e-01
2.181183921323119057e-01
1.823238996807110546e-01
1.515804602621111385e-01
1.428296598859411515e-01
1.672662760274530869e-01
2.563367749707986532e-01
