5.171868983522175806e-02
4.400356150804408950e-02
3.917044272396982829e-02
3.636542069360922808e-02
3.474301638033128886e-02
3.366810673130946063e-02
3.279389108041388945e-02
3.201625110505358640e-02
3.134410247543711892e-02
3.079186917193404288e-02
3.034742767231087338e-02
2.998666181427022542e-02
2.968918464449248756e-02
2.944174518356918596e-02
2.923465552638691151e-02
2.906045690853547095e-02
2.891327836964859357e-02
2.878842031959906109e-02
2.868207923965471889e-02
2.859113530195089500e-02
2.851299923595710523e-02
2.844552230467369686e-02
2.838693533215524978e-02
2.833581415708183449e-02
2.829104064901807186e-02
2.825175551937575760e-02
2.821727224123603620e-02
2.818701726093604532e-02
2.816048100099442092e-02
2.813720867254160957e-02
2.811679529193411922e-02
2.809887713111181018e-02
2.808314618464267942e-02
2.808314618464268636e-02
2.808314618464268636e-02
2.808314618464268636e-02
2.808314618464267942e-02
2.808314618464268636e-02
2.808314618464268636e-02
2.808314618464268636e-02
2.808314618464267942e-02
2.808314618464268636e-02
2.808314618464268636e-02
2.808314618464268636e-02
2.808314618464267942e-02
2.808314618464268636e-02
2.808314618464268636e-02
2.808314618464268636e-02
2.808314618464267942e-02
2.808314618464268636e-02
2.808314618464268636e-02
2.808314618464268636e-02
2.808314618464267942e-02
2.808314618464268636e-02
2.808314618464268636e-02
2.808314618464268636e-02
2.808314618464267942e-02
2.808314618464268636e-02
2.808314618464268636e-02
2.808314618464268636e-02
2.808314618464267942e-02
2.808314618464268636e-02
2.808314618464268636e-02
2.808314618464268636e-02
2.808314618464267942e-02
2.808314618464268636e-02
2.808314618464268636e-02
2.808314618464268636e-02
2.808314618464267942e-02
2.808314618464268636e-02
2.808314618464268636e-02
2.808314618464268636e-02
2.808314618464267942e-02
2.808314618464268636e-02
2.808314618464268636e-02
2.808314618464268636e-02
2.808314618464267942e-02
2.808314618464268636e-02
2.808314618464268636e-02
2.808314618464268636e-02
2.808314618464267942e-02
2.808314618464268636e-02
2.808314618464268636e-02
2.808314618464268636e-02
2.808314618464267942e-02
2.808314618464268636e-02
2.808314618464268636e-02
2.808314618464268636e-02
2.808314618464267942e-02
2.808314618464268636e-02
2.808314618464268636e-02
2.808314618464268636e-02
2.808314618464267942e-02
2.808314618464268636e-02
2.808314618464268636e-02
2.808314618464268636e-02
2.809433661257850282e-02
2.810808384429462625e-02
2.812474468200326649e-02
2.814472806640323094e-02
2.816851513376721766e-02
2.819666814676622529e-02
2.822984368963367408e-02
2.826881799099037473e-02
2.831450207320834050e-02
2.836798505542344542e-02
2.843055030462516772e-02
2.850373120182238609e-02
2.858936401875911484e-02
2.868965439850305194e-02
2.880726903092484942e-02
2.894544188911720578e-02
2.910814117468766421e-02
2.930026363724618638e-02
2.952792500150637489e-02
2.979887961249368805e-02
3.012317365540358866e-02
3.051451510215636570e-02
3.099391678824527444e-02
3.158622150804921841e-02
3.230432149210743509e-02
3.313446117921188538e-02
3.406879102210227245e-02
3.521481136560598857e-02
3.692824632946405117e-02
3.986164204501428665e-02
4.488721161074182842e-02
5.290517296859149204e-02
