8.520168656377337391e-02
7.043878939771348879e-02
6.349793571019891891e-02
6.067984553251287022e-02
5.953432347265438102e-02
5.924883328362429147e-02
5.965482640476440362e-02
6.043832592096059358e-02
6.126004298500402345e-02
6.196516064862438861e-02
6.249769821447827278e-02
6.283202979741837890e-02
6.298335357706486004e-02
6.299718487855894555e-02
6.292674124371937239e-02
6.281967270480512400e-02
6.271173407587078696e-02
6.262518965358963852e-02
6.257005670828448551e-02
6.254679191226245050e-02
6.254954596744612128e-02
6.256937007342254498e-02
6.259690291315295196e-02
6.262420996442284726e-02
6.264577812954431890e-02
6.265883928661034052e-02
6.266314354610097448e-02
6.266030484036289039e-02
6.265292740993415321e-02
6.264378543353879558e-02
6.263522897451798133e-02
6.262883234498881069e-02
6.262529764738332394e-02
6.262529764738333782e-02
6.262529764738332394e-02
6.262529764738333782e-02
6.262529764738332394e-02
6.262529764738333782e-02
6.262529764738332394e-02
6.262529764738333782e-02
6.262529764738332394e-02
6.262529764738333782e-02
6.262529764738332394e-02
6.262529764738333782e-02
6.262529764738332394e-02
6.262529764738333782e-02
6.262529764738332394e-02
6.262529764738333782e-02
6.262529764738332394e-02
6.262529764738333782e-02
6.262529764738332394e-02
6.262529764738333782e-02
6.262529764738332394e-02
6.262529764738333782e-02
6.262529764738332394e-02
6.262529764738333782e-02
6.262529764738332394e-02
6.262529764738333782e-02
6.262529764738332394e-02
6.262529764738333782e-02
6.262529764738332394e-02
6.262529764738333782e-02
6.262529764738332394e-02
6.262529764738333782e-02
6.262529764738332394e-02
6.262529764738333782e-02
6.262529764738332394e-02
6.262529764738333782e-02
6.262529764738332394e-02
6.262529764738333782e-02
6.262529764738332394e-02
6.262529764738333782e-02
6.262529764738332394e-02
6.262529764738333782e-02
6.262529764738332394e-02
6.262529764738333782e-02
6.262529764738332394e-02
6.262529764738333782e-02
6.262529764738332394e-02
6.262529764738333782e-02
6.262529764738332394e-02
6.262529764738333782e-02
6.262529764738332394e-02
6.262529764738333782e-02
6.262529764738332394e-02
6.262529764738333782e-02
6.262529764738332394e-02
6.262529764738333782e-02
6.262529764738332394e-02
6.262529764738333782e-02
6.262529764738332394e-02
6.262529764738333782e-02
6.262529764738332394e-02
6.262529764738333782e-02
6.262529764738332394e-02
6.262529764738333782e-02
6.262780980220390703e-02
6.263270930872738562e-02
6.263968118490717552e-02
6.264752073499947616e-02
6.265411998560452278e-02
6.265673358852608121e-02
6.265255146319602397e-02
6.263955582299106373e-02
6.261752929281014235e-02
6.258897485547161577e-02
6.255964241873589182e-02
6.253830539198480809e-02
6.253555178419628602e-02
6.256153342792780681e-02
6.262284512030973083e-02
6.271893923487063816e-02
6.283859312544715081e-02
6.295712809218710626e-02
6.303531677521599652e-02
6.302146048820948809e-02
6.285862047567604416e-02
6.249924412300940368e-02
6.192932829750405488e-02
6.117981769128243152e-02
6.031604688947691389e-02
5.950408473725764258e-02
5.909114055525314935e-02
5.939330847659842622e-02
6.058070800163105341e-02
6.346777426045695225e-02
7.050022557950492985e-02
8.535958067485867329e-02
