3.197362770992011327e-02
2.789073396188632495e-02
2.473637469224593960e-02
2.233473438900699173e-02
2.052519012922952163e-02
1.917057197864482920e-02
1.815847089907977538e-02
1.739951655317195298e-02
1.682472141982640709e-02
1.638258770166291928e-02
1.603603332088440053e-02
1.575939112105887580e-02
1.553494053215277379e-02
1.535079269383465839e-02
1.519843282113811540e-02
1.507150053935468227e-02
1.496512595784448008e-02
1.487551051452723656e-02
1.479964882598068521e-02
1.473513930737734533e-02
1.468004255966622040e-02
1.463278456643698523e-02
1.459208599523327370e-02
1.455690130209482888e-02
1.452637688121821702e-02
1.449981386308339497e-02
1.447663886236505264e-02
1.445637913726499808e-02
1.443864028525291762e-02
1.442309175721623836e-02
1.440945430516154223e-02
1.439748781786878706e-02
1.438698502775485194e-02
1.438698502775485194e-02
1.438698502775485194e-02
1.438698502775485194e-02
1.438698502775485194e-02
1.438698502775485194e-02
1.438698502775485194e-02
1.438698502775485194e-02
1.438698502775485194e-02
1.438698502775485194e-02
1.438698502775485194e-02
1.438698502775485194e-02
1.438698502775485194e-02
1.438698502775485194e-02
1.438698502775485194e-02
1.438698502775485194e-02
1.438698502775485194e-02
1.438698502775485194e-02
1.438698502775485194e-02
1.438698502775485194e-02
1.438698502775485194e-02
1.438698502775485194e-02
1.438698502775485194e-02
1.438698502775485194e-02
1.438698502775485194e-02
1.438698502775485194e-02
1.438698502775485194e-02
1.438698502775485194e-02
1.438698502775485194e-02
1.438698502775485194e-02
1.438698502775485194e-02
1.438698502775485194e-02
1.438698502775485194e-02
1.438698502775485194e-02
1.438698502775485194e-02
1.438698502775485194e-02
1.438698502775485194e-02
1.438698502775485194e-02
1.438698502775485194e-02
1.438698502775485194e-02
1.438698502775485194e-02
1.438698502775485194e-02
1.438698502775485194e-02
1.438698502775485194e-02
1.438698502775485194e-02
1.438698502775485194e-02
1.438698502775485194e-02
1.438698502775485194e-02
1.438698502775485194e-02
1.438698502775485194e-02
1.438698502775485194e-02
1.438698502775485194e-02
1.438698502775485194e-02
1.438698502775485194e-02
1.438698502775485194e-02
1.438698502775485194e-02
1.438698502775485194e-02
1.438698502775485194e-02
1.438698502775485194e-02
1.438698502775485194e-02
1.438698502775485194e-02
1.438698502775485194e-02
1.438698502775485194e-02
1.438698502775485194e-02
1.439490817346496254e-02
1.440454078418407918e-02
1.441613728281825914e-02
1.442999228291547663e-02
1.444644708725806477e-02
1.446590212641604527e-02
1.448882565194846081e-02
1.451577291322109567e-02
1.454740344961809144e-02
1.458450103673012040e-02
1.462800390093682221e-02
1.467903889246614281e-02
1.473897072361422984e-02
1.480945645300972557e-02
1.489252340480785169e-02
1.499067887610750112e-02
1.510704727657766200e-02
1.524557039722693186e-02
1.541130017104808993e-02
1.561082417832954962e-02
1.585294874122875411e-02
1.614994717096218668e-02
1.652008422451621203e-02
1.698977158252109113e-02
1.759717998208162881e-02
1.839537994722210967e-02
1.945562169914666698e-02
2.087045304003904908e-02
2.275661560224111202e-02
2.525691268611928580e-02
2.853883379239207513e-02
3.278564377356853188e-02
