1.131882189104254921e-01
8.748377701460285927e-02
7.366829109527169017e-02
6.546000465615203767e-02
6.026233901283335054e-02
5.682862508011954361e-02
5.449348446982110045e-02
5.287299089728395712e-02
5.173223742891049776e-02
5.092096406892235305e-02
5.033976615097585094e-02
4.992118824002402672e-02
4.961857349738282852e-02
4.939918723874228701e-02
4.923981782025919907e-02
4.912387651719487408e-02
4.903943894397694986e-02
4.897789693168537462e-02
4.893301678255241455e-02
4.890027391655142608e-02
4.887637874530157550e-02
4.885893663201417575e-02
4.884620284417907216e-02
4.883690533260806599e-02
4.883011622597291379e-02
4.882515846913732666e-02
4.882153789761106005e-02
4.881889376656264878e-02
4.881696269297631369e-02
4.881555235953589922e-02
4.881452232966537741e-02
4.881377004650711698e-02
4.881322061286920422e-02
4.881281932990875344e-02
4.881252624924624361e-02
4.881231219485297756e-02
4.881215585800809109e-02
4.881204167577776754e-02
4.881195828164261452e-02
4.881189737394626971e-02
4.881185288947702261e-02
4.881182039989395705e-02
4.881179667090381619e-02
4.881177934030178633e-02
4.881176668282501824e-02
4.881175743841024983e-02
4.881175068675996237e-02
4.881174575572957974e-02
4.881174215441775460e-02
4.881173952429786883e-02
4.881173760352745805e-02
4.881173620088180565e-02
4.881173517671738571e-02
4.881173442907033727e-02
4.881173388350559111e-02
4.881173348570672782e-02
4.881173319606853939e-02
4.881173298575409297e-02
4.881173283382393008e-02
4.881173272515138689e-02
4.881173264891646574e-02
4.881173259752886323e-02
4.881173256587217901e-02
4.881173255079446216e-02
4.881173255079446216e-02
4.881173256587217901e-02
4.881173259752886323e-02
4.881173264891646574e-02
4.881173272515138689e-02
4.881173283382393008e-02
4.881173298575409297e-02
4.881173319606853939e-02
4.881173348570672782e-02
4.881173388350559111e-02
4.881173442907033727e-02
4.881173517671738571e-02
4.881173620088180565e-02
4.881173760352747193e-02
4.881173952429786883e-02
4.881174215441775460e-02
4.881174575572957974e-02
4.881175068675996237e-02
4.881175743841024983e-02
4.881176668282501824e-02
4.881177934030181409e-02
4.881179667090383006e-02
4.881182039989397786e-02
4.881185288947704343e-02
4.881189737394626971e-02
4.881195828164262840e-02
4.881204167577776754e-02
4.881215585800809109e-02
4.881231219485297756e-02
4.881252624924624361e-02
4.881281932990875344e-02
4.881322061286920422e-02
4.881377004650711698e-02
4.881452232966537741e-02
4.881555235953589922e-02
4.881696269297631369e-02
4.881889376656264878e-02
4.882153789761106005e-02
4.882515846913732666e-02
4.883011622597291379e-02
4.883690533260806599e-02
4.884620284417907216e-02
4.885893663201420350e-02
4.887637874530157550e-02
4.890027391655142608e-02
4.893301678255241455e-02
4.897789693168539543e-02
4.903943894397694986e-02
4.912387651719487408e-02
4.923981782025918519e-02
4.939918723874228701e-02
4.961857349738282852e-02
4.992118824002402672e-02
5.033976615097585094e-02
5.092096406892235305e-02
5.173223742891049082e-02
5.287299089728394325e-02
5.449348446982110045e-02
5.682862508011952279e-02
6.026233901283334360e-02
6.546000465615202379e-02
7.366829109527169017e-02
8.748377701460285927e-02
1.131882189104254921e-01
