1.202009280638936944e-01
1.134859568401521135e-01
1.121608159835820739e-01
1.118882621641258263e-01
1.118317288197117759e-01
1.118199821495629576e-01
1.118175405089808783e-01
1.118170329566930965e-01
1.118169274485433518e-01
1.118169055158485248e-01
1.118169009565541105e-01
1.118169000087846920e-01
1.118168998117661100e-01
1.118168997708107737e-01
1.118168997622971533e-01
1.118168997605273884e-01
1.118168997601594744e-01
1.118168997600829800e-01
1.118168997600671316e-01
1.118168997600638148e-01
1.118168997600631209e-01
1.118168997600629544e-01
1.118168997600629544e-01
1.118168997600629544e-01
1.118168997600629544e-01
1.118168997600629544e-01
1.118168997600629544e-01
1.118168997600629544e-01
1.118168997600629544e-01
1.118168997600629544e-01
1.118168997600629544e-01
1.118168997600629544e-01
1.118168997600629544e-01
1.118168997600629544e-01
1.118168997600629544e-01
1.118168997600629544e-01
1.118168997600629544e-01
1.118168997600629544e-01
1.118168997600629544e-01
1.118168997600629544e-01
1.118168997600629544e-01
1.118168997600629544e-01
1.118168997600629544e-01
1.118168997600629544e-01
1.118168997600629544e-01
1.118168997600629544e-01
1.118168997600629544e-01
1.118168997600629544e-01
1.118168997600629544e-01
1.118168997600629544e-01
1.118168997600629544e-01
1.118168997600629544e-01
1.118168997600629544e-01
1.118168997600629544e-01
1.118168997600629544e-01
1.118168997600629544e-01
1.118168997600629544e-01
1.118168997600629544e-01
1.118168997600629544e-01
1.118168997600629544e-01
1.118168997600629544e-01
1.118168997600629544e-01
1.118168997600629544e-01
1.118168997600629544e-01
1.118168997600629544e-01
1.118168997600629544e-01
1.118168997600629544e-01
1.118168997600629544e-01
1.118168997600629544e-01
1.118168997600629544e-01
1.118168997600629544e-01
1.118168997600629544e-01
1.118168997600629544e-01
1.118168997600629544e-01
1.118168997600629544e-01
1.118168997600629544e-01
1.118168997600629544e-01
1.118168997600629544e-01
1.118168997600629544e-01
1.118168997600629544e-01
1.118168997600629544e-01
1.118168997600629544e-01
1.118168997600629544e-01
1.118168997600629544e-01
1.118168997600629544e-01
1.118168997600629544e-01
1.118168997600629544e-01
1.118168997600629544e-01
1.118168997600629544e-01
1.118168997600629544e-01
1.118168997600629544e-01
1.118168997600629544e-01
1.118168997600629544e-01
1.118168997600629544e-01
1.118168997600629544e-01
1.118168997600629544e-01
1.118168997600629544e-01
1.118168997600629544e-01
1.118168997600629544e-01
1.118168997600629544e-01
1.118168997600629544e-01
1.118168997600629544e-01
1.118168997600629544e-01
1.118168997600629544e-01
1.118168997600629544e-01
1.118168997600629544e-01
1.118168997600629544e-01
1.118168997600631209e-01
1.118168997600638148e-01
1.118168997600670900e-01
1.118168997600829800e-01
1.118168997601594744e-01
1.118168997605273884e-01
1.118168997622971533e-01
1.118168997708107459e-01
1.118168998117661100e-01
1.118169000087846920e-01
1.118169009565541105e-01
1.118169055158485248e-01
1.118169274485433518e-01
1.118170329566930965e-01
1.118175405089808783e-01
1.118199821495629159e-01
1.118317288197117759e-01
1.118882621641258263e-01
1.121608159835820739e-01
1.134859568401520857e-01
1.202009280638936944e-01
