2.596945514609820815e-01
2.059104008702091204e-01
1.866330969604053369e-01
1.786996886447428656e-01
1.752430318169625467e-01
1.736988876455278774e-01
1.730013491377118962e-01
1.726846534873229255e-01
1.725405383516907254e-01
1.724748889887264269e-01
1.724449692824346347e-01
1.724313304364978594e-01
1.724251125872425239e-01
1.724222777921387284e-01
1.724209853490300537e-01
1.724203960922069123e-01
1.724201274346779944e-01
1.724200049466580731e-01
1.724199491011874641e-01
1.724199236398139545e-01
1.724199120313397726e-01
1.724199067387547912e-01
1.724199043257402808e-01
1.724199032255917530e-01
1.724199027240094495e-01
1.724199024953272652e-01
1.724199023910662487e-01
1.724199023435316058e-01
1.724199023218595805e-01
1.724199023119789287e-01
1.724199023074741155e-01
1.724199023054203417e-01
1.724199023044839796e-01
1.724199023040570433e-01
1.724199023038624490e-01
1.724199023037736589e-01
1.724199023037332468e-01
1.724199023037147060e-01
1.724199023037063516e-01
1.724199023037025214e-01
1.724199023037008005e-01
1.724199023036999678e-01
1.724199023036995793e-01
1.724199023036994405e-01
1.724199023036993295e-01
1.724199023036993295e-01
1.724199023036993295e-01
1.724199023036992739e-01
1.724199023036992739e-01
1.724199023036993295e-01
1.724199023036993295e-01
1.724199023036992739e-01
1.724199023036992739e-01
1.724199023036993295e-01
1.724199023036993295e-01
1.724199023036992739e-01
1.724199023036992739e-01
1.724199023036993295e-01
1.724199023036993295e-01
1.724199023036992739e-01
1.724199023036992739e-01
1.724199023036993295e-01
1.724199023036993295e-01
1.724199023036992739e-01
1.724199023036992739e-01
1.724199023036993295e-01
1.724199023036993295e-01
1.724199023036992739e-01
1.724199023036992739e-01
1.724199023036993295e-01
1.724199023036993295e-01
1.724199023036992739e-01
1.724199023036992739e-01
1.724199023036993295e-01
1.724199023036993295e-01
1.724199023036992739e-01
1.724199023036992739e-01
1.724199023036993295e-01
1.724199023036993295e-01
1.724199023036992739e-01
1.724199023036992739e-01
1.724199023036993295e-01
1.724199023036993295e-01
1.724199023036993295e-01
1.724199023036994405e-01
1.724199023036995793e-01
1.724199023036999678e-01
1.724199023037008005e-01
1.724199023037025214e-01
1.724199023037063239e-01
1.724199023037147060e-01
1.724199023037332190e-01
1.724199023037736589e-01
1.724199023038623657e-01
1.724199023040570433e-01
1.724199023044839241e-01
1.724199023054203139e-01
1.724199023074741155e-01
1.724199023119788454e-01
1.724199023218595528e-01
1.724199023435315503e-01
1.724199023910662487e-01
1.724199024953272652e-01
1.724199027240094217e-01
1.724199032255916975e-01
1.724199043257402808e-01
1.724199067387547635e-01
1.724199120313397726e-01
1.724199236398138990e-01
1.724199491011874641e-01
1.724200049466580176e-01
1.724201274346779389e-01
1.724203960922069123e-01
1.724209853490299704e-01
1.724222777921387006e-01
1.724251125872425239e-01
1.724313304364978594e-01
1.724449692824345792e-01
1.724748889887263714e-01
1.725405383516906699e-01
1.726846534873229255e-01
1.730013491377118962e-01
1.736988876455278774e-01
1.752430318169625467e-01
1.786996886447428656e-01
1.866330969604053369e-01
2.059104008702091204e-01
2.596945514609820815e-01
