1.027836830639511229e-01
8.668828670969117023e-02
8.207959844657237991e-02
8.139806958761752753e-02
8.297757054909619956e-02
8.512646236482383777e-02
8.667733246096741284e-02
8.747433287229913756e-02
8.751232112305039335e-02
8.718801366726924851e-02
8.685237750917772226e-02
8.667873356607805335e-02
8.669463314343418825e-02
8.682198860584557087e-02
8.695577628573028517e-02
8.702640654371313067e-02
8.702154663559370784e-02
8.697099072680433696e-02
8.691610277000161311e-02
8.688580567256697085e-02
8.688715886630360430e-02
8.690916700653268656e-02
8.693399197643919551e-02
8.694792399616518841e-02
8.694691850213095985e-02
8.693579076753521484e-02
8.692316890676034247e-02
8.691597100703238321e-02
8.691637104549047865e-02
8.692201520195717845e-02
8.692848992950534537e-02
8.693217249340808028e-02
8.693189268141456039e-02
8.693189268141457426e-02
8.693189268141456039e-02
8.693189268141456039e-02
8.693189268141456039e-02
8.693189268141457426e-02
8.693189268141456039e-02
8.693189268141456039e-02
8.693189268141456039e-02
8.693189268141457426e-02
8.693189268141456039e-02
8.693189268141456039e-02
8.693189268141456039e-02
8.693189268141457426e-02
8.693189268141456039e-02
8.693189268141456039e-02
8.693189268141456039e-02
8.693189268141457426e-02
8.693189268141456039e-02
8.693189268141456039e-02
8.693189268141456039e-02
8.693189268141457426e-02
8.693189268141456039e-02
8.693189268141456039e-02
8.693189268141456039e-02
8.693189268141457426e-02
8.693189268141456039e-02
8.693189268141456039e-02
8.693189268141456039e-02
8.693189268141457426e-02
8.693189268141456039e-02
8.693189268141456039e-02
8.693189268141456039e-02
8.693189268141457426e-02
8.693189268141456039e-02
8.693189268141456039e-02
8.693189268141456039e-02
8.693189268141457426e-02
8.693189268141456039e-02
8.693189268141456039e-02
8.693189268141456039e-02
8.693189268141457426e-02
8.693189268141456039e-02
8.693189268141456039e-02
8.693189268141456039e-02
8.693189268141457426e-02
8.693189268141456039e-02
8.693189268141456039e-02
8.693189268141456039e-02
8.693189268141457426e-02
8.693189268141456039e-02
8.693189268141456039e-02
8.693189268141456039e-02
8.693189268141457426e-02
8.693189268141456039e-02
8.693189268141456039e-02
8.693189268141456039e-02
8.693189268141457426e-02
8.693189268141456039e-02
8.693189268141456039e-02
8.693189268141456039e-02
8.693189268141457426e-02
8.693189268141456039e-02
8.693189268141456039e-02
8.693208757027533207e-02
8.692923893475369701e-02
8.692391703631907607e-02
8.691902676862926780e-02
8.691864639284128946e-02
8.692536867026180725e-02
8.693757450816340382e-02
8.694867861920609065e-02
8.694975821472092359e-02
8.693522311323116647e-02
8.690874061824387098e-02
8.688495421638406380e-02
8.688362989578386764e-02
8.691722209776346630e-02
8.697811983493973498e-02
8.703434557980656294e-02
8.704020078223653756e-02
8.696307262577106234e-02
8.681716822736534889e-02
8.667920598852760228e-02
8.666308393680696720e-02
8.685138039453621506e-02
8.721225092971172932e-02
8.755914143528863158e-02
8.752278736661547875e-02
8.669322630880120506e-02
8.507288336077396818e-02
8.285120597747788751e-02
8.123939116997336285e-02
8.194117001876576045e-02
8.662034139394592103e-02
1.028019650756227810e-01
