3.140192611806158496e-01
2.604928188380432053e-01
2.456140923935560272e-01
2.409334491089466235e-01
2.394034953156276013e-01
2.388971287757238882e-01
2.387288462954258450e-01
2.386728436236090767e-01
2.386541980542872254e-01
2.386479892518291457e-01
2.386459216756195434e-01
2.386452331468210120e-01
2.386450038570222532e-01
2.386449275002117676e-01
2.386449020722993808e-01
2.386448936044457958e-01
2.386448907845334366e-01
2.386448898454643919e-01
2.386448895327420161e-01
2.386448894286013478e-01
2.386448893939212557e-01
2.386448893823723272e-01
2.386448893785264036e-01
2.386448893772456503e-01
2.386448893768191581e-01
2.386448893766771051e-01
2.386448893766298374e-01
2.386448893766140722e-01
2.386448893766088264e-01
2.386448893766070778e-01
2.386448893766064949e-01
2.386448893766063284e-01
2.386448893766062174e-01
2.386448893766062174e-01
2.386448893766062174e-01
2.386448893766062174e-01
2.386448893766062174e-01
2.386448893766062174e-01
2.386448893766062174e-01
2.386448893766062174e-01
2.386448893766062174e-01
2.386448893766062174e-01
2.386448893766062174e-01
2.386448893766062174e-01
2.386448893766062174e-01
2.386448893766062174e-01
2.386448893766062174e-01
2.386448893766062174e-01
2.386448893766062174e-01
2.386448893766062174e-01
2.386448893766062174e-01
2.386448893766062174e-01
2.386448893766062174e-01
2.386448893766062174e-01
2.386448893766062174e-01
2.386448893766062174e-01
2.386448893766062174e-01
2.386448893766062174e-01
2.386448893766062174e-01
2.386448893766062174e-01
2.386448893766062174e-01
2.386448893766062174e-01
2.386448893766062174e-01
2.386448893766062174e-01
2.386448893766062174e-01
2.386448893766062174e-01
2.386448893766062174e-01
2.386448893766062174e-01
2.386448893766062174e-01
2.386448893766062174e-01
2.386448893766062174e-01
2.386448893766062174e-01
2.386448893766062174e-01
2.386448893766062174e-01
2.386448893766062174e-01
2.386448893766062174e-01
2.386448893766062174e-01
2.386448893766062174e-01
2.386448893766062174e-01
2.386448893766062174e-01
2.386448893766062174e-01
2.386448893766062174e-01
2.386448893766062174e-01
2.386448893766062174e-01
2.386448893766062174e-01
2.386448893766062174e-01
2.386448893766062174e-01
2.386448893766062174e-01
2.386448893766062174e-01
2.386448893766062174e-01
2.386448893766062174e-01
2.386448893766062174e-01
2.386448893766062174e-01
2.386448893766062174e-01
2.386448893766062174e-01
2.386448893766062451e-01
2.386448893766062729e-01
2.386448893766064949e-01
2.386448893766070778e-01
2.386448893766087986e-01
2.386448893766140722e-01
2.386448893766298374e-01
2.386448893766771051e-01
2.386448893768191581e-01
2.386448893772456503e-01
2.386448893785264036e-01
2.386448893823723272e-01
2.386448893939212557e-01
2.386448894286013478e-01
2.386448895327420161e-01
2.386448898454644474e-01
2.386448907845334366e-01
2.386448936044457958e-01
2.386449020722993808e-01
2.386449275002117953e-01
2.386450038570222532e-01
2.386452331468210120e-01
2.386459216756195434e-01
2.386479892518291457e-01
2.386541980542872254e-01
2.386728436236090767e-01
2.387288462954258450e-01
2.388971287757238882e-01
2.394034953156276013e-01
2.409334491089466235e-01
2.456140923935560272e-01
2.604928188380432053e-01
3.140192611806158496e-01
