2.805173742235442247e-01
2.015720884546496616e-01
1.844217103662913193e-01
1.846559525524631151e-01
1.961229823452337595e-01
2.085116306562250776e-01
2.184737238929663483e-01
2.219989570178522720e-01
2.209468969232172286e-01
2.180672160684919703e-01
2.154526708294159376e-01
2.142105921040592942e-01
2.143331580955357696e-01
2.152167453339683123e-01
2.161127360951576037e-01
2.165457075087146577e-01
2.164579961325412416e-01
2.160754253740272135e-01
2.156850794127836424e-01
2.154777136219197808e-01
2.154930317425474140e-01
2.156494092935673235e-01
2.158208221688574513e-01
2.159129164647685395e-01
2.159004649111594398e-01
2.158194941634736796e-01
2.157307333226744506e-01
2.156815977874833590e-01
2.156860155006416757e-01
2.157265603750363192e-01
2.157719560028063532e-01
2.157970607391063445e-01
2.157942606366025640e-01
2.157942606366025917e-01
2.157942606366025640e-01
2.157942606366025640e-01
2.157942606366025640e-01
2.157942606366025917e-01
2.157942606366025640e-01
2.157942606366025640e-01
2.157942606366025640e-01
2.157942606366025917e-01
2.157942606366025640e-01
2.157942606366025640e-01
2.157942606366025640e-01
2.157942606366025917e-01
2.157942606366025640e-01
2.157942606366025640e-01
2.157942606366025640e-01
2.157942606366025917e-01
2.157942606366025640e-01
2.157942606366025640e-01
2.157942606366025640e-01
2.157942606366025917e-01
2.157942606366025640e-01
2.157942606366025640e-01
2.157942606366025640e-01
2.157942606366025917e-01
2.157942606366025640e-01
2.157942606366025640e-01
2.157942606366025640e-01
2.157942606366025917e-01
2.157942606366025640e-01
2.157942606366025640e-01
2.157942606366025640e-01
2.157942606366025917e-01
2.157942606366025640e-01
2.157942606366025640e-01
2.157942606366025640e-01
2.157942606366025917e-01
2.157942606366025640e-01
2.157942606366025640e-01
2.157942606366025640e-01
2.157942606366025917e-01
2.157942606366025640e-01
2.157942606366025640e-01
2.157942606366025640e-01
2.157942606366025917e-01
2.157942606366025640e-01
2.157942606366025640e-01
2.157942606366025640e-01
2.157942606366025917e-01
2.157942606366025640e-01
2.157942606366025640e-01
2.157942606366025640e-01
2.157942606366025917e-01
2.157942606366025640e-01
2.157942606366025640e-01
2.157942606366025640e-01
2.157942606366025917e-01
2.157942606366025640e-01
2.157942606366025640e-01
2.157942606366025640e-01
2.157942606366025917e-01
2.157942606366025640e-01
2.157942606366025640e-01
2.157961898970281178e-01
2.157768924638047703e-01
2.157397973278010472e-01
2.157048676215158611e-01
2.157007893915302843e-01
2.157465541265793096e-01
2.158322392642241239e-01
2.159130219129219430e-01
2.159263068131835328e-01
2.158305076615496809e-01
2.156477331975923395e-01
2.154786467294187713e-01
2.154630183264333865e-01
2.156933492966318366e-01
2.161271434228021482e-01
2.165534043084461902e-01
2.166541907507846254e-01
2.161807131419677119e-01
2.152002908640225087e-01
2.142400010945395006e-01
2.141145538997218101e-01
2.154625611927381834e-01
2.182720649370838706e-01
2.213595550258673217e-01
2.225031729142234460e-01
2.188121600609654327e-01
2.084134840152792045e-01
1.955348904505823937e-01
1.838109011793765679e-01
1.836042437115162074e-01
2.009715481536250847e-01
2.801146891007498252e-01
