1.384768465989011099e-01
9.935295378548639200e-02
8.097721406409476297e-02
7.241728642420433570e-02
6.786766662831328345e-02
6.477334862225500589e-02
6.249534528982274295e-02
6.100131232159222011e-02
6.018412353418842869e-02
5.984804659456060411e-02
5.983582646826535872e-02
6.004655495831265344e-02
6.040759409205509467e-02
6.086330207166377321e-02
6.137081180985297368e-02
6.189719544920260080e-02
6.241762334721014799e-02
6.291394721074095031e-02
6.337358798749224975e-02
6.378864310973192397e-02
6.415501591720407237e-02
6.447161367937929988e-02
6.473946086844246939e-02
6.496086652289222163e-02
6.513876754972523775e-02
6.527660520530592647e-02
6.537831144247992221e-02
6.544825789040682740e-02
6.549107797656474050e-02
6.551138582594169535e-02
6.551357095731058511e-02
6.550168347030795035e-02
6.547936255276061435e-02
6.547936255276061435e-02
6.547936255276061435e-02
6.547936255276061435e-02
6.547936255276061435e-02
6.547936255276061435e-02
6.547936255276061435e-02
6.547936255276061435e-02
6.547936255276061435e-02
6.547936255276061435e-02
6.547936255276061435e-02
6.547936255276061435e-02
6.547936255276061435e-02
6.547936255276061435e-02
6.547936255276061435e-02
6.547936255276061435e-02
6.547936255276061435e-02
6.547936255276061435e-02
6.547936255276061435e-02
6.547936255276061435e-02
6.547936255276061435e-02
6.547936255276061435e-02
6.547936255276061435e-02
6.547936255276061435e-02
6.547936255276061435e-02
6.547936255276061435e-02
6.547936255276061435e-02
6.547936255276061435e-02
6.547936255276061435e-02
6.547936255276061435e-02
6.547936255276061435e-02
6.547936255276061435e-02
6.547936255276061435e-02
6.547936255276061435e-02
6.547936255276061435e-02
6.547936255276061435e-02
6.547936255276061435e-02
6.547936255276061435e-02
6.547936255276061435e-02
6.547936255276061435e-02
6.547936255276061435e-02
6.547936255276061435e-02
6.547936255276061435e-02
6.547936255276061435e-02
6.547936255276061435e-02
6.547936255276061435e-02
6.547936255276061435e-02
6.547936255276061435e-02
6.547936255276061435e-02
6.547936255276061435e-02
6.547936255276061435e-02
6.547936255276061435e-02
6.547936255276061435e-02
6.547936255276061435e-02
6.547936255276061435e-02
6.547936255276061435e-02
6.547936255276061435e-02
6.547936255276061435e-02
6.547936255276061435e-02
6.547936255276061435e-02
6.547936255276061435e-02
6.547936255276061435e-02
6.547936255276061435e-02
6.547936255276061435e-02
6.549535579761017745e-02
6.550453272165797369e-02
6.550273965187050629e-02
6.548520428096810120e-02
6.544660134472991830e-02
6.538117553446730346e-02
6.528290481723372785e-02
6.514569883097577618e-02
6.496370734820347548e-02
6.473167144236108284e-02
6.444536647427696885e-02
6.410209539971226111e-02
6.370132503084673103e-02
6.324526219991465081e-02
6.273961244898451639e-02
6.219427176415540798e-02
6.162415550869765335e-02
6.104998792137505959e-02
6.049933358983409365e-02
6.000782699667155801e-02
5.962089779026950170e-02
5.939652862480852141e-02
5.940945418812745848e-02
5.976239933766066409e-02
6.061408240228827182e-02
6.216194201377755330e-02
6.451715098225270506e-02
6.771977976879121897e-02
7.241905450106526920e-02
8.118939508953494644e-02
9.989359508684204914e-02
1.395996682996800131e-01
