4.900918741641013820e-02
4.172596246738192322e-02
3.687902363438953085e-02
3.383482334332832409e-02
3.197890763550520488e-02
3.081716573922816185e-02
3.001216661681088693e-02
2.937962460381334309e-02
2.884662958815160591e-02
2.839416945229610370e-02
2.801528650741181431e-02
2.770040327898097912e-02
2.743761835285778855e-02
2.721732610070849712e-02
2.703193895188824025e-02
2.687535007052135189e-02
2.674261681003190297e-02
2.662970863158826279e-02
2.653331401663825209e-02
2.645068469647339146e-02
2.637953760548869542e-02
2.631797428739294023e-02
2.626443189498570141e-02
2.621764609528971432e-02
2.617661758042171688e-02
2.614056072743472722e-02
2.610884762344973381e-02
2.608096396239094339e-02
2.605646263794773529e-02
2.603494533289520130e-02
2.601605808039332904e-02
2.599947687467974930e-02
2.598491722073863544e-02
2.598491722073862850e-02
2.598491722073863544e-02
2.598491722073862850e-02
2.598491722073863544e-02
2.598491722073862850e-02
2.598491722073863544e-02
2.598491722073862850e-02
2.598491722073863544e-02
2.598491722073862850e-02
2.598491722073863544e-02
2.598491722073862850e-02
2.598491722073863544e-02
2.598491722073862850e-02
2.598491722073863544e-02
2.598491722073862850e-02
2.598491722073863544e-02
2.598491722073862850e-02
2.598491722073863544e-02
2.598491722073862850e-02
2.598491722073863544e-02
2.598491722073862850e-02
2.598491722073863544e-02
2.598491722073862850e-02
2.598491722073863544e-02
2.598491722073862850e-02
2.598491722073863544e-02
2.598491722073862850e-02
2.598491722073863544e-02
2.598491722073862850e-02
2.598491722073863544e-02
2.598491722073862850e-02
2.598491722073863544e-02
2.598491722073862850e-02
2.598491722073863544e-02
2.598491722073862850e-02
2.598491722073863544e-02
2.598491722073862850e-02
2.598491722073863544e-02
2.598491722073862850e-02
2.598491722073863544e-02
2.598491722073862850e-02
2.598491722073863544e-02
2.598491722073862850e-02
2.598491722073863544e-02
2.598491722073862850e-02
2.598491722073863544e-02
2.598491722073862850e-02
2.598491722073863544e-02
2.598491722073862850e-02
2.598491722073863544e-02
2.598491722073862850e-02
2.598491722073863544e-02
2.598491722073862850e-02
2.598491722073863544e-02
2.598491722073862850e-02
2.598491722073863544e-02
2.598491722073862850e-02
2.598491722073863544e-02
2.598491722073862850e-02
2.598491722073863544e-02
2.598491722073862850e-02
2.598491722073863544e-02
2.598491722073862850e-02
2.599506736603012305e-02
2.600758086361234026e-02
2.602278211627260043e-02
2.604104541450756247e-02
2.606280598085582850e-02
2.608856792108194683e-02
2.611893303833609514e-02
2.615459959793190944e-02
2.619639596299413314e-02
2.624530174661674278e-02
2.630247388388874674e-02
2.636929203680317760e-02
2.644740016575353875e-02
2.653876261710257090e-02
2.664574005453914166e-02
2.677118442333752124e-02
2.691855308756164328e-02
2.709206160355862730e-02
2.729688702255508512e-02
2.753942302616306861e-02
2.782760400620682556e-02
2.817146476221485396e-02
2.858347871736233170e-02
2.907385426843930865e-02
2.965033010929356630e-02
3.033309605210805782e-02
3.119737316783925685e-02
3.243231563359297992e-02
3.438459175988506367e-02
3.756361566874757973e-02
4.260572710048524808e-02
5.016942011969314358e-02
