5.923431786964861168e-02
5.077023580891569521e-02
4.663476686320847109e-02
4.431723739001115769e-02
4.234806844095846678e-02
4.070896211452901953e-02
3.956892520318251727e-02
3.873198601169950545e-02
3.801085910539155760e-02
3.739303741612096110e-02
3.689101741151250974e-02
3.648284520430124245e-02
3.614565110578554785e-02
3.586480499911235548e-02
3.562952070038290231e-02
3.543145124627992970e-02
3.526400016224823936e-02
3.512186878122164346e-02
3.500074758657552992e-02
3.489712497492816062e-02
3.480810375246440325e-02
3.473125534954897564e-02
3.466452936771184656e-02
3.460626061283772481e-02
3.455519525906369793e-02
3.451040965177654130e-02
3.447113746045651905e-02
3.443669904933452375e-02
3.440647861775443517e-02
3.437995935814908838e-02
3.435668542562279881e-02
3.433625575152665643e-02
3.431832325776697223e-02
3.431832325776697223e-02
3.431832325776697223e-02
3.431832325776697223e-02
3.431832325776697223e-02
3.431832325776697223e-02
3.431832325776697223e-02
3.431832325776697223e-02
3.431832325776697223e-02
3.431832325776697223e-02
3.431832325776697223e-02
3.431832325776697223e-02
3.431832325776697223e-02
3.431832325776697223e-02
3.431832325776697223e-02
3.431832325776697223e-02
3.431832325776697223e-02
3.431832325776697223e-02
3.431832325776697223e-02
3.431832325776697223e-02
3.431832325776697223e-02
3.431832325776697223e-02
3.431832325776697223e-02
3.431832325776697223e-02
3.431832325776697223e-02
3.431832325776697223e-02
3.431832325776697223e-02
3.431832325776697223e-02
3.431832325776697223e-02
3.431832325776697223e-02
3.431832325776697223e-02
3.431832325776697223e-02
3.431832325776697223e-02
3.431832325776697223e-02
3.431832325776697223e-02
3.431832325776697223e-02
3.431832325776697223e-02
3.431832325776697223e-02
3.431832325776697223e-02
3.431832325776697223e-02
3.431832325776697223e-02
3.431832325776697223e-02
3.431832325776697223e-02
3.431832325776697223e-02
3.431832325776697223e-02
3.431832325776697223e-02
3.431832325776697223e-02
3.431832325776697223e-02
3.431832325776697223e-02
3.431832325776697223e-02
3.431832325776697223e-02
3.431832325776697223e-02
3.431832325776697223e-02
3.431832325776697223e-02
3.431832325776697223e-02
3.431832325776697223e-02
3.431832325776697223e-02
3.431832325776697223e-02
3.431832325776697223e-02
3.431832325776697223e-02
3.431832325776697223e-02
3.431832325776697223e-02
3.431832325776697223e-02
3.431832325776697223e-02
3.433110502057026836e-02
3.434679796647623073e-02
3.436581015624549235e-02
3.438861423290195257e-02
3.441575356994885926e-02
3.444786941126075364e-02
3.448570806032728170e-02
3.453015477768724140e-02
3.458224675065203757e-02
3.464321438534218034e-02
3.471452479024115384e-02
3.479791801357877412e-02
3.489547385682218589e-02
3.500969171379755135e-02
3.514358480909003657e-02
3.530081504520053010e-02
3.548585174525362151e-02
3.570420674623839274e-02
3.596273548932256425e-02
3.627010734158470084e-02
3.663748858974998079e-02
3.707998143912434597e-02
3.762110723734039819e-02
3.828352018161956111e-02
3.905526517713851786e-02
3.995004226792280705e-02
4.115894933207384088e-02
4.288198479716365252e-02
4.494837255738028114e-02
4.737998978703474029e-02
5.168514609143343153e-02
6.045994872368480599e-02
