3.343764342304868520e-01
2.836071881941913952e-01
2.713744803319801391e-01
2.681023199485457753e-01
2.672082640913231999e-01
2.669641656273950558e-01
2.668979947574607325e-01
2.668802240464581699e-01
2.668755017766666349e-01
2.668742615075618829e-01
2.668739399851646765e-01
2.668738578623523483e-01
2.668738372455999319e-01
2.668738321757462284e-01
2.668738309606635273e-01
2.668738306790480186e-01
2.668738306167551255e-01
2.668738306039257768e-01
2.668738306016003592e-01
2.668738306012919947e-01
2.668738306012969352e-01
2.668738306013222483e-01
2.668738306013353490e-01
2.668738306013404005e-01
2.668738306013425099e-01
2.668738306013430650e-01
2.668738306013432315e-01
2.668738306013432871e-01
2.668738306013432871e-01
2.668738306013432871e-01
2.668738306013432871e-01
2.668738306013432871e-01
2.668738306013432871e-01
2.668738306013432871e-01
2.668738306013432871e-01
2.668738306013432871e-01
2.668738306013432871e-01
2.668738306013432871e-01
2.668738306013432871e-01
2.668738306013432871e-01
2.668738306013432871e-01
2.668738306013432871e-01
2.668738306013432871e-01
2.668738306013432871e-01
2.668738306013432871e-01
2.668738306013432871e-01
2.668738306013432871e-01
2.668738306013432871e-01
2.668738306013432871e-01
2.668738306013432871e-01
2.668738306013432871e-01
2.668738306013432871e-01
2.668738306013432871e-01
2.668738306013432871e-01
2.668738306013432871e-01
2.668738306013432871e-01
2.668738306013432871e-01
2.668738306013432871e-01
2.668738306013432871e-01
2.668738306013432871e-01
2.668738306013432871e-01
2.668738306013432871e-01
2.668738306013432871e-01
2.668738306013432871e-01
2.668738306013432871e-01
2.668738306013432871e-01
2.668738306013432871e-01
2.668738306013432871e-01
2.668738306013432871e-01
2.668738306013432871e-01
2.668738306013432871e-01
2.668738306013432871e-01
2.668738306013432871e-01
2.668738306013432871e-01
2.668738306013432871e-01
2.668738306013432871e-01
2.668738306013432871e-01
2.668738306013432871e-01
2.668738306013432871e-01
2.668738306013432871e-01
2.668738306013432871e-01
2.668738306013432871e-01
2.668738306013432871e-01
2.668738306013432871e-01
2.668738306013432871e-01
2.668738306013432871e-01
2.668738306013432871e-01
2.668738306013432871e-01
2.668738306013432871e-01
2.668738306013432871e-01
2.668738306013432871e-01
2.668738306013432871e-01
2.668738306013432871e-01
2.668738306013432871e-01
2.668738306013432871e-01
2.668738306013432871e-01
2.668738306013432871e-01
2.668738306013432871e-01
2.668738306013432871e-01
2.668738306013432871e-01
2.668738306013432871e-01
2.668738306013432315e-01
2.668738306013430650e-01
2.668738306013425099e-01
2.668738306013404560e-01
2.668738306013353490e-01
2.668738306013221928e-01
2.668738306012969352e-01
2.668738306012919947e-01
2.668738306016003592e-01
2.668738306039258878e-01
2.668738306167550700e-01
2.668738306790480186e-01
2.668738309606635273e-01
2.668738321757462284e-01
2.668738372455999319e-01
2.668738578623523483e-01
2.668739399851646765e-01
2.668742615075618829e-01
2.668755017766666349e-01
2.668802240464581699e-01
2.668979947574607325e-01
2.669641656273951114e-01
2.672082640913231999e-01
2.681023199485457753e-01
2.713744803319801391e-01
2.836071881941913952e-01
3.343764342304867965e-01
