5.602996238233840659e-02
4.362176967730151123e-02
3.578613115751581863e-02
3.089666552697889479e-02
2.785443507536933955e-02
2.593550838894163185e-02
2.467075291591235009e-02
2.377115484536714007e-02
2.307648345234347004e-02
2.251000131867810297e-02
2.203881508530678573e-02
2.164630527743079125e-02
2.132001981448919392e-02
2.104799235036444727e-02
2.082025692831127039e-02
2.062879579812405481e-02
2.046716757773390724e-02
2.033016432572699178e-02
2.021355272109998449e-02
2.011386216071518740e-02
2.002824467098607286e-02
1.995435520200702917e-02
1.989027631679229219e-02
1.983445707180993278e-02
1.978565124636282729e-02
1.974286551304669721e-02
1.970529905381134678e-02
1.967229986383808166e-02
1.964331455965561551e-02
1.961786111469510097e-02
1.959551993507883949e-02
1.957591134421601126e-02
1.955870147517544191e-02
1.955870147517543844e-02
1.955870147517543844e-02
1.955870147517543844e-02
1.955870147517544191e-02
1.955870147517543844e-02
1.955870147517543844e-02
1.955870147517543844e-02
1.955870147517544191e-02
1.955870147517543844e-02
1.955870147517543844e-02
1.955870147517543844e-02
1.955870147517544191e-02
1.955870147517543844e-02
1.955870147517543844e-02
1.955870147517543844e-02
1.955870147517544191e-02
1.955870147517543844e-02
1.955870147517543844e-02
1.955870147517543844e-02
1.955870147517544191e-02
1.955870147517543844e-02
1.955870147517543844e-02
1.955870147517543844e-02
1.955870147517544191e-02
1.955870147517543844e-02
1.955870147517543844e-02
1.955870147517543844e-02
1.955870147517544191e-02
1.955870147517543844e-02
1.955870147517543844e-02
1.955870147517543844e-02
1.955870147517544191e-02
1.955870147517543844e-02
1.955870147517543844e-02
1.955870147517543844e-02
1.955870147517544191e-02
1.955870147517543844e-02
1.955870147517543844e-02
1.955870147517543844e-02
1.955870147517544191e-02
1.955870147517543844e-02
1.955870147517543844e-02
1.955870147517543844e-02
1.955870147517544191e-02
1.955870147517543844e-02
1.955870147517543844e-02
1.955870147517543844e-02
1.955870147517544191e-02
1.955870147517543844e-02
1.955870147517543844e-02
1.955870147517543844e-02
1.955870147517544191e-02
1.955870147517543844e-02
1.955870147517543844e-02
1.955870147517543844e-02
1.955870147517544191e-02
1.955870147517543844e-02
1.955870147517543844e-02
1.955870147517543844e-02
1.955870147517544191e-02
1.955870147517543844e-02
1.955870147517543844e-02
1.955870147517543844e-02
1.957080080217189766e-02
1.958570000769088021e-02
1.960378777355118590e-02
1.962551306967623421e-02
1.965140076377299219e-02
1.968206420987485966e-02
1.971822561714280109e-02
1.976074099757284958e-02
1.981061584226056355e-02
1.986905021170241523e-02
1.993747227984857609e-02
2.001758757280314854e-02
2.011143701620874552e-02
2.022149658823825524e-02
2.035074378009350468e-02
2.050282092848970672e-02
2.068218047059375980e-02
2.089431797862269929e-02
2.114604813470139649e-02
2.144585484390308661e-02
2.180431779901732814e-02
2.223418230971511284e-02
2.274885807633470966e-02
2.336629276957239570e-02
2.412134843120847250e-02
2.509423512843695497e-02
2.645180845025945499e-02
2.849563080288217143e-02
3.171785440209099610e-02
3.688325168676354071e-02
4.516168522830235621e-02
5.829751435756966305e-02
