3.858443905515123729e-01
3.475020228487604723e-01
3.505883239881529279e-01
3.523090964104556577e-01
3.522581696971295862e-01
3.521748925154211118e-01
3.521764976690859306e-01
3.521812709086479809e-01
3.521811969642064111e-01
3.521808965962602289e-01
3.521809004014261890e-01
3.521809202913612213e-01
3.521809200778180382e-01
3.521809187151530574e-01
3.521809187278402975e-01
3.521809188234756860e-01
3.521809188226901477e-01
3.521809188158561144e-01
3.521809188159055748e-01
3.521809188164007343e-01
3.521809188163971260e-01
3.521809188163609328e-01
3.521809188163615434e-01
3.521809188163647075e-01
3.521809188163638749e-01
3.521809188163639859e-01
3.521809188163640414e-01
3.521809188163639859e-01
3.521809188163640414e-01
3.521809188163640414e-01
3.521809188163640414e-01
3.521809188163640414e-01
3.521809188163640414e-01
3.521809188163640414e-01
3.521809188163640414e-01
3.521809188163640414e-01
3.521809188163640414e-01
3.521809188163640414e-01
3.521809188163640414e-01
3.521809188163640414e-01
3.521809188163640414e-01
3.521809188163640414e-01
3.521809188163640414e-01
3.521809188163640414e-01
3.521809188163640414e-01
3.521809188163640414e-01
3.521809188163640414e-01
3.521809188163640414e-01
3.521809188163640414e-01
3.521809188163640414e-01
3.521809188163640414e-01
3.521809188163640414e-01
3.521809188163640414e-01
3.521809188163640414e-01
3.521809188163640414e-01
3.521809188163640414e-01
3.521809188163640414e-01
3.521809188163640414e-01
3.521809188163640414e-01
3.521809188163640414e-01
3.521809188163640414e-01
3.521809188163640414e-01
3.521809188163640414e-01
3.521809188163640414e-01
3.521809188163640414e-01
3.521809188163640414e-01
3.521809188163640414e-01
3.521809188163640414e-01
3.521809188163640414e-01
3.521809188163640414e-01
3.521809188163640414e-01
3.521809188163640414e-01
3.521809188163640414e-01
3.521809188163640414e-01
3.521809188163640414e-01
3.521809188163640414e-01
3.521809188163640414e-01
3.521809188163640414e-01
3.521809188163640414e-01
3.521809188163640414e-01
3.521809188163640414e-01
3.521809188163640414e-01
3.521809188163640414e-01
3.521809188163640414e-01
3.521809188163640414e-01
3.521809188163640414e-01
3.521809188163640414e-01
3.521809188163640414e-01
3.521809188163640414e-01
3.521809188163640414e-01
3.521809188163640414e-01
3.521809188163640414e-01
3.521809188163640414e-01
3.521809188163640414e-01
3.521809188163640414e-01
3.521809188163640414e-01
3.521809188163640414e-01
3.521809188163640414e-01
3.521809188163640414e-01
3.521809188163640414e-01
3.521809188163640414e-01
3.521809188163640414e-01
3.521809188163639859e-01
3.521809188163638749e-01
3.521809188163647075e-01
3.521809188163615434e-01
3.521809188163609883e-01
3.521809188163970150e-01
3.521809188164007343e-01
3.521809188159055748e-01
3.521809188158561144e-01
3.521809188226901477e-01
3.521809188234756860e-01
3.521809187278402975e-01
3.521809187151530574e-01
3.521809200778180382e-01
3.521809202913612213e-01
3.521809004014261890e-01
3.521808965962602289e-01
3.521811969642064111e-01
3.521812709086479809e-01
3.521764976690859306e-01
3.521748925154210563e-01
3.522581696971295306e-01
3.523090964104556577e-01
3.505883239881529279e-01
3.475020228487604723e-01
3.858443905515123729e-01
