1.674536876332856639e-01
1.656974884965893291e-01
1.644565545219867087e-01
1.636907810133613472e-01
1.631859425709439315e-01
1.627631578663322753e-01
1.623685695333552392e-01
1.620214967661747774e-01
1.617380823210474161e-01
1.615104578305688598e-01
1.613235674712740764e-01
1.611674003004942013e-01
1.610362887573947854e-01
1.609257815805711367e-01
1.608323064855738949e-01
1.607529852124413017e-01
1.606854709716176444e-01
1.606278388708327343e-01
1.605784984881727384e-01
1.605361205965218918e-01
1.604995870154299065e-01
1.604679503089001535e-01
1.604404161925508943e-01
1.604163373676015247e-01
1.603952130961729949e-01
1.603766552844166915e-01
1.603603528154915470e-01
1.603460397013145577e-01
1.603334744763234565e-01
1.603224401369301444e-01
1.603127459571352664e-01
1.603042293119354145e-01
1.602967444582494849e-01
1.602967444582494849e-01
1.602967444582494849e-01
1.602967444582494849e-01
1.602967444582494849e-01
1.602967444582494849e-01
1.602967444582494849e-01
1.602967444582494849e-01
1.602967444582494849e-01
1.602967444582494849e-01
1.602967444582494849e-01
1.602967444582494849e-01
1.602967444582494849e-01
1.602967444582494849e-01
1.602967444582494849e-01
1.602967444582494849e-01
1.602967444582494849e-01
1.602967444582494849e-01
1.602967444582494849e-01
1.602967444582494849e-01
1.602967444582494849e-01
1.602967444582494849e-01
1.602967444582494849e-01
1.602967444582494849e-01
1.602967444582494849e-01
1.602967444582494849e-01
1.602967444582494849e-01
1.602967444582494849e-01
1.602967444582494849e-01
1.602967444582494849e-01
1.602967444582494849e-01
1.602967444582494849e-01
1.602967444582494849e-01
1.602967444582494849e-01
1.602967444582494849e-01
1.602967444582494849e-01
1.602967444582494849e-01
1.602967444582494849e-01
1.602967444582494849e-01
1.602967444582494849e-01
1.602967444582494849e-01
1.602967444582494849e-01
1.602967444582494849e-01
1.602967444582494849e-01
1.602967444582494849e-01
1.602967444582494849e-01
1.602967444582494849e-01
1.602967444582494849e-01
1.602967444582494849e-01
1.602967444582494849e-01
1.602967444582494849e-01
1.602967444582494849e-01
1.602967444582494849e-01
1.602967444582494849e-01
1.602967444582494849e-01
1.602967444582494849e-01
1.602967444582494849e-01
1.602967444582494849e-01
1.602967444582494849e-01
1.602967444582494849e-01
1.602967444582494849e-01
1.602967444582494849e-01
1.602967444582494849e-01
1.602967444582494849e-01
1.603021077733706723e-01
1.603086833728057381e-01
1.603166393558709268e-01
1.603261681739477917e-01
1.603374959931701538e-01
1.603508827476015641e-01
1.603666315344986770e-01
1.603850999029957092e-01
1.604067055847849255e-01
1.604319397296458116e-01
1.604613802104406239e-01
1.604957106272643652e-01
1.605357357018347697e-01
1.605824136509844957e-01
1.606368813677964136e-01
1.607004986236723609e-01
1.607748928093219731e-01
1.608620306137460154e-01
1.609642964248544916e-01
1.610846060872785646e-01
1.612265681967747777e-01
1.613946623025921123e-01
1.615945603631800398e-01
1.618362651944985353e-01
1.621347552587062979e-01
1.624977389486692847e-01
1.629089240485264156e-01
1.633490417409333428e-01
1.638721055665421367e-01
1.646565816943239002e-01
1.659148231917768612e-01
1.676980365259694017e-01
