1.178999808993932141e-01
8.505083410001158806e-02
6.753899364379296888e-02
5.831583786289108728e-02
5.349667191466230681e-02
5.092413382092426943e-02
4.945094223165887037e-02
4.855151974918713725e-02
4.802693565575673340e-02
4.779299072935060122e-02
4.778413492125664630e-02
4.793858976635231167e-02
4.820528268064619426e-02
4.854392341571931585e-02
4.892270396464561827e-02
4.931686897643834666e-02
4.970757361966501864e-02
5.008098148735039973e-02
5.042749144497201547e-02
5.074106497923308590e-02
5.101850904058134045e-02
5.125882056785283775e-02
5.146253991440827291e-02
5.163120672283649099e-02
5.176696629421915358e-02
5.187239091721165124e-02
5.195040695688469407e-02
5.200422059677669434e-02
5.203723987156678304e-02
5.205291935665821990e-02
5.205460680081595154e-02
5.204542457579192094e-02
5.202818365549960467e-02
5.202818365549960467e-02
5.202818365549960467e-02
5.202818365549959079e-02
5.202818365549960467e-02
5.202818365549960467e-02
5.202818365549960467e-02
5.202818365549959079e-02
5.202818365549960467e-02
5.202818365549960467e-02
5.202818365549960467e-02
5.202818365549959079e-02
5.202818365549960467e-02
5.202818365549960467e-02
5.202818365549960467e-02
5.202818365549959079e-02
5.202818365549960467e-02
5.202818365549960467e-02
5.202818365549960467e-02
5.202818365549959079e-02
5.202818365549960467e-02
5.202818365549960467e-02
5.202818365549960467e-02
5.202818365549959079e-02
5.202818365549960467e-02
5.202818365549960467e-02
5.202818365549960467e-02
5.202818365549959079e-02
5.202818365549960467e-02
5.202818365549960467e-02
5.202818365549960467e-02
5.202818365549959079e-02
5.202818365549960467e-02
5.202818365549960467e-02
5.202818365549960467e-02
5.202818365549959079e-02
5.202818365549960467e-02
5.202818365549960467e-02
5.202818365549960467e-02
5.202818365549959079e-02
5.202818365549960467e-02
5.202818365549960467e-02
5.202818365549960467e-02
5.202818365549959079e-02
5.202818365549960467e-02
5.202818365549960467e-02
5.202818365549960467e-02
5.202818365549959079e-02
5.202818365549960467e-02
5.202818365549960467e-02
5.202818365549960467e-02
5.202818365549959079e-02
5.202818365549960467e-02
5.202818365549960467e-02
5.202818365549960467e-02
5.202818365549959079e-02
5.202818365549960467e-02
5.202818365549960467e-02
5.202818365549960467e-02
5.202818365549959079e-02
5.202818365549960467e-02
5.202818365549960467e-02
5.202818365549960467e-02
5.202818365549959079e-02
5.204020369849877287e-02
5.204713471411682307e-02
5.204577605052553707e-02
5.203245932024523623e-02
5.200310764236972666e-02
5.195333257737491661e-02
5.187853344057873073e-02
5.177410038046395546e-02
5.163560667945708837e-02
5.145909117908748637e-02
5.124140894165883642e-02
5.098059419506358741e-02
5.067632369828891509e-02
5.033041562441871453e-02
4.994734656491908731e-02
4.953480107601953425e-02
4.910427221252434971e-02
4.867167980965945301e-02
4.825804486259883952e-02
4.789031860460062767e-02
4.760244917914555757e-02
4.743674965536227861e-02
4.744619404186990047e-02
4.769448652290898816e-02
4.824945962211963507e-02
4.919830957225632823e-02
5.074352458567242541e-02
5.341503395382566494e-02
5.836875371517370736e-02
6.778470209015526049e-02
8.560062010484392747e-02
1.189670554749195086e-01
