3.335566489211008179e-01
2.827791133854149486e-01
2.704017184936498008e-01
2.670238525347155556e-01
2.660737541410036489e-01
2.658042506615184708e-01
2.657276206714039857e-01
2.657058170757488069e-01
2.656996120840280362e-01
2.656978461362586863e-01
2.656973435380545201e-01
2.656972004953989108e-01
2.656971597845309563e-01
2.656971481979598648e-01
2.656971449003509012e-01
2.656971439618319719e-01
2.656971436947242471e-01
2.656971436187039459e-01
2.656971435970681972e-01
2.656971435909105117e-01
2.656971435891580247e-01
2.656971435886592570e-01
2.656971435885173149e-01
2.656971435884768473e-01
2.656971435884654120e-01
2.656971435884621369e-01
2.656971435884611932e-01
2.656971435884609156e-01
2.656971435884608601e-01
2.656971435884608601e-01
2.656971435884608046e-01
2.656971435884608046e-01
2.656971435884608046e-01
2.656971435884608046e-01
2.656971435884608046e-01
2.656971435884608046e-01
2.656971435884608046e-01
2.656971435884608046e-01
2.656971435884608046e-01
2.656971435884608046e-01
2.656971435884608046e-01
2.656971435884608046e-01
2.656971435884608046e-01
2.656971435884608046e-01
2.656971435884608046e-01
2.656971435884608046e-01
2.656971435884608046e-01
2.656971435884608046e-01
2.656971435884608046e-01
2.656971435884608046e-01
2.656971435884608046e-01
2.656971435884608046e-01
2.656971435884608046e-01
2.656971435884608046e-01
2.656971435884608046e-01
2.656971435884608046e-01
2.656971435884608046e-01
2.656971435884608046e-01
2.656971435884608046e-01
2.656971435884608046e-01
2.656971435884608046e-01
2.656971435884608046e-01
2.656971435884608046e-01
2.656971435884608046e-01
2.656971435884608046e-01
2.656971435884608046e-01
2.656971435884608046e-01
2.656971435884608046e-01
2.656971435884608046e-01
2.656971435884608046e-01
2.656971435884608046e-01
2.656971435884608046e-01
2.656971435884608046e-01
2.656971435884608046e-01
2.656971435884608046e-01
2.656971435884608046e-01
2.656971435884608046e-01
2.656971435884608046e-01
2.656971435884608046e-01
2.656971435884608046e-01
2.656971435884608046e-01
2.656971435884608046e-01
2.656971435884608046e-01
2.656971435884608046e-01
2.656971435884608046e-01
2.656971435884608046e-01
2.656971435884608046e-01
2.656971435884608046e-01
2.656971435884608046e-01
2.656971435884608046e-01
2.656971435884608046e-01
2.656971435884608046e-01
2.656971435884608046e-01
2.656971435884608046e-01
2.656971435884608046e-01
2.656971435884608046e-01
2.656971435884608046e-01
2.656971435884608046e-01
2.656971435884608046e-01
2.656971435884608601e-01
2.656971435884609156e-01
2.656971435884611932e-01
2.656971435884621924e-01
2.656971435884654120e-01
2.656971435884768473e-01
2.656971435885172594e-01
2.656971435886592570e-01
2.656971435891579691e-01
2.656971435909105672e-01
2.656971435970681972e-01
2.656971436187039459e-01
2.656971436947241916e-01
2.656971439618319719e-01
2.656971449003509012e-01
2.656971481979598093e-01
2.656971597845309008e-01
2.656972004953989108e-01
2.656973435380545201e-01
2.656978461362586308e-01
2.656996120840280362e-01
2.657058170757488069e-01
2.657276206714039857e-01
2.658042506615184708e-01
2.660737541410036489e-01
2.670238525347156111e-01
2.704017184936498008e-01
2.827791133854149486e-01
3.335566489211008179e-01
