1.037282770062058629e-01
8.333967336765135681e-02
7.503414031895878911e-02
7.569501328591903000e-02
1.062016151191591956e-01
2.168912871337780601e-01
2.836257323525107621e-01
3.224290754216508903e-01
3.040564399478234425e-01
1.007790362635620079e-01
9.923477064961434835e-02
9.798565472284270772e-02
1.003005741119729344e-01
1.469174046127912359e-01
1.768655249588472478e-01
1.927240509507401611e-01
1.261789704015992830e-01
9.836099216382196420e-02
9.815997414178227742e-02
9.818124902351783867e-02
9.826574807794523359e-02
1.080075520548736123e-01
1.210833153120776107e-01
9.766021635297823800e-02
9.852926051487286008e-02
9.835072478679579566e-02
9.824319341884711621e-02
9.823852500250018771e-02
9.830563297490535479e-02
9.837027855019157829e-02
9.842038447479663221e-02
9.844416189819794882e-02
9.843185639172954970e-02
9.843185639172954970e-02
9.843185639172954970e-02
9.843185639172956358e-02
9.843185639172954970e-02
9.843185639172954970e-02
9.843185639172954970e-02
9.843185639172956358e-02
9.843185639172954970e-02
9.843185639172954970e-02
9.843185639172954970e-02
9.843185639172956358e-02
9.843185639172954970e-02
9.843185639172954970e-02
9.843185639172954970e-02
9.843185639172956358e-02
9.843185639172954970e-02
9.843185639172954970e-02
9.843185639172954970e-02
9.843185639172956358e-02
9.843185639172954970e-02
9.843185639172954970e-02
9.843185639172954970e-02
9.843185639172956358e-02
9.843185639172954970e-02
9.843185639172954970e-02
9.843185639172954970e-02
9.843185639172956358e-02
9.843185639172954970e-02
9.843185639172954970e-02
9.843185639172954970e-02
9.843185639172956358e-02
9.843185639172954970e-02
9.843185639172954970e-02
9.843185639172954970e-02
9.843185639172956358e-02
9.843185639172954970e-02
9.843185639172954970e-02
9.843185639172954970e-02
9.843185639172956358e-02
9.843185639172954970e-02
9.843185639172954970e-02
9.843185639172954970e-02
9.843185639172956358e-02
9.843185639172954970e-02
9.843185639172954970e-02
9.843185639172954970e-02
9.843185639172956358e-02
9.843185639172954970e-02
9.843185639172954970e-02
9.843185639172954970e-02
9.843185639172956358e-02
9.843185639172954970e-02
9.843185639172954970e-02
9.843185639172954970e-02
9.843185639172956358e-02
9.843185639172954970e-02
9.843185639172954970e-02
9.843185639172954970e-02
9.843185639172956358e-02
9.843185639172954970e-02
9.843185639172954970e-02
9.843185639172954970e-02
9.843185639172956358e-02
9.845217477576115317e-02
9.840326007410922504e-02
9.836812419677351538e-02
9.831417199865481737e-02
9.825187505414062494e-02
9.826091609780580882e-02
9.837363567910931139e-02
9.854749470471610429e-02
9.654658294462838131e-02
1.255967511431291539e-01
1.096472843089845023e-01
9.826383130941833410e-02
9.818085760479243473e-02
9.816406564052375383e-02
9.840350197429072188e-02
1.511503643827927235e-01
1.976757935404755695e-01
1.804892942122542365e-01
1.496976852977546790e-01
1.012368860457129038e-01
9.796876847383717557e-02
9.928184297925644886e-02
1.010073037277354202e-01
3.096027902518102559e-01
3.260573139069906090e-01
2.854639997900332848e-01
2.183232052991997685e-01
1.075108761724084122e-01
7.540427492111916041e-02
7.473468025294432993e-02
8.304333946422526314e-02
1.033774403738784431e-01
