1.673992244094936119e-02
1.523024073273064605e-02
1.400917575758327260e-02
1.300642410295823476e-02
1.217220391397443209e-02
1.147040017172802975e-02
1.087424231805578581e-02
1.036352441768866907e-02
9.922739604437475630e-03
9.539806560165602772e-03
9.205192374359110613e-03
8.911282649130828487e-03
8.651931710568298503e-03
8.422124466139480764e-03
8.217738012824956848e-03
8.035350928659635433e-03
7.872103086821992390e-03
7.725586300173193158e-03
7.593760615698537039e-03
7.474887741109244657e-03
7.367476651921875397e-03
7.270242745056139724e-03
7.182074609834328965e-03
7.102005253421545677e-03
7.029190190604254866e-03
6.962889155328659541e-03
6.902450814868076739e-03
6.847299974404839201e-03
6.796927112634203530e-03
6.750880948159085002e-03
6.708758155989638303e-03
6.670198859639515400e-03
6.634882272650236522e-03
6.602518775575458819e-03
6.572850217317080870e-03
6.545642554272276467e-03
6.520685587920500501e-03
6.497790092098941137e-03
6.476783392119210211e-03
6.457510599859428262e-03
6.439831408705591967e-03
6.423617638520249216e-03
6.408753462986254909e-03
6.395134090189109020e-03
6.382664307277294453e-03
6.371257516033458981e-03
6.360834787004211906e-03
6.351324911770563769e-03
6.342663371187821919e-03
6.334791734226803694e-03
6.327657175292907346e-03
6.321212044132144652e-03
6.315413483098119424e-03
6.310223063556856180e-03
6.305606460827398868e-03
6.301533330739393993e-03
6.297976988560917422e-03
6.294914193448771303e-03
6.292324973502754284e-03
6.290192476449510926e-03
6.288502844391074056e-03
6.287245111320571150e-03
6.286411122353932970e-03
6.285995473856017743e-03
6.285995473856017743e-03
6.286411122353932103e-03
6.287245111320571150e-03
6.288502844391074056e-03
6.290192476449510926e-03
6.292324973502755152e-03
6.294914193448771303e-03
6.297976988560917422e-03
6.301533330739393993e-03
6.305606460827399735e-03
6.310223063556856180e-03
6.315413483098119424e-03
6.321212044132144652e-03
6.327657175292904744e-03
6.334791734226805429e-03
6.342663371187821919e-03
6.351324911770563769e-03
6.360834787004211906e-03
6.371257516033458981e-03
6.382664307277295321e-03
6.395134090189108153e-03
6.408753462986254909e-03
6.423617638520246614e-03
6.439831408705591967e-03
6.457510599859428262e-03
6.476783392119210211e-03
6.497790092098941137e-03
6.520685587920500501e-03
6.545642554272276467e-03
6.572850217317080870e-03
6.602518775575458819e-03
6.634882272650235654e-03
6.670198859639515400e-03
6.708758155989638303e-03
6.750880948159085002e-03
6.796927112634203530e-03
6.847299974404840069e-03
6.902450814868076739e-03
6.962889155328659541e-03
7.029190190604254866e-03
7.102005253421547412e-03
7.182074609834327231e-03
7.270242745056139724e-03
7.367476651921877132e-03
7.474887741109244657e-03
7.593760615698537039e-03
7.725586300173193158e-03
7.872103086821992390e-03
8.035350928659631964e-03
8.217738012824956848e-03
8.422124466139480764e-03
8.651931710568296768e-03
8.911282649130828487e-03
9.205192374359110613e-03
9.539806560165602772e-03
9.922739604437475630e-03
1.036352441768867080e-02
1.087424231805578581e-02
1.147040017172802975e-02
1.217220391397443383e-02
1.300642410295823649e-02
1.400917575758327260e-02
1.523024073273064258e-02
1.673992244094936466e-02
