2.289915051465554463e-01
1.546726459085717154e-01
1.253740967894082237e-01
1.146582935714960116e-01
1.112046545553108806e-01
1.111637737639725593e-01
1.137955277649555785e-01
1.184560375782245101e-01
1.240629328227306483e-01
1.297402683738004825e-01
1.349693672254733412e-01
1.393641272071551584e-01
1.426488902712744755e-01
1.447347911123575970e-01
1.456984593020190788e-01
1.457330172807655144e-01
1.450904244500897944e-01
1.440300136690232102e-01
1.427823987863605648e-01
1.415300391666219904e-01
1.404017317193638759e-01
1.394762132188503700e-01
1.387908949564418681e-01
1.383518585729437977e-01
1.381425498637575966e-01
1.381300176137869040e-01
1.382705702142738302e-01
1.385155646460228818e-01
1.388171121507024985e-01
1.391325642038079291e-01
1.394274092662271258e-01
1.396767108628870491e-01
1.398657148332749234e-01
1.398657148332749789e-01
1.398657148332749234e-01
1.398657148332749234e-01
1.398657148332749234e-01
1.398657148332749789e-01
1.398657148332749234e-01
1.398657148332749234e-01
1.398657148332749234e-01
1.398657148332749789e-01
1.398657148332749234e-01
1.398657148332749234e-01
1.398657148332749234e-01
1.398657148332749789e-01
1.398657148332749234e-01
1.398657148332749234e-01
1.398657148332749234e-01
1.398657148332749789e-01
1.398657148332749234e-01
1.398657148332749234e-01
1.398657148332749234e-01
1.398657148332749789e-01
1.398657148332749234e-01
1.398657148332749234e-01
1.398657148332749234e-01
1.398657148332749789e-01
1.398657148332749234e-01
1.398657148332749234e-01
1.398657148332749234e-01
1.398657148332749789e-01
1.398657148332749234e-01
1.398657148332749234e-01
1.398657148332749234e-01
1.398657148332749789e-01
1.398657148332749234e-01
1.398657148332749234e-01
1.398657148332749234e-01
1.398657148332749789e-01
1.398657148332749234e-01
1.398657148332749234e-01
1.398657148332749234e-01
1.398657148332749789e-01
1.398657148332749234e-01
1.398657148332749234e-01
1.398657148332749234e-01
1.398657148332749789e-01
1.398657148332749234e-01
1.398657148332749234e-01
1.398657148332749234e-01
1.398657148332749789e-01
1.398657148332749234e-01
1.398657148332749234e-01
1.398657148332749234e-01
1.398657148332749789e-01
1.398657148332749234e-01
1.398657148332749234e-01
1.398657148332749234e-01
1.398657148332749789e-01
1.398657148332749234e-01
1.398657148332749234e-01
1.398657148332749234e-01
1.398657148332749789e-01
1.398657148332749234e-01
1.398657148332749234e-01
1.397302444668482579e-01
1.395375944917914834e-01
1.392952655467238066e-01
1.390223207563296703e-01
1.387498323733883099e-01
1.385201015882734643e-01
1.383839561694043263e-01
1.383964620101855725e-01
1.386111293055833638e-01
1.390725554800830988e-01
1.398076855793897177e-01
1.408158869383973333e-01
1.420579650812082706e-01
1.434456558898115075e-01
1.448329247832644273e-01
1.460133450244044950e-01
1.467279944613469334e-01
1.466896691351865789e-01
1.456259137985920216e-01
1.433380207156775832e-01
1.397635866600556165e-01
1.350249399401317607e-01
1.294433823043318332e-01
1.234509553774420093e-01
1.176025948730158865e-01
1.127894967561719614e-01
1.100866338779606379e-01
1.101285447882343199e-01
1.136543625231751509e-01
1.244894419374215633e-01
1.538836568004261496e-01
2.280991801332253044e-01
