1.671102245483219728e-01
1.653098738272363866e-01
1.639399681349737181e-01
1.630319646992554605e-01
1.624611781797448695e-01
1.620622814892427876e-01
1.617246544533011421e-01
1.614137131524320812e-01
1.611364398550803878e-01
1.609024295681248939e-01
1.607098589813500955e-01
1.605506674202830386e-01
1.604174081019879572e-01
1.603051574589203776e-01
1.602102100868656731e-01
1.601296243940025787e-01
1.600610194623495741e-01
1.600024416627860990e-01
1.599522757489129365e-01
1.599091700693196227e-01
1.598719847912900838e-01
1.598397592233763709e-01
1.598116942790786532e-01
1.597871407588229431e-01
1.597655859176801418e-01
1.597466345892352424e-01
1.597299700077247087e-01
1.597153258498744677e-01
1.597024638872908686e-01
1.596911702155551227e-01
1.596812533510882648e-01
1.596725404848015617e-01
1.596648848637932661e-01
1.596648848637932661e-01
1.596648848637932661e-01
1.596648848637932938e-01
1.596648848637932661e-01
1.596648848637932661e-01
1.596648848637932661e-01
1.596648848637932938e-01
1.596648848637932661e-01
1.596648848637932661e-01
1.596648848637932661e-01
1.596648848637932938e-01
1.596648848637932661e-01
1.596648848637932661e-01
1.596648848637932661e-01
1.596648848637932938e-01
1.596648848637932661e-01
1.596648848637932661e-01
1.596648848637932661e-01
1.596648848637932938e-01
1.596648848637932661e-01
1.596648848637932661e-01
1.596648848637932661e-01
1.596648848637932938e-01
1.596648848637932661e-01
1.596648848637932661e-01
1.596648848637932661e-01
1.596648848637932938e-01
1.596648848637932661e-01
1.596648848637932661e-01
1.596648848637932661e-01
1.596648848637932938e-01
1.596648848637932661e-01
1.596648848637932661e-01
1.596648848637932661e-01
1.596648848637932938e-01
1.596648848637932661e-01
1.596648848637932661e-01
1.596648848637932661e-01
1.596648848637932938e-01
1.596648848637932661e-01
1.596648848637932661e-01
1.596648848637932661e-01
1.596648848637932938e-01
1.596648848637932661e-01
1.596648848637932661e-01
1.596648848637932661e-01
1.596648848637932938e-01
1.596648848637932661e-01
1.596648848637932661e-01
1.596648848637932661e-01
1.596648848637932938e-01
1.596648848637932661e-01
1.596648848637932661e-01
1.596648848637932661e-01
1.596648848637932938e-01
1.596648848637932661e-01
1.596648848637932661e-01
1.596648848637932661e-01
1.596648848637932938e-01
1.596648848637932661e-01
1.596648848637932661e-01
1.596648848637932661e-01
1.596648848637932938e-01
1.596703313989448481e-01
1.596770182888831990e-01
1.596851163610975011e-01
1.596948206564716699e-01
1.597063597382751832e-01
1.597199994555163760e-01
1.597360485787963080e-01
1.597548700261154919e-01
1.597768865632830937e-01
1.598025995396819277e-01
1.598325947004803071e-01
1.598675648014750705e-01
1.599083286531801096e-01
1.599558577543214177e-01
1.600113069389436926e-01
1.600760527872806538e-01
1.601517493422357497e-01
1.602403901634407157e-01
1.603443994553011009e-01
1.604667603452453739e-01
1.606112130828172280e-01
1.607827085515699250e-01
1.609887135692401605e-01
1.612372548402414840e-01
1.615301021747704846e-01
1.618576466462776919e-01
1.622130073501814873e-01
1.626309101529432588e-01
1.632217953839635582e-01
1.641499353540215311e-01
1.655377541534153174e-01
1.673655572199587716e-01
