3.680494355015132557e-01
3.259284338227989575e-01
3.192211451079147722e-01
3.182234718990129552e-01
3.181139197757394399e-01
3.181135921766715113e-01
3.181181956192548621e-01
3.181200305839624320e-01
3.181205574269813097e-01
3.181206865107382153e-01
3.181207147997198170e-01
3.181207204105253594e-01
3.181207214072661604e-01
3.181207215590379223e-01
3.181207215759944140e-01
3.181207215761425733e-01
3.181207215754683348e-01
3.181207215751952200e-01
3.181207215751164497e-01
3.181207215750970763e-01
3.181207215750927464e-01
3.181207215750919137e-01
3.181207215750917472e-01
3.181207215750917472e-01
3.181207215750917472e-01
3.181207215750917472e-01
3.181207215750917472e-01
3.181207215750917472e-01
3.181207215750917472e-01
3.181207215750917472e-01
3.181207215750917472e-01
3.181207215750917472e-01
3.181207215750917472e-01
3.181207215750917472e-01
3.181207215750917472e-01
3.181207215750917472e-01
3.181207215750917472e-01
3.181207215750917472e-01
3.181207215750917472e-01
3.181207215750917472e-01
3.181207215750917472e-01
3.181207215750917472e-01
3.181207215750917472e-01
3.181207215750917472e-01
3.181207215750917472e-01
3.181207215750917472e-01
3.181207215750917472e-01
3.181207215750917472e-01
3.181207215750917472e-01
3.181207215750917472e-01
3.181207215750917472e-01
3.181207215750917472e-01
3.181207215750917472e-01
3.181207215750917472e-01
3.181207215750917472e-01
3.181207215750917472e-01
3.181207215750917472e-01
3.181207215750917472e-01
3.181207215750917472e-01
3.181207215750917472e-01
3.181207215750917472e-01
3.181207215750917472e-01
3.181207215750917472e-01
3.181207215750917472e-01
3.181207215750917472e-01
3.181207215750917472e-01
3.181207215750917472e-01
3.181207215750917472e-01
3.181207215750917472e-01
3.181207215750917472e-01
3.181207215750917472e-01
3.181207215750917472e-01
3.181207215750917472e-01
3.181207215750917472e-01
3.181207215750917472e-01
3.181207215750917472e-01
3.181207215750917472e-01
3.181207215750917472e-01
3.181207215750917472e-01
3.181207215750917472e-01
3.181207215750917472e-01
3.181207215750917472e-01
3.181207215750917472e-01
3.181207215750917472e-01
3.181207215750917472e-01
3.181207215750917472e-01
3.181207215750917472e-01
3.181207215750917472e-01
3.181207215750917472e-01
3.181207215750917472e-01
3.181207215750917472e-01
3.181207215750917472e-01
3.181207215750917472e-01
3.181207215750917472e-01
3.181207215750917472e-01
3.181207215750917472e-01
3.181207215750917472e-01
3.181207215750917472e-01
3.181207215750917472e-01
3.181207215750917472e-01
3.181207215750917472e-01
3.181207215750917472e-01
3.181207215750917472e-01
3.181207215750917472e-01
3.181207215750917472e-01
3.181207215750917472e-01
3.181207215750919137e-01
3.181207215750927464e-01
3.181207215750970763e-01
3.181207215751164497e-01
3.181207215751952200e-01
3.181207215754683348e-01
3.181207215761425733e-01
3.181207215759944140e-01
3.181207215590379223e-01
3.181207214072661604e-01
3.181207204105253594e-01
3.181207147997198170e-01
3.181206865107382153e-01
3.181205574269813097e-01
3.181200305839624320e-01
3.181181956192548621e-01
3.181135921766715113e-01
3.181139197757394399e-01
3.182234718990129552e-01
3.192211451079147722e-01
3.259284338227989575e-01
3.680494355015132557e-01
