5.499065730030087279e-02
4.691200549464311087e-02
4.239303285802441951e-02
3.998377338236250300e-02
3.838826482270973894e-02
3.699164641851997171e-02
3.576456207721488006e-02
3.480774516082986436e-02
3.410106073200001864e-02
3.355450210058315286e-02
3.310591518351588269e-02
3.273180492015997228e-02
3.242024734035656164e-02
3.215988313103594620e-02
3.194137303954409923e-02
3.175723288907860570e-02
3.160144699503696086e-02
3.146914802454746363e-02
3.135637770406307645e-02
3.125988640729536472e-02
3.117697973220273297e-02
3.110539051149151940e-02
3.104322457081410552e-02
3.098895847051635205e-02
3.094142156048677178e-02
3.089971989917528195e-02
3.086314252062910546e-02
3.083106190894558535e-02
3.080292365592047013e-02
3.077822241483932353e-02
3.075653562405626998e-02
3.073749186778411413e-02
3.072077011744019440e-02
3.072077011744019440e-02
3.072077011744019440e-02
3.072077011744019440e-02
3.072077011744019440e-02
3.072077011744019440e-02
3.072077011744019440e-02
3.072077011744019440e-02
3.072077011744019440e-02
3.072077011744019440e-02
3.072077011744019440e-02
3.072077011744019440e-02
3.072077011744019440e-02
3.072077011744019440e-02
3.072077011744019440e-02
3.072077011744019440e-02
3.072077011744019440e-02
3.072077011744019440e-02
3.072077011744019440e-02
3.072077011744019440e-02
3.072077011744019440e-02
3.072077011744019440e-02
3.072077011744019440e-02
3.072077011744019440e-02
3.072077011744019440e-02
3.072077011744019440e-02
3.072077011744019440e-02
3.072077011744019440e-02
3.072077011744019440e-02
3.072077011744019440e-02
3.072077011744019440e-02
3.072077011744019440e-02
3.072077011744019440e-02
3.072077011744019440e-02
3.072077011744019440e-02
3.072077011744019440e-02
3.072077011744019440e-02
3.072077011744019440e-02
3.072077011744019440e-02
3.072077011744019440e-02
3.072077011744019440e-02
3.072077011744019440e-02
3.072077011744019440e-02
3.072077011744019440e-02
3.072077011744019440e-02
3.072077011744019440e-02
3.072077011744019440e-02
3.072077011744019440e-02
3.072077011744019440e-02
3.072077011744019440e-02
3.072077011744019440e-02
3.072077011744019440e-02
3.072077011744019440e-02
3.072077011744019440e-02
3.072077011744019440e-02
3.072077011744019440e-02
3.072077011744019440e-02
3.072077011744019440e-02
3.072077011744019440e-02
3.072077011744019440e-02
3.072077011744019440e-02
3.072077011744019440e-02
3.072077011744019440e-02
3.072077011744019440e-02
3.073266738161877648e-02
3.074727985506433420e-02
3.076498885634383618e-02
3.078623074975516197e-02
3.081151099577907754e-02
3.084142731658573444e-02
3.087668025017501622e-02
3.091808884021875203e-02
3.096662100285201696e-02
3.102342762565055145e-02
3.108986671363794460e-02
3.116755784400028137e-02
3.125844228047479356e-02
3.136483860660414791e-02
3.148954589009343719e-02
3.163595963777812714e-02
3.180821139959116861e-02
3.201137499805301045e-02
3.225171179550909151e-02
3.253701002596383340e-02
3.287699150015273991e-02
3.328348240479486742e-02
3.376895155265475373e-02
3.435771850141136619e-02
3.511330721020471113e-02
3.612759833037636203e-02
3.742187223771582805e-02
3.889505257929753990e-02
4.057925273346361938e-02
4.310562978308864895e-02
4.780592222728963225e-02
5.619087143108979221e-02
