2.877352469599523954e-01
2.237917839129747177e-01
2.071070710094024547e-01
2.054985142462249503e-01
2.078009385217564342e-01
2.098494740736034925e-01
2.108043034830870133e-01
2.110261465302606665e-01
2.109701199447778786e-01
2.108809201769160924e-01
2.108312016850786008e-01
2.108171030723738626e-01
2.108189735767046213e-01
2.108236832600330901e-01
2.108265584647301683e-01
2.108274380328507003e-01
2.108273484070752601e-01
2.108270633951527251e-01
2.108268818643777853e-01
2.108268240834673679e-01
2.108268290022307090e-01
2.108268474302449347e-01
2.108268594715708988e-01
2.108268633968945205e-01
2.108268631004024118e-01
2.108268618572754216e-01
2.108268610315533753e-01
2.108268607582054477e-01
2.108268607772619263e-01
2.108268608635998909e-01
2.108268609215832590e-01
2.108268609409771066e-01
2.108268609396938276e-01
2.108268609335686716e-01
2.108268609294238205e-01
2.108268609280277983e-01
2.108268609281175043e-01
2.108268609285590955e-01
2.108268609288592998e-01
2.108268609289613016e-01
2.108268609289548068e-01
2.108268609289226658e-01
2.108268609289005169e-01
2.108268609288929951e-01
2.108268609288932727e-01
2.108268609288957429e-01
2.108268609288974083e-01
2.108268609288980189e-01
2.108268609288979911e-01
2.108268609288980744e-01
2.108268609288979356e-01
2.108268609288977968e-01
2.108268609288977136e-01
2.108268609288978246e-01
2.108268609288979079e-01
2.108268609288978801e-01
2.108268609288978246e-01
2.108268609288978246e-01
2.108268609288978246e-01
2.108268609288978246e-01
2.108268609288978246e-01
2.108268609288978246e-01
2.108268609288978246e-01
2.108268609288978246e-01
2.108268609288978246e-01
2.108268609288978246e-01
2.108268609288978246e-01
2.108268609288977968e-01
2.108268609288978246e-01
2.108268609288978246e-01
2.108268609288978246e-01
2.108268609288978246e-01
2.108268609288978246e-01
2.108268609288978801e-01
2.108268609288978801e-01
2.108268609288977413e-01
2.108268609288978246e-01
2.108268609288979356e-01
2.108268609288980466e-01
2.108268609288979634e-01
2.108268609288980189e-01
2.108268609288974083e-01
2.108268609288957429e-01
2.108268609288932449e-01
2.108268609288930229e-01
2.108268609289004891e-01
2.108268609289226936e-01
2.108268609289548068e-01
2.108268609289612461e-01
2.108268609288592998e-01
2.108268609285591233e-01
2.108268609281175043e-01
2.108268609280277983e-01
2.108268609294238205e-01
2.108268609335686716e-01
2.108268609396938276e-01
2.108268609409770789e-01
2.108268609215832867e-01
2.108268608635998909e-01
2.108268607772618708e-01
2.108268607582054754e-01
2.108268610315533753e-01
2.108268618572754494e-01
2.108268631004024118e-01
2.108268633968945205e-01
2.108268594715708988e-01
2.108268474302449347e-01
2.108268290022307090e-01
2.108268240834673679e-01
2.108268818643777853e-01
2.108270633951527251e-01
2.108273484070752601e-01
2.108274380328507003e-01
2.108265584647301683e-01
2.108236832600330901e-01
2.108189735767045936e-01
2.108171030723738071e-01
2.108312016850786008e-01
2.108809201769160924e-01
2.109701199447778786e-01
2.110261465302606387e-01
2.108043034830870133e-01
2.098494740736035202e-01
2.078009385217564065e-01
2.054985142462249781e-01
2.071070710094024547e-01
2.237917839129747177e-01
2.877352469599523954e-01
