6.891904721912884835e-01
6.479875493929010410e-01
6.280927982318524894e-01
6.115134250716905973e-01
5.985135548306435016e-01
5.898735795500704704e-01
5.822080577666058909e-01
5.761601584095297213e-01
5.717043577746472316e-01
5.677981628725419228e-01
5.644512784958908291e-01
5.616833306151065575e-01
5.593675841248446634e-01
5.574198138995470897e-01
5.557750820913391898e-01
5.543814570108709372e-01
5.531968548454854195e-01
5.521867133595002031e-01
5.513225788274174199e-01
5.505807455625457703e-01
5.499414336675965131e-01
5.493880864016269516e-01
5.489064926459745752e-01
5.484848665694816994e-01
5.481145298554013223e-01
5.477892021970942604e-01
5.475034098543225536e-01
5.472523471652418481e-01
5.470317842350287396e-01
5.468380609146425986e-01
5.466678705538291494e-01
5.465183841886280813e-01
5.463870778947945706e-01
5.463870778947946816e-01
5.463870778947945706e-01
5.463870778947945706e-01
5.463870778947945706e-01
5.463870778947946816e-01
5.463870778947945706e-01
5.463870778947945706e-01
5.463870778947945706e-01
5.463870778947946816e-01
5.463870778947945706e-01
5.463870778947945706e-01
5.463870778947945706e-01
5.463870778947946816e-01
5.463870778947945706e-01
5.463870778947945706e-01
5.463870778947945706e-01
5.463870778947946816e-01
5.463870778947945706e-01
5.463870778947945706e-01
5.463870778947945706e-01
5.463870778947946816e-01
5.463870778947945706e-01
5.463870778947945706e-01
5.463870778947945706e-01
5.463870778947946816e-01
5.463870778947945706e-01
5.463870778947945706e-01
5.463870778947945706e-01
5.463870778947946816e-01
5.463870778947945706e-01
5.463870778947945706e-01
5.463870778947945706e-01
5.463870778947946816e-01
5.463870778947945706e-01
5.463870778947945706e-01
5.463870778947945706e-01
5.463870778947946816e-01
5.463870778947945706e-01
5.463870778947945706e-01
5.463870778947945706e-01
5.463870778947946816e-01
5.463870778947945706e-01
5.463870778947945706e-01
5.463870778947945706e-01
5.463870778947946816e-01
5.463870778947945706e-01
5.463870778947945706e-01
5.463870778947945706e-01
5.463870778947946816e-01
5.463870778947945706e-01
5.463870778947945706e-01
5.463870778947945706e-01
5.463870778947946816e-01
5.463870778947945706e-01
5.463870778947945706e-01
5.463870778947945706e-01
5.463870778947946816e-01
5.463870778947945706e-01
5.463870778947945706e-01
5.463870778947945706e-01
5.463870778947946816e-01
5.463870778947945706e-01
5.463870778947945706e-01
5.464798169439635256e-01
5.465938405298964575e-01
5.467320932876623685e-01
5.468979105733733359e-01
5.470952337552945632e-01
5.473286153985590374e-01
5.476033944121967423e-01
5.479258320363318280e-01
5.483032933858125180e-01
5.487443910500853228e-01
5.492593917814514448e-01
5.498603702086446443e-01
5.505616793485554883e-01
5.513803941444073153e-01
5.523368140920825731e-01
5.534553944161215711e-01
5.547655041978902801e-01
5.563026828878783192e-01
5.581103033189700469e-01
5.602415994957600232e-01
5.627630127910705493e-01
5.657605799378437883e-01
5.693630820093659173e-01
5.735521216527765809e-01
5.783212657847867089e-01
5.847207694121026034e-01
5.927721104406367125e-01
6.018328724195716184e-01
6.153163334878687385e-01
6.324152424869147193e-01
6.528735048272391595e-01
6.948508753278037631e-01
