9.033170001624596379e-02
7.595701305244245694e-02
7.038138233305496483e-02
6.753612427490693348e-02
6.597156229331002653e-02
6.563238966274975716e-02
6.594146732538806732e-02
6.665179871465691519e-02
6.749556611153459396e-02
6.821273918337941722e-02
6.874635385558319767e-02
6.908407204306918348e-02
6.924088777678553963e-02
6.926123109597211169e-02
6.919715999431554077e-02
6.909551708025056527e-02
6.899166024314462575e-02
6.890778355990144488e-02
6.885403532693330775e-02
6.883112431263702091e-02
6.883352442299325857e-02
6.885260181077663966e-02
6.887927228001476665e-02
6.890583151702946163e-02
6.892689095493723106e-02
6.893971115904523606e-02
6.894402578188185693e-02
6.894138229981718047e-02
6.893429395926535530e-02
6.892545797382020056e-02
6.891716017332960575e-02
6.891093957417898652e-02
6.890748588723864809e-02
6.890748588723864809e-02
6.890748588723864809e-02
6.890748588723864809e-02
6.890748588723864809e-02
6.890748588723864809e-02
6.890748588723864809e-02
6.890748588723864809e-02
6.890748588723864809e-02
6.890748588723864809e-02
6.890748588723864809e-02
6.890748588723864809e-02
6.890748588723864809e-02
6.890748588723864809e-02
6.890748588723864809e-02
6.890748588723864809e-02
6.890748588723864809e-02
6.890748588723864809e-02
6.890748588723864809e-02
6.890748588723864809e-02
6.890748588723864809e-02
6.890748588723864809e-02
6.890748588723864809e-02
6.890748588723864809e-02
6.890748588723864809e-02
6.890748588723864809e-02
6.890748588723864809e-02
6.890748588723864809e-02
6.890748588723864809e-02
6.890748588723864809e-02
6.890748588723864809e-02
6.890748588723864809e-02
6.890748588723864809e-02
6.890748588723864809e-02
6.890748588723864809e-02
6.890748588723864809e-02
6.890748588723864809e-02
6.890748588723864809e-02
6.890748588723864809e-02
6.890748588723864809e-02
6.890748588723864809e-02
6.890748588723864809e-02
6.890748588723864809e-02
6.890748588723864809e-02
6.890748588723864809e-02
6.890748588723864809e-02
6.890748588723864809e-02
6.890748588723864809e-02
6.890748588723864809e-02
6.890748588723864809e-02
6.890748588723864809e-02
6.890748588723864809e-02
6.890748588723864809e-02
6.890748588723864809e-02
6.890748588723864809e-02
6.890748588723864809e-02
6.890748588723864809e-02
6.890748588723864809e-02
6.890748588723864809e-02
6.890748588723864809e-02
6.890748588723864809e-02
6.890748588723864809e-02
6.890748588723864809e-02
6.890748588723864809e-02
6.890994751474109614e-02
6.891472464616898996e-02
6.892149794156013365e-02
6.892908712554100814e-02
6.893543470405671947e-02
6.893787125195141585e-02
6.893367633259722682e-02
6.892091278187886805e-02
6.889940645112900552e-02
6.887162932439661045e-02
6.884320000672680684e-02
6.882265891070246666e-02
6.882027371224089252e-02
6.884582860931309778e-02
6.890556094054529901e-02
6.899863566030689510e-02
6.911368949034783771e-02
6.922614453808115242e-02
6.929725325745630937e-02
6.927626987846172146e-02
6.910761168292758883e-02
6.874500527370203118e-02
6.817477396060091233e-02
6.741460024704397369e-02
6.653087340422235429e-02
6.579353909279807289e-02
6.547712613811998428e-02
6.583482709929697196e-02
6.744398425246776740e-02
7.035681657878921358e-02
7.602589220174109375e-02
9.051049161417042133e-02
