1.735706683587506793e-01
1.332958855133506426e-01
1.146405556809213244e-01
1.048341830970070110e-01
9.930891598002353216e-02
9.606800120283090494e-02
9.412078369489199070e-02
9.293364411438648220e-02
9.220337667513875402e-02
9.175165774143315134e-02
9.147128051009814631e-02
9.129687872136943438e-02
9.118825325545776295e-02
9.112054041209724509e-02
9.107830907270339504e-02
9.105196160685184725e-02
9.103552051545757418e-02
9.102525979820358382e-02
9.101885569519102548e-02
9.101485846069501395e-02
9.101236344236426912e-02
9.101080605840169979e-02
9.100983393274166000e-02
9.100922712384960922e-02
9.100884834730202377e-02
9.100861191049287868e-02
9.100846432370124361e-02
9.100837219817230206e-02
9.100831469227096959e-02
9.100827879638820339e-02
9.100825638975555687e-02
9.100824240328170278e-02
9.100823367277321996e-02
9.100822822309967419e-02
9.100822482136011748e-02
9.100822269796279840e-02
9.100822137251970978e-02
9.100822054516732873e-02
9.100822002872768768e-02
9.100821970636238656e-02
9.100821950513990344e-02
9.100821937953562646e-02
9.100821930113274505e-02
9.100821925219329533e-02
9.100821922164510636e-02
9.100821920257676223e-02
9.100821919067431098e-02
9.100821918324469850e-02
9.100821917860715815e-02
9.100821917571239039e-02
9.100821917390546079e-02
9.100821917277762685e-02
9.100821917207359280e-02
9.100821917163418040e-02
9.100821917135987205e-02
9.100821917118870341e-02
9.100821917108187220e-02
9.100821917101525882e-02
9.100821917097376423e-02
9.100821917094800706e-02
9.100821917093214475e-02
9.100821917092262459e-02
9.100821917091725388e-02
9.100821917091485302e-02
9.100821917091483915e-02
9.100821917091725388e-02
9.100821917092262459e-02
9.100821917093215863e-02
9.100821917094800706e-02
9.100821917097376423e-02
9.100821917101525882e-02
9.100821917108187220e-02
9.100821917118870341e-02
9.100821917135987205e-02
9.100821917163418040e-02
9.100821917207357892e-02
9.100821917277761297e-02
9.100821917390547466e-02
9.100821917571239039e-02
9.100821917860715815e-02
9.100821918324469850e-02
9.100821919067431098e-02
9.100821920257676223e-02
9.100821922164510636e-02
9.100821925219329533e-02
9.100821930113273117e-02
9.100821937953562646e-02
9.100821950513988956e-02
9.100821970636238656e-02
9.100822002872765992e-02
9.100822054516732873e-02
9.100822137251970978e-02
9.100822269796279840e-02
9.100822482136011748e-02
9.100822822309967419e-02
9.100823367277321996e-02
9.100824240328170278e-02
9.100825638975555687e-02
9.100827879638817564e-02
9.100831469227096959e-02
9.100837219817227430e-02
9.100846432370122974e-02
9.100861191049285093e-02
9.100884834730202377e-02
9.100922712384958146e-02
9.100983393274166000e-02
9.101080605840169979e-02
9.101236344236426912e-02
9.101485846069498620e-02
9.101885569519099772e-02
9.102525979820358382e-02
9.103552051545757418e-02
9.105196160685184725e-02
9.107830907270339504e-02
9.112054041209724509e-02
9.118825325545773519e-02
9.129687872136943438e-02
9.147128051009814631e-02
9.175165774143312358e-02
9.220337667513872626e-02
9.293364411438648220e-02
9.412078369489196294e-02
9.606800120283090494e-02
9.930891598002353216e-02
1.048341830970070110e-01
1.146405556809213105e-01
1.332958855133506426e-01
1.735706683587506793e-01
