1.159044956046178382e-01
8.681558282427970230e-02
7.460354322644249803e-02
6.836891483714795104e-02
6.346715547978476479e-02
5.969577093125607442e-02
5.727467475165599203e-02
5.564087792815641115e-02
5.435956002769198186e-02
5.337472756172017413e-02
5.267027755618577251e-02
5.217859585560027241e-02
5.184172336829030031e-02
5.162031503168879737e-02
5.148502323602809072e-02
5.141332736030209544e-02
5.138778543610714872e-02
5.139487285354212009e-02
5.142416089180195521e-02
5.146768606707258914e-02
5.151946092659557414e-02
5.157509423985751768e-02
5.163147579137809806e-02
5.168643099967765164e-02
5.173838379831278284e-02
5.178617953261291373e-02
5.182908977455343708e-02
5.186677185815422031e-02
5.189919459506395216e-02
5.192651418116089879e-02
5.194904212070595995e-02
5.196719082101300402e-02
5.198142606871415661e-02
5.198142606871415661e-02
5.198142606871415661e-02
5.198142606871415661e-02
5.198142606871415661e-02
5.198142606871415661e-02
5.198142606871415661e-02
5.198142606871415661e-02
5.198142606871415661e-02
5.198142606871415661e-02
5.198142606871415661e-02
5.198142606871415661e-02
5.198142606871415661e-02
5.198142606871415661e-02
5.198142606871415661e-02
5.198142606871415661e-02
5.198142606871415661e-02
5.198142606871415661e-02
5.198142606871415661e-02
5.198142606871415661e-02
5.198142606871415661e-02
5.198142606871415661e-02
5.198142606871415661e-02
5.198142606871415661e-02
5.198142606871415661e-02
5.198142606871415661e-02
5.198142606871415661e-02
5.198142606871415661e-02
5.198142606871415661e-02
5.198142606871415661e-02
5.198142606871415661e-02
5.198142606871415661e-02
5.198142606871415661e-02
5.198142606871415661e-02
5.198142606871415661e-02
5.198142606871415661e-02
5.198142606871415661e-02
5.198142606871415661e-02
5.198142606871415661e-02
5.198142606871415661e-02
5.198142606871415661e-02
5.198142606871415661e-02
5.198142606871415661e-02
5.198142606871415661e-02
5.198142606871415661e-02
5.198142606871415661e-02
5.198142606871415661e-02
5.198142606871415661e-02
5.198142606871415661e-02
5.198142606871415661e-02
5.198142606871415661e-02
5.198142606871415661e-02
5.198142606871415661e-02
5.198142606871415661e-02
5.198142606871415661e-02
5.198142606871415661e-02
5.198142606871415661e-02
5.198142606871415661e-02
5.198142606871415661e-02
5.198142606871415661e-02
5.198142606871415661e-02
5.198142606871415661e-02
5.198142606871415661e-02
5.198142606871415661e-02
5.197127550460294704e-02
5.195731923327392282e-02
5.193888505519985571e-02
5.191534052274143080e-02
5.188614569421545752e-02
5.185089822382361879e-02
5.180941704128071146e-02
5.176181841265067168e-02
5.170863858964912935e-02
5.165095522935483907e-02
5.159054375205680831e-02
5.153007833435720858e-02
5.147334746161434660e-02
5.142552080390257879e-02
5.139346755817506690e-02
5.138614352105407707e-02
5.141507250750074198e-02
5.149496538370618159e-02
5.164454505645907356e-02
5.188772171769340247e-02
5.225535537028246774e-02
5.278848527942634622e-02
5.354712184193189534e-02
5.460123256541654646e-02
5.596945423121960778e-02
5.771192101802889718e-02
6.027331394259002884e-02
6.423027759374001777e-02
6.936801411185546107e-02
7.590868020752147838e-02
8.863854150037285551e-02
1.188460567410128538e-01
