6.673018872282880654e-02
5.125983287543509764e-02
4.207639550997364919e-02
3.674653517035195854e-02
3.365959222503912135e-02
3.178918771481385741e-02
3.052092398388826094e-02
2.954025747231956225e-02
2.872475167626074855e-02
2.804022161032295249e-02
2.747247469426904176e-02
2.700441646930895612e-02
2.661642805430666434e-02
2.629301867737045620e-02
2.602215317334588204e-02
2.579428925468382067e-02
2.560180242385975274e-02
2.543854413550334162e-02
2.529951151354940461e-02
2.518058808271874532e-02
2.507837898219123646e-02
2.499007866348998408e-02
2.491338898946600378e-02
2.484645778806453958e-02
2.478782496924484754e-02
2.473634491367996194e-02
2.469110365569866447e-02
2.465135402642636836e-02
2.461644820338842674e-02
2.458581061891182418e-02
2.455893099797491416e-02
2.453534338307270662e-02
2.451463933675944451e-02
2.451463933675944104e-02
2.451463933675944451e-02
2.451463933675944104e-02
2.451463933675944451e-02
2.451463933675944104e-02
2.451463933675944451e-02
2.451463933675944104e-02
2.451463933675944451e-02
2.451463933675944104e-02
2.451463933675944451e-02
2.451463933675944104e-02
2.451463933675944451e-02
2.451463933675944104e-02
2.451463933675944451e-02
2.451463933675944104e-02
2.451463933675944451e-02
2.451463933675944104e-02
2.451463933675944451e-02
2.451463933675944104e-02
2.451463933675944451e-02
2.451463933675944104e-02
2.451463933675944451e-02
2.451463933675944104e-02
2.451463933675944451e-02
2.451463933675944104e-02
2.451463933675944451e-02
2.451463933675944104e-02
2.451463933675944451e-02
2.451463933675944104e-02
2.451463933675944451e-02
2.451463933675944104e-02
2.451463933675944451e-02
2.451463933675944104e-02
2.451463933675944451e-02
2.451463933675944104e-02
2.451463933675944451e-02
2.451463933675944104e-02
2.451463933675944451e-02
2.451463933675944104e-02
2.451463933675944451e-02
2.451463933675944104e-02
2.451463933675944451e-02
2.451463933675944104e-02
2.451463933675944451e-02
2.451463933675944104e-02
2.451463933675944451e-02
2.451463933675944104e-02
2.451463933675944451e-02
2.451463933675944104e-02
2.451463933675944451e-02
2.451463933675944104e-02
2.451463933675944451e-02
2.451463933675944104e-02
2.451463933675944451e-02
2.451463933675944104e-02
2.451463933675944451e-02
2.451463933675944104e-02
2.451463933675944451e-02
2.451463933675944104e-02
2.451463933675944451e-02
2.451463933675944104e-02
2.451463933675944451e-02
2.451463933675944104e-02
2.452907222491877356e-02
2.454687053962084642e-02
2.456849898218725625e-02
2.459449464853616721e-02
2.462548326593985357e-02
2.466219121440903911e-02
2.470548754250393234e-02
2.475638354056404131e-02
2.481608251692530437e-02
2.488601251307155648e-02
2.496786701089268382e-02
2.506367469134279657e-02
2.517586572033200451e-02
2.530736163381814424e-02
2.546169779153446139e-02
2.564317918002822008e-02
2.585707252889958563e-02
2.610986707253015737e-02
2.640962787177476151e-02
2.676645382409647070e-02
2.719308048035212061e-02
2.770590077736790474e-02
2.832576351055947350e-02
2.907120608370359835e-02
2.995823876891397577e-02
3.102382408731925098e-02
3.239609701255628804e-02
3.440248209068258456e-02
3.768447389805009567e-02
4.332110613111658792e-02
5.302043614310156944e-02
6.938661879787656750e-02
