4.191668595414708154e-01
4.084720097654238047e-01
4.081724352291139502e-01
4.081689319648121317e-01
4.081692211636693268e-01
4.081692499885411496e-01
4.081692516694326867e-01
4.081692517451163127e-01
4.081692517478089366e-01
4.081692517478749394e-01
4.081692517478750504e-01
4.081692517478749394e-01
4.081692517478749394e-01
4.081692517478748838e-01
4.081692517478748838e-01
4.081692517478749394e-01
4.081692517478749394e-01
4.081692517478748838e-01
4.081692517478748838e-01
4.081692517478749394e-01
4.081692517478749394e-01
4.081692517478748838e-01
4.081692517478748838e-01
4.081692517478749394e-01
4.081692517478749394e-01
4.081692517478748838e-01
4.081692517478748838e-01
4.081692517478749394e-01
4.081692517478749394e-01
4.081692517478748838e-01
4.081692517478748838e-01
4.081692517478749394e-01
4.081692517478749394e-01
4.081692517478748838e-01
4.081692517478748838e-01
4.081692517478749394e-01
4.081692517478749394e-01
4.081692517478748838e-01
4.081692517478748838e-01
4.081692517478749394e-01
4.081692517478749394e-01
4.081692517478748838e-01
4.081692517478748838e-01
4.081692517478749394e-01
4.081692517478749394e-01
4.081692517478748838e-01
4.081692517478748838e-01
4.081692517478749394e-01
4.081692517478749394e-01
4.081692517478748838e-01
4.081692517478748838e-01
4.081692517478749394e-01
4.081692517478749394e-01
4.081692517478748838e-01
4.081692517478748838e-01
4.081692517478749394e-01
4.081692517478749394e-01
4.081692517478748838e-01
4.081692517478748838e-01
4.081692517478749394e-01
4.081692517478749394e-01
4.081692517478748838e-01
4.081692517478748838e-01
4.081692517478749394e-01
4.081692517478749394e-01
4.081692517478748838e-01
4.081692517478748838e-01
4.081692517478749394e-01
4.081692517478749394e-01
4.081692517478748838e-01
4.081692517478748838e-01
4.081692517478749394e-01
4.081692517478749394e-01
4.081692517478748838e-01
4.081692517478748838e-01
4.081692517478749394e-01
4.081692517478749394e-01
4.081692517478748838e-01
4.081692517478748838e-01
4.081692517478749394e-01
4.081692517478749394e-01
4.081692517478748838e-01
4.081692517478748838e-01
4.081692517478749394e-01
4.081692517478749394e-01
4.081692517478748838e-01
4.081692517478748838e-01
4.081692517478749394e-01
4.081692517478749394e-01
4.081692517478748838e-01
4.081692517478748838e-01
4.081692517478749394e-01
4.081692517478749394e-01
4.081692517478748838e-01
4.081692517478748838e-01
4.081692517478749394e-01
4.081692517478749394e-01
4.081692517478748838e-01
4.081692517478748838e-01
4.081692517478749394e-01
4.081692517478749394e-01
4.081692517478748838e-01
4.081692517478748838e-01
4.081692517478749394e-01
4.081692517478749394e-01
4.081692517478748838e-01
4.081692517478748838e-01
4.081692517478749394e-01
4.081692517478749394e-01
4.081692517478748838e-01
4.081692517478748838e-01
4.081692517478749394e-01
4.081692517478749394e-01
4.081692517478748838e-01
4.081692517478748838e-01
4.081692517478749394e-01
4.081692517478749394e-01
4.081692517478750504e-01
4.081692517478749394e-01
4.081692517478089366e-01
4.081692517451163127e-01
4.081692516694326867e-01
4.081692499885411496e-01
4.081692211636693268e-01
4.081689319648121317e-01
4.081724352291139502e-01
4.084720097654238047e-01
4.191668595414708154e-01
