4.159672597395184801e-01
4.021838225087479013e-01
4.022528867276828346e-01
4.022866668049752126e-01
4.022865767390559344e-01
4.022864439816794535e-01
4.022864442345189251e-01
4.022864448564696382e-01
4.022864448555482642e-01
4.022864448523747471e-01
4.022864448523787440e-01
4.022864448523953973e-01
4.022864448523952863e-01
4.022864448523951197e-01
4.022864448523951197e-01
4.022864448523951753e-01
4.022864448523951753e-01
4.022864448523951197e-01
4.022864448523951197e-01
4.022864448523951753e-01
4.022864448523951753e-01
4.022864448523951197e-01
4.022864448523951197e-01
4.022864448523951753e-01
4.022864448523951753e-01
4.022864448523951197e-01
4.022864448523951197e-01
4.022864448523951753e-01
4.022864448523951753e-01
4.022864448523951197e-01
4.022864448523951197e-01
4.022864448523951753e-01
4.022864448523951753e-01
4.022864448523951197e-01
4.022864448523951197e-01
4.022864448523951753e-01
4.022864448523951753e-01
4.022864448523951197e-01
4.022864448523951197e-01
4.022864448523951753e-01
4.022864448523951753e-01
4.022864448523951197e-01
4.022864448523951197e-01
4.022864448523951753e-01
4.022864448523951753e-01
4.022864448523951197e-01
4.022864448523951197e-01
4.022864448523951753e-01
4.022864448523951753e-01
4.022864448523951197e-01
4.022864448523951197e-01
4.022864448523951753e-01
4.022864448523951753e-01
4.022864448523951197e-01
4.022864448523951197e-01
4.022864448523951753e-01
4.022864448523951753e-01
4.022864448523951197e-01
4.022864448523951197e-01
4.022864448523951753e-01
4.022864448523951753e-01
4.022864448523951197e-01
4.022864448523951197e-01
4.022864448523951753e-01
4.022864448523951753e-01
4.022864448523951197e-01
4.022864448523951197e-01
4.022864448523951753e-01
4.022864448523951753e-01
4.022864448523951197e-01
4.022864448523951197e-01
4.022864448523951753e-01
4.022864448523951753e-01
4.022864448523951197e-01
4.022864448523951197e-01
4.022864448523951753e-01
4.022864448523951753e-01
4.022864448523951197e-01
4.022864448523951197e-01
4.022864448523951753e-01
4.022864448523951753e-01
4.022864448523951197e-01
4.022864448523951197e-01
4.022864448523951753e-01
4.022864448523951753e-01
4.022864448523951197e-01
4.022864448523951197e-01
4.022864448523951753e-01
4.022864448523951753e-01
4.022864448523951197e-01
4.022864448523951197e-01
4.022864448523951753e-01
4.022864448523951753e-01
4.022864448523951197e-01
4.022864448523951197e-01
4.022864448523951753e-01
4.022864448523951753e-01
4.022864448523951197e-01
4.022864448523951197e-01
4.022864448523951753e-01
4.022864448523951753e-01
4.022864448523951197e-01
4.022864448523951197e-01
4.022864448523951753e-01
4.022864448523951753e-01
4.022864448523951197e-01
4.022864448523951197e-01
4.022864448523951753e-01
4.022864448523951753e-01
4.022864448523951197e-01
4.022864448523951197e-01
4.022864448523951753e-01
4.022864448523951753e-01
4.022864448523951197e-01
4.022864448523951197e-01
4.022864448523952863e-01
4.022864448523953973e-01
4.022864448523787440e-01
4.022864448523747471e-01
4.022864448555482642e-01
4.022864448564696382e-01
4.022864442345189251e-01
4.022864439816794535e-01
4.022865767390559344e-01
4.022866668049752126e-01
4.022528867276828346e-01
4.021838225087479013e-01
4.159672597395184801e-01
