3.909892896077615809e-01
3.567114633914751365e-01
3.586224684423138243e-01
3.596494683225348599e-01
3.596267199604713527e-01
3.595904562255592407e-01
3.595910006564783101e-01
3.595925244145830035e-01
3.595925063252384812e-01
3.595924362821371623e-01
3.595924369629842632e-01
3.595924403515198819e-01
3.595924403236236411e-01
3.595924401540413484e-01
3.595924401552518801e-01
3.595924401639459811e-01
3.595924401638910806e-01
3.595924401634373879e-01
3.595924401634393308e-01
3.595924401634635892e-01
3.595924401634624790e-01
3.595924401634622014e-01
3.595924401634615353e-01
3.595924401634615908e-01
3.595924401634614798e-01
3.595924401634614798e-01
3.595924401634614798e-01
3.595924401634614798e-01
3.595924401634614798e-01
3.595924401634614798e-01
3.595924401634614798e-01
3.595924401634614798e-01
3.595924401634614798e-01
3.595924401634614798e-01
3.595924401634614798e-01
3.595924401634614798e-01
3.595924401634614798e-01
3.595924401634614798e-01
3.595924401634614798e-01
3.595924401634614798e-01
3.595924401634614798e-01
3.595924401634614798e-01
3.595924401634614798e-01
3.595924401634614798e-01
3.595924401634614798e-01
3.595924401634614798e-01
3.595924401634614798e-01
3.595924401634614798e-01
3.595924401634614798e-01
3.595924401634614798e-01
3.595924401634614798e-01
3.595924401634614798e-01
3.595924401634614798e-01
3.595924401634614798e-01
3.595924401634614798e-01
3.595924401634614798e-01
3.595924401634614798e-01
3.595924401634614798e-01
3.595924401634614798e-01
3.595924401634614798e-01
3.595924401634614798e-01
3.595924401634614798e-01
3.595924401634614798e-01
3.595924401634614798e-01
3.595924401634614798e-01
3.595924401634614798e-01
3.595924401634614798e-01
3.595924401634614798e-01
3.595924401634614798e-01
3.595924401634614798e-01
3.595924401634614798e-01
3.595924401634614798e-01
3.595924401634614798e-01
3.595924401634614798e-01
3.595924401634614798e-01
3.595924401634614798e-01
3.595924401634614798e-01
3.595924401634614798e-01
3.595924401634614798e-01
3.595924401634614798e-01
3.595924401634614798e-01
3.595924401634614798e-01
3.595924401634614798e-01
3.595924401634614798e-01
3.595924401634614798e-01
3.595924401634614798e-01
3.595924401634614798e-01
3.595924401634614798e-01
3.595924401634614798e-01
3.595924401634614798e-01
3.595924401634614798e-01
3.595924401634614798e-01
3.595924401634614798e-01
3.595924401634614798e-01
3.595924401634614798e-01
3.595924401634614798e-01
3.595924401634614798e-01
3.595924401634614798e-01
3.595924401634614798e-01
3.595924401634614798e-01
3.595924401634614798e-01
3.595924401634614798e-01
3.595924401634614798e-01
3.595924401634614798e-01
3.595924401634615908e-01
3.595924401634615353e-01
3.595924401634622014e-01
3.595924401634624790e-01
3.595924401634635892e-01
3.595924401634392753e-01
3.595924401634373879e-01
3.595924401638910806e-01
3.595924401639459811e-01
3.595924401552518801e-01
3.595924401540412929e-01
3.595924403236236966e-01
3.595924403515198819e-01
3.595924369629842632e-01
3.595924362821371623e-01
3.595925063252384812e-01
3.595925244145830035e-01
3.595910006564783101e-01
3.595904562255592407e-01
3.596267199604712972e-01
3.596494683225348599e-01
3.586224684423138243e-01
3.567114633914751365e-01
3.909892896077615254e-01
