1.263011625221830969e-01
1.234096589956972523e-01
1.231797987113779774e-01
1.231612075964459846e-01
1.231597018569728086e-01
1.231595798898699468e-01
1.231595700102747076e-01
1.231595692100065503e-01
1.231595691451831953e-01
1.231595691399323678e-01
1.231595691395070413e-01
1.231595691394725828e-01
1.231595691394698072e-01
1.231595691394695713e-01
1.231595691394695713e-01
1.231595691394695713e-01
1.231595691394695713e-01
1.231595691394695713e-01
1.231595691394695713e-01
1.231595691394695713e-01
1.231595691394695713e-01
1.231595691394695713e-01
1.231595691394695713e-01
1.231595691394695713e-01
1.231595691394695713e-01
1.231595691394695713e-01
1.231595691394695713e-01
1.231595691394695713e-01
1.231595691394695713e-01
1.231595691394695713e-01
1.231595691394695713e-01
1.231595691394695713e-01
1.231595691394695713e-01
1.231595691394695713e-01
1.231595691394695713e-01
1.231595691394695713e-01
1.231595691394695713e-01
1.231595691394695713e-01
1.231595691394695713e-01
1.231595691394695713e-01
1.231595691394695713e-01
1.231595691394695713e-01
1.231595691394695713e-01
1.231595691394695713e-01
1.231595691394695713e-01
1.231595691394695713e-01
1.231595691394695713e-01
1.231595691394695713e-01
1.231595691394695713e-01
1.231595691394695713e-01
1.231595691394695713e-01
1.231595691394695713e-01
1.231595691394695713e-01
1.231595691394695713e-01
1.231595691394695713e-01
1.231595691394695713e-01
1.231595691394695713e-01
1.231595691394695713e-01
1.231595691394695713e-01
1.231595691394695713e-01
1.231595691394695713e-01
1.231595691394695713e-01
1.231595691394695713e-01
1.231595691394695713e-01
1.231595691394695713e-01
1.231595691394695713e-01
1.231595691394695713e-01
1.231595691394695713e-01
1.231595691394695713e-01
1.231595691394695713e-01
1.231595691394695713e-01
1.231595691394695713e-01
1.231595691394695713e-01
1.231595691394695713e-01
1.231595691394695713e-01
1.231595691394695713e-01
1.231595691394695713e-01
1.231595691394695713e-01
1.231595691394695713e-01
1.231595691394695713e-01
1.231595691394695713e-01
1.231595691394695713e-01
1.231595691394695713e-01
1.231595691394695713e-01
1.231595691394695713e-01
1.231595691394695713e-01
1.231595691394695713e-01
1.231595691394695713e-01
1.231595691394695713e-01
1.231595691394695713e-01
1.231595691394695713e-01
1.231595691394695713e-01
1.231595691394695713e-01
1.231595691394695713e-01
1.231595691394695713e-01
1.231595691394695713e-01
1.231595691394695713e-01
1.231595691394695713e-01
1.231595691394695713e-01
1.231595691394695713e-01
1.231595691394695713e-01
1.231595691394695713e-01
1.231595691394695713e-01
1.231595691394695713e-01
1.231595691394695713e-01
1.231595691394695713e-01
1.231595691394695713e-01
1.231595691394695713e-01
1.231595691394695713e-01
1.231595691394695713e-01
1.231595691394695713e-01
1.231595691394695713e-01
1.231595691394695713e-01
1.231595691394695713e-01
1.231595691394695713e-01
1.231595691394698072e-01
1.231595691394725828e-01
1.231595691395070413e-01
1.231595691399323678e-01
1.231595691451831953e-01
1.231595692100065503e-01
1.231595700102747076e-01
1.231595798898699468e-01
1.231597018569728086e-01
1.231612075964459846e-01
1.231797987113779774e-01
1.234096589956972523e-01
1.263011625221830969e-01
