3.031405709905611867e-01
2.466951617282523712e-01
2.307701101801760413e-01
2.261180797615745530e-01
2.248867901481879927e-01
2.246320203508348212e-01
2.246126615451563280e-01
2.246300376172047086e-01
2.246432063522658673e-01
2.246494035866081762e-01
2.246517101342154765e-01
2.246524043252646208e-01
2.246525558884610307e-01
2.246525639800041885e-01
2.246525493998833833e-01
2.246525388312941296e-01
2.246525338638967473e-01
2.246525320247043100e-01
2.246525314864123712e-01
2.246525313815818381e-01
2.246525313859221440e-01
2.246525314032201126e-01
2.246525314141101515e-01
2.246525314189573852e-01
2.246525314206714585e-01
2.246525314211385571e-01
2.246525314212102498e-01
2.246525314211928193e-01
2.246525314211708368e-01
2.246525314211583746e-01
2.246525314211534619e-01
2.246525314211516577e-01
2.246525314211513247e-01
2.246525314211513524e-01
2.246525314211512137e-01
2.246525314211512692e-01
2.246525314211511581e-01
2.246525314211511581e-01
2.246525314211511026e-01
2.246525314211511581e-01
2.246525314211511581e-01
2.246525314211511581e-01
2.246525314211511304e-01
2.246525314211511581e-01
2.246525314211511581e-01
2.246525314211511581e-01
2.246525314211511304e-01
2.246525314211511581e-01
2.246525314211511581e-01
2.246525314211511581e-01
2.246525314211511304e-01
2.246525314211511581e-01
2.246525314211511581e-01
2.246525314211511581e-01
2.246525314211511304e-01
2.246525314211511581e-01
2.246525314211511581e-01
2.246525314211511581e-01
2.246525314211511304e-01
2.246525314211511581e-01
2.246525314211511581e-01
2.246525314211511581e-01
2.246525314211511304e-01
2.246525314211511581e-01
2.246525314211511581e-01
2.246525314211511581e-01
2.246525314211511304e-01
2.246525314211511581e-01
2.246525314211511581e-01
2.246525314211511581e-01
2.246525314211511304e-01
2.246525314211511581e-01
2.246525314211511581e-01
2.246525314211511581e-01
2.246525314211511304e-01
2.246525314211511581e-01
2.246525314211511581e-01
2.246525314211511581e-01
2.246525314211511304e-01
2.246525314211511581e-01
2.246525314211511581e-01
2.246525314211511581e-01
2.246525314211511304e-01
2.246525314211511581e-01
2.246525314211511581e-01
2.246525314211511581e-01
2.246525314211511304e-01
2.246525314211511581e-01
2.246525314211511581e-01
2.246525314211511304e-01
2.246525314211511581e-01
2.246525314211511581e-01
2.246525314211512692e-01
2.246525314211512137e-01
2.246525314211513524e-01
2.246525314211512969e-01
2.246525314211516577e-01
2.246525314211534619e-01
2.246525314211583746e-01
2.246525314211708646e-01
2.246525314211928193e-01
2.246525314212102498e-01
2.246525314211385571e-01
2.246525314206714030e-01
2.246525314189573852e-01
2.246525314141101515e-01
2.246525314032201404e-01
2.246525313859221717e-01
2.246525313815818381e-01
2.246525314864123712e-01
2.246525320247042823e-01
2.246525338638967473e-01
2.246525388312941296e-01
2.246525493998833833e-01
2.246525639800041885e-01
2.246525558884610585e-01
2.246524043252646208e-01
2.246517101342154488e-01
2.246494035866081762e-01
2.246432063522658951e-01
2.246300376172047641e-01
2.246126615451563557e-01
2.246320203508348767e-01
2.248867901481879650e-01
2.261180797615745530e-01
2.307701101801760690e-01
2.466951617282523712e-01
3.031405709905611867e-01
