6.567719300951219141e-02
5.551647564340763535e-02
5.031851846203382744e-02
4.765401758443223168e-02
4.574090160002096395e-02
4.409148898730329280e-02
4.285345349794211084e-02
4.204093936055544600e-02
4.148784166015342251e-02
4.107065834637162877e-02
4.075189942366611723e-02
4.051693587512707195e-02
4.034870211724741335e-02
4.023217655082692024e-02
4.015521762670556244e-02
4.010812227572242011e-02
4.008319175601306183e-02
4.007435950683692349e-02
4.007688841259809259e-02
4.008711990956865395e-02
4.010227067198589984e-02
4.012026850133194184e-02
4.013961090020245343e-02
4.015921573016074941e-02
4.017828912385575796e-02
4.019624197226439460e-02
4.021266675094079673e-02
4.022732910953492197e-02
4.024013090934122627e-02
4.025107722370438457e-02
4.026023550959373365e-02
4.026772593083469132e-02
4.027370084391414251e-02
4.027370084391414251e-02
4.027370084391414251e-02
4.027370084391414251e-02
4.027370084391414251e-02
4.027370084391414251e-02
4.027370084391414251e-02
4.027370084391414251e-02
4.027370084391414251e-02
4.027370084391414251e-02
4.027370084391414251e-02
4.027370084391414251e-02
4.027370084391414251e-02
4.027370084391414251e-02
4.027370084391414251e-02
4.027370084391414251e-02
4.027370084391414251e-02
4.027370084391414251e-02
4.027370084391414251e-02
4.027370084391414251e-02
4.027370084391414251e-02
4.027370084391414251e-02
4.027370084391414251e-02
4.027370084391414251e-02
4.027370084391414251e-02
4.027370084391414251e-02
4.027370084391414251e-02
4.027370084391414251e-02
4.027370084391414251e-02
4.027370084391414251e-02
4.027370084391414251e-02
4.027370084391414251e-02
4.027370084391414251e-02
4.027370084391414251e-02
4.027370084391414251e-02
4.027370084391414251e-02
4.027370084391414251e-02
4.027370084391414251e-02
4.027370084391414251e-02
4.027370084391414251e-02
4.027370084391414251e-02
4.027370084391414251e-02
4.027370084391414251e-02
4.027370084391414251e-02
4.027370084391414251e-02
4.027370084391414251e-02
4.027370084391414251e-02
4.027370084391414251e-02
4.027370084391414251e-02
4.027370084391414251e-02
4.027370084391414251e-02
4.027370084391414251e-02
4.027370084391414251e-02
4.027370084391414251e-02
4.027370084391414251e-02
4.027370084391414251e-02
4.027370084391414251e-02
4.027370084391414251e-02
4.027370084391414251e-02
4.027370084391414251e-02
4.027370084391414251e-02
4.027370084391414251e-02
4.027370084391414251e-02
4.027370084391414251e-02
4.026951269930054145e-02
4.026383043278671664e-02
4.025642068328311174e-02
4.024707474534713891e-02
4.023563296336038486e-02
4.022200697383786910e-02
4.020621103607262270e-02
4.018839988581269368e-02
4.016892091689482774e-02
4.014836377145278301e-02
4.012763787222042161e-02
4.010805178075545901e-02
4.009141118422628741e-02
4.008014038965579395e-02
4.007741959530584236e-02
4.008735326031658691e-02
4.011517232522208293e-02
4.016747802994335287e-02
4.025254812359145562e-02
4.038070788412328332e-02
4.056476188717796083e-02
4.082045207181477647e-02
4.116564430414566128e-02
4.161584338519547233e-02
4.220974137769955420e-02
4.307269889737714436e-02
4.437295708102493436e-02
4.609715729572651244e-02
4.809813439824919823e-02
5.087381893107996433e-02
5.623836018877415022e-02
6.666830234043497061e-02
