2.983570237196708219e-01
2.266369796508996004e-01
2.056713707557319692e-01
2.055676758507757051e-01
2.165867515227661577e-01
2.309563328979821750e-01
2.415582468212235934e-01
2.457177015836699840e-01
2.447697350440949937e-01
2.416698162679363493e-01
2.390067007844280667e-01
2.376539917033335114e-01
2.377055635420555757e-01
2.385657933554926891e-01
2.394653161101583660e-01
2.399064211617326636e-01
2.398199910239618149e-01
2.394307682017742800e-01
2.390308340820146427e-01
2.388162904437602652e-01
2.388292556915849740e-01
2.389872938865910401e-01
2.391617448526759948e-01
2.392559705038245776e-01
2.392437797181977133e-01
2.391615827582229958e-01
2.390711652346424465e-01
2.390208882348287822e-01
2.390250779758728850e-01
2.390661362889628661e-01
2.391122934727452354e-01
2.391379215335941444e-01
2.391351681299790366e-01
2.391351681299789811e-01
2.391351681299790366e-01
2.391351681299790366e-01
2.391351681299790366e-01
2.391351681299789811e-01
2.391351681299790366e-01
2.391351681299790366e-01
2.391351681299790366e-01
2.391351681299789811e-01
2.391351681299790366e-01
2.391351681299790366e-01
2.391351681299790366e-01
2.391351681299789811e-01
2.391351681299790366e-01
2.391351681299790366e-01
2.391351681299790366e-01
2.391351681299789811e-01
2.391351681299790366e-01
2.391351681299790366e-01
2.391351681299790366e-01
2.391351681299789811e-01
2.391351681299790366e-01
2.391351681299790366e-01
2.391351681299790366e-01
2.391351681299789811e-01
2.391351681299790366e-01
2.391351681299790366e-01
2.391351681299790366e-01
2.391351681299789811e-01
2.391351681299790366e-01
2.391351681299790366e-01
2.391351681299790366e-01
2.391351681299789811e-01
2.391351681299790366e-01
2.391351681299790366e-01
2.391351681299790366e-01
2.391351681299789811e-01
2.391351681299790366e-01
2.391351681299790366e-01
2.391351681299790366e-01
2.391351681299789811e-01
2.391351681299790366e-01
2.391351681299790366e-01
2.391351681299790366e-01
2.391351681299789811e-01
2.391351681299790366e-01
2.391351681299790366e-01
2.391351681299790366e-01
2.391351681299789811e-01
2.391351681299790366e-01
2.391351681299790366e-01
2.391351681299790366e-01
2.391351681299789811e-01
2.391351681299790366e-01
2.391351681299790366e-01
2.391351681299790366e-01
2.391351681299789811e-01
2.391351681299790366e-01
2.391351681299790366e-01
2.391351681299790366e-01
2.391351681299789811e-01
2.391351681299790366e-01
2.391351681299790366e-01
2.391370828489250422e-01
2.391172074293464178e-01
2.390792038556111276e-01
2.390435901656034756e-01
2.390396802492596451e-01
2.390867303219126605e-01
2.391743623467189050e-01
2.392566340981092110e-01
2.392697293910267531e-01
2.391716737321524788e-01
2.389857030508987235e-01
2.388150517971840969e-01
2.388021633619258344e-01
2.390402245987608421e-01
2.394840679612436629e-01
2.399171180551810389e-01
2.400166189368820591e-01
2.395356214103142312e-01
2.385539713076375024e-01
2.376218669443182774e-01
2.375743130801021008e-01
2.390396210986432124e-01
2.418999215056853169e-01
2.452028892130068971e-01
2.462294919366812829e-01
2.418851094833884274e-01
2.308277732738662491e-01
2.159592016264036407e-01
2.046834643511765417e-01
2.048174076560826951e-01
2.259902117372352137e-01
2.979955428282187180e-01
