7.330238931007124203e-02
5.540149499671768313e-02
4.466045351369347244e-02
3.824976146037171315e-02
3.442888583418551862e-02
3.212879254542189839e-02
3.069373295893263257e-02
2.973858721878236411e-02
2.905825198831047881e-02
2.855538024043933337e-02
2.818442078684031682e-02
2.791798580607236097e-02
2.773418481410084430e-02
2.761385429943155612e-02
2.754148234697822301e-02
2.750476133789999528e-02
2.749398319183057188e-02
2.750153929879565334e-02
2.752152278449381331e-02
2.754940883979204932e-02
2.758179240171697300e-02
2.761615969815409480e-02
2.765069588172397105e-02
2.768411485568527536e-02
2.771552589243241396e-02
2.774433040909999454e-02
2.777016176217089738e-02
2.779283476119863774e-02
2.781231960272993395e-02
2.782871145941221216e-02
2.784219494714132784e-02
2.785302289243769824e-02
2.786148276039273827e-02
2.786148276039273827e-02
2.786148276039273827e-02
2.786148276039273827e-02
2.786148276039273827e-02
2.786148276039273827e-02
2.786148276039273827e-02
2.786148276039273827e-02
2.786148276039273827e-02
2.786148276039273827e-02
2.786148276039273827e-02
2.786148276039273827e-02
2.786148276039273827e-02
2.786148276039273827e-02
2.786148276039273827e-02
2.786148276039273827e-02
2.786148276039273827e-02
2.786148276039273827e-02
2.786148276039273827e-02
2.786148276039273827e-02
2.786148276039273827e-02
2.786148276039273827e-02
2.786148276039273827e-02
2.786148276039273827e-02
2.786148276039273827e-02
2.786148276039273827e-02
2.786148276039273827e-02
2.786148276039273827e-02
2.786148276039273827e-02
2.786148276039273827e-02
2.786148276039273827e-02
2.786148276039273827e-02
2.786148276039273827e-02
2.786148276039273827e-02
2.786148276039273827e-02
2.786148276039273827e-02
2.786148276039273827e-02
2.786148276039273827e-02
2.786148276039273827e-02
2.786148276039273827e-02
2.786148276039273827e-02
2.786148276039273827e-02
2.786148276039273827e-02
2.786148276039273827e-02
2.786148276039273827e-02
2.786148276039273827e-02
2.786148276039273827e-02
2.786148276039273827e-02
2.786148276039273827e-02
2.786148276039273827e-02
2.786148276039273827e-02
2.786148276039273827e-02
2.786148276039273827e-02
2.786148276039273827e-02
2.786148276039273827e-02
2.786148276039273827e-02
2.786148276039273827e-02
2.786148276039273827e-02
2.786148276039273827e-02
2.786148276039273827e-02
2.786148276039273827e-02
2.786148276039273827e-02
2.786148276039273827e-02
2.786148276039273827e-02
2.785553209420798745e-02
2.784729321857562154e-02
2.783635323813822560e-02
2.782232285578783645e-02
2.780486140058433669e-02
2.778371216434800950e-02
2.775874305889334398e-02
2.772999649556101218e-02
2.769776020892172896e-02
2.766263742816553114e-02
2.762564152271548834e-02
2.758830318648088781e-02
2.755280154999946787e-02
2.752210810693388882e-02
2.750016971477648939e-02
2.749211549589528070e-02
2.750451348659143161e-02
2.754568842369875536e-02
2.762612276673796427e-02
2.775896351960351754e-02
2.796065465419665316e-02
2.825141955619886458e-02
2.865436435393363401e-02
2.919844218160623159e-02
2.993133191262565759e-02
3.095370993324500497e-02
3.247653140064185595e-02
3.489598530713478725e-02
3.888906947175670148e-02
4.556487704165462088e-02
5.673771731887462116e-02
7.536667003890581973e-02
