2.914360316741456125e-01
1.887411639606763336e-01
1.520687798747800135e-01
1.455125648304537167e-01
1.549462992924628135e-01
1.725030843543887971e-01
1.923830812389827061e-01
2.104669036017071115e-01
2.239147996128621754e-01
2.308390892967362440e-01
2.309805511335319972e-01
2.260605398686318934e-01
2.187856070501519590e-01
2.115356388633463092e-01
2.058093387216649028e-01
2.022554251702191330e-01
2.009040442035792129e-01
2.013947025144517122e-01
2.031507467291076563e-01
2.055162181988559877e-01
2.078741916791032318e-01
2.097458799463053358e-01
2.108556597994781234e-01
2.111463791277926605e-01
2.107452495807637383e-01
2.098955422887844036e-01
2.088774028315719400e-01
2.079397680855537001e-01
2.072559031307949773e-01
2.069065054050637231e-01
2.068859533499140813e-01
2.071236301672385871e-01
2.075128132535281056e-01
2.075128132535281056e-01
2.075128132535281889e-01
2.075128132535281889e-01
2.075128132535281056e-01
2.075128132535281056e-01
2.075128132535281889e-01
2.075128132535281889e-01
2.075128132535281056e-01
2.075128132535281056e-01
2.075128132535281889e-01
2.075128132535281889e-01
2.075128132535281056e-01
2.075128132535281056e-01
2.075128132535281889e-01
2.075128132535281889e-01
2.075128132535281056e-01
2.075128132535281056e-01
2.075128132535281889e-01
2.075128132535281889e-01
2.075128132535281056e-01
2.075128132535281056e-01
2.075128132535281889e-01
2.075128132535281889e-01
2.075128132535281056e-01
2.075128132535281056e-01
2.075128132535281889e-01
2.075128132535281889e-01
2.075128132535281056e-01
2.075128132535281056e-01
2.075128132535281889e-01
2.075128132535281889e-01
2.075128132535281056e-01
2.075128132535281056e-01
2.075128132535281889e-01
2.075128132535281889e-01
2.075128132535281056e-01
2.075128132535281056e-01
2.075128132535281889e-01
2.075128132535281889e-01
2.075128132535281056e-01
2.075128132535281056e-01
2.075128132535281889e-01
2.075128132535281889e-01
2.075128132535281056e-01
2.075128132535281056e-01
2.075128132535281889e-01
2.075128132535281889e-01
2.075128132535281056e-01
2.075128132535281056e-01
2.075128132535281889e-01
2.075128132535281889e-01
2.075128132535281056e-01
2.075128132535281056e-01
2.075128132535281889e-01
2.075128132535281889e-01
2.075128132535281056e-01
2.075128132535281056e-01
2.075128132535281889e-01
2.075128132535281889e-01
2.075128132535281056e-01
2.075128132535281056e-01
2.075128132535281889e-01
2.075128132535281889e-01
2.072390388721460086e-01
2.070581651121392863e-01
2.070748386264962826e-01
2.073737026461627830e-01
2.079856855139581850e-01
2.088584155670453746e-01
2.098398989205093323e-01
2.106853880595074557e-01
2.110958577462282160e-01
2.107911467762129676e-01
2.096053800197349715e-01
2.075771013294348544e-01
2.049985984444134268e-01
2.023993114129748194e-01
2.004665694299652134e-01
1.999266998957015540e-01
2.014120140004816706e-01
2.053141327665105320e-01
2.115976696668877000e-01
2.195506211123338935e-01
2.275264281551739043e-01
2.329112584281538278e-01
2.327569932228676919e-01
2.252545451936584786e-01
2.108343673235870963e-01
1.917318197296734861e-01
1.711104891819753004e-01
1.532141509975882276e-01
1.437245604125936549e-01
1.502645850181758835e-01
1.866607856740058469e-01
2.881111924056169449e-01
