6.708693327637466064e-02
5.973861535125861433e-02
5.549232107060154268e-02
5.253011361231556264e-02
5.038802064244207735e-02
4.874306185523512996e-02
4.746495375825074414e-02
4.642946670333607945e-02
4.559214922156982347e-02
4.489406576225347251e-02
4.435627054481910969e-02
4.390769362896146388e-02
4.353446494792963251e-02
4.322261348255668212e-02
4.296087618569260913e-02
4.274026388093527667e-02
4.255358334264819353e-02
4.239500772467322265e-02
4.225981591416642230e-02
4.214410969099211673e-02
4.204466624151949328e-02
4.195880600630516599e-02
4.188427543596536656e-02
4.181917246104663310e-02
4.176212015605461347e-02
4.171210402307222453e-02
4.166824664742679180e-02
4.162977700448358687e-02
4.159602080428853599e-02
4.156639868015751804e-02
4.154039049225859842e-02
4.151755472106279099e-02
4.149750731273853244e-02
4.149750731273853244e-02
4.149750731273853244e-02
4.149750731273853244e-02
4.149750731273853244e-02
4.149750731273853244e-02
4.149750731273853244e-02
4.149750731273853244e-02
4.149750731273853244e-02
4.149750731273853244e-02
4.149750731273853244e-02
4.149750731273853244e-02
4.149750731273853244e-02
4.149750731273853244e-02
4.149750731273853244e-02
4.149750731273853244e-02
4.149750731273853244e-02
4.149750731273853244e-02
4.149750731273853244e-02
4.149750731273853244e-02
4.149750731273853244e-02
4.149750731273853244e-02
4.149750731273853244e-02
4.149750731273853244e-02
4.149750731273853244e-02
4.149750731273853244e-02
4.149750731273853244e-02
4.149750731273853244e-02
4.149750731273853244e-02
4.149750731273853244e-02
4.149750731273853244e-02
4.149750731273853244e-02
4.149750731273853244e-02
4.149750731273853244e-02
4.149750731273853244e-02
4.149750731273853244e-02
4.149750731273853244e-02
4.149750731273853244e-02
4.149750731273853244e-02
4.149750731273853244e-02
4.149750731273853244e-02
4.149750731273853244e-02
4.149750731273853244e-02
4.149750731273853244e-02
4.149750731273853244e-02
4.149750731273853244e-02
4.149750731273853244e-02
4.149750731273853244e-02
4.149750731273853244e-02
4.149750731273853244e-02
4.149750731273853244e-02
4.149750731273853244e-02
4.149750731273853244e-02
4.149750731273853244e-02
4.149750731273853244e-02
4.149750731273853244e-02
4.149750731273853244e-02
4.149750731273853244e-02
4.149750731273853244e-02
4.149750731273853244e-02
4.149750731273853244e-02
4.149750731273853244e-02
4.149750731273853244e-02
4.149750731273853244e-02
4.151182150429323647e-02
4.152938798742270010e-02
4.155066522989109279e-02
4.157617634791697242e-02
4.160653739632835801e-02
4.164245876035484184e-02
4.168477454551031136e-02
4.173447268285743195e-02
4.179271234608164520e-02
4.186086427788265896e-02
4.194055742138710907e-02
4.203372315919444435e-02
4.214268021603252701e-02
4.227019758652202086e-02
4.241961544884081947e-02
4.259497530177651370e-02
4.280120172357113062e-02
4.304433107214736265e-02
4.333184049342168886e-02
4.367303568109584533e-02
4.407960561973830321e-02
4.456597553755112240e-02
4.514662538745174702e-02
4.589371882047409146e-02
4.678643817652256703e-02
4.788559517274148386e-02
4.923656399198646227e-02
5.096761830509237423e-02
5.321102983844901158e-02
5.630051410635397019e-02
6.070663721343239061e-02
6.831812815361186508e-02
