1.293905351115675340e-01
1.294392281441117953e-01
1.296098380842646280e-01
1.294312442203224001e-01
1.295563257228811715e-01
1.294754911645004947e-01
1.294954583341270948e-01
1.295080429217354834e-01
1.294899775884359727e-01
1.295353148253104714e-01
1.295365327395713306e-01
1.295771951477183437e-01
1.295955207629040096e-01
1.296016107293442576e-01
1.295982561063478145e-01
1.295895473739372694e-01
1.295792694508319243e-01
1.295702364808017093e-01
1.295640628481232459e-01
1.295612241837043321e-01
1.295613587790597487e-01
1.295636171196930531e-01
1.295670019089137648e-01
1.295706767327016173e-01
1.295738172234868479e-01
1.295758392918308910e-01
1.295765989735596646e-01
1.295762702070610006e-01
1.295752121110249344e-01
1.295738387627952404e-01
1.295725155819648089e-01
1.295714976810758701e-01
1.295709035836621614e-01
1.295709035836621614e-01
1.295709035836621614e-01
1.295709035836621614e-01
1.295709035836621614e-01
1.295709035836621614e-01
1.295709035836621614e-01
1.295709035836621614e-01
1.295709035836621614e-01
1.295709035836621614e-01
1.295709035836621614e-01
1.295709035836621614e-01
1.295709035836621614e-01
1.295709035836621614e-01
1.295709035836621614e-01
1.295709035836621614e-01
1.295709035836621614e-01
1.295709035836621614e-01
1.295709035836621614e-01
1.295709035836621614e-01
1.295709035836621614e-01
1.295709035836621614e-01
1.295709035836621614e-01
1.295709035836621614e-01
1.295709035836621614e-01
1.295709035836621614e-01
1.295709035836621614e-01
1.295709035836621614e-01
1.295709035836621614e-01
1.295709035836621614e-01
1.295709035836621614e-01
1.295709035836621614e-01
1.295709035836621614e-01
1.295709035836621614e-01
1.295709035836621614e-01
1.295709035836621614e-01
1.295709035836621614e-01
1.295709035836621614e-01
1.295709035836621614e-01
1.295709035836621614e-01
1.295709035836621614e-01
1.295709035836621614e-01
1.295709035836621614e-01
1.295709035836621614e-01
1.295709035836621614e-01
1.295709035836621614e-01
1.295709035836621614e-01
1.295709035836621614e-01
1.295709035836621614e-01
1.295709035836621614e-01
1.295709035836621614e-01
1.295709035836621614e-01
1.295709035836621614e-01
1.295709035836621614e-01
1.295709035836621614e-01
1.295709035836621614e-01
1.295709035836621614e-01
1.295709035836621614e-01
1.295709035836621614e-01
1.295709035836621614e-01
1.295709035836621614e-01
1.295709035836621614e-01
1.295709035836621614e-01
1.295709035836621614e-01
1.295712089601041006e-01
1.295718120100466386e-01
1.295726766588351231e-01
1.295736466278856192e-01
1.295744394604301519e-01
1.295746931887024056e-01
1.295740526464939646e-01
1.295722865660900169e-01
1.295694106683413505e-01
1.295658001173136675e-01
1.295622126558292619e-01
1.295597389277946543e-01
1.295596043132407060e-01
1.295628623059009998e-01
1.295699914333639513e-01
1.295804465487322421e-01
1.295923722646957765e-01
1.296024881466022183e-01
1.296064621515955473e-01
1.295996689323370976e-01
1.295790407254980015e-01
1.295355915701493776e-01
1.295286238264615752e-01
1.294752965014691892e-01
1.294868535512673502e-01
1.294717744624574729e-01
1.294571330153334310e-01
1.295610141540098903e-01
1.294691709488998144e-01
1.297242044731156396e-01
1.296177353569752111e-01
1.297340702265371570e-01
