5.603125095487729995e-02
4.362268185673044696e-02
3.578682863135478759e-02
3.089724019284773027e-02
2.785494590195216127e-02
2.593598445332832153e-02
2.467120879092412483e-02
2.377160227029300604e-02
2.307692368418334458e-02
2.251044071251043568e-02
2.203925569675007495e-02
2.164674829310937743e-02
2.132046626911802620e-02
2.104844428830232594e-02
2.082071565362291279e-02
2.062926242275573210e-02
2.046763992985501865e-02
2.033064483399880940e-02
2.021403951152518294e-02
2.011435745248866744e-02
2.002874560324278269e-02
1.995486347838833219e-02
1.989079240908382673e-02
1.983497978319608349e-02
1.978617927220858996e-02
1.974339968015480229e-02
1.970583972428402095e-02
1.967284689366237058e-02
1.964386754724141773e-02
1.961841954986566494e-02
1.959608328389716297e-02
1.957647909726221297e-02
1.955927322325654721e-02
1.955927322325654721e-02
1.955927322325654721e-02
1.955927322325654721e-02
1.955927322325654721e-02
1.955927322325654721e-02
1.955927322325654721e-02
1.955927322325654721e-02
1.955927322325654721e-02
1.955927322325654721e-02
1.955927322325654721e-02
1.955927322325654721e-02
1.955927322325654721e-02
1.955927322325654721e-02
1.955927322325654721e-02
1.955927322325654721e-02
1.955927322325654721e-02
1.955927322325654721e-02
1.955927322325654721e-02
1.955927322325654721e-02
1.955927322325654721e-02
1.955927322325654721e-02
1.955927322325654721e-02
1.955927322325654721e-02
1.955927322325654721e-02
1.955927322325654721e-02
1.955927322325654721e-02
1.955927322325654721e-02
1.955927322325654721e-02
1.955927322325654721e-02
1.955927322325654721e-02
1.955927322325654721e-02
1.955927322325654721e-02
1.955927322325654721e-02
1.955927322325654721e-02
1.955927322325654721e-02
1.955927322325654721e-02
1.955927322325654721e-02
1.955927322325654721e-02
1.955927322325654721e-02
1.955927322325654721e-02
1.955927322325654721e-02
1.955927322325654721e-02
1.955927322325654721e-02
1.955927322325654721e-02
1.955927322325654721e-02
1.955927322325654721e-02
1.955927322325654721e-02
1.955927322325654721e-02
1.955927322325654721e-02
1.955927322325654721e-02
1.955927322325654721e-02
1.955927322325654721e-02
1.955927322325654721e-02
1.955927322325654721e-02
1.955927322325654721e-02
1.955927322325654721e-02
1.955927322325654721e-02
1.955927322325654721e-02
1.955927322325654721e-02
1.955927322325654721e-02
1.955927322325654721e-02
1.955927322325654721e-02
1.955927322325654721e-02
1.957136975113231078e-02
1.958626569150150043e-02
1.960434960972651935e-02
1.962607041375147299e-02
1.965195292833425353e-02
1.968261052198180469e-02
1.971876554457130393e-02
1.976127439685861770e-02
1.981114341926026173e-02
1.986957160737621089e-02
1.993798554766467238e-02
2.001809256732163533e-02
2.011193580550433083e-02
2.022198604138890007e-02
2.035122657203957894e-02
2.050329413135103598e-02
2.068264696677035372e-02
2.089477759623754524e-02
2.114650085889635892e-02
2.144630144084235662e-02
2.180475826014249136e-02
2.223462039643341742e-02
2.274929333878366114e-02
2.336672968048766202e-02
2.412179304017910905e-02
2.509469052913246984e-02
2.645228176784622173e-02
2.849614305528281807e-02
3.171843232954318914e-02
3.688395289406590921e-02
4.516260835546902219e-02
5.829883066899710364e-02
