3.848706087810784826e-01
3.508662149927238572e-01
3.466174068350246773e-01
3.460993375218781032e-01
3.460429642995297428e-01
3.460379497041727870e-01
3.460376895493685878e-01
3.460377123582741299e-01
3.460377223292709914e-01
3.460377243271712810e-01
3.460377246307755339e-01
3.460377246678676966e-01
3.460377246712435517e-01
3.460377246713633448e-01
3.460377246713269850e-01
3.460377246713145505e-01
3.460377246713128851e-01
3.460377246713124966e-01
3.460377246713123855e-01
3.460377246713123855e-01
3.460377246713123855e-01
3.460377246713123855e-01
3.460377246713123855e-01
3.460377246713123855e-01
3.460377246713123855e-01
3.460377246713123855e-01
3.460377246713123855e-01
3.460377246713123855e-01
3.460377246713123855e-01
3.460377246713123855e-01
3.460377246713123855e-01
3.460377246713123855e-01
3.460377246713123855e-01
3.460377246713123855e-01
3.460377246713123855e-01
3.460377246713123855e-01
3.460377246713123855e-01
3.460377246713123855e-01
3.460377246713123855e-01
3.460377246713123855e-01
3.460377246713123855e-01
3.460377246713123855e-01
3.460377246713123855e-01
3.460377246713123855e-01
3.460377246713123855e-01
3.460377246713123855e-01
3.460377246713123855e-01
3.460377246713123855e-01
3.460377246713123855e-01
3.460377246713123855e-01
3.460377246713123855e-01
3.460377246713123855e-01
3.460377246713123855e-01
3.460377246713123855e-01
3.460377246713123855e-01
3.460377246713123855e-01
3.460377246713123855e-01
3.460377246713123855e-01
3.460377246713123855e-01
3.460377246713123855e-01
3.460377246713123855e-01
3.460377246713123855e-01
3.460377246713123855e-01
3.460377246713123855e-01
3.460377246713123855e-01
3.460377246713123855e-01
3.460377246713123855e-01
3.460377246713123855e-01
3.460377246713123855e-01
3.460377246713123855e-01
3.460377246713123855e-01
3.460377246713123855e-01
3.460377246713123855e-01
3.460377246713123855e-01
3.460377246713123855e-01
3.460377246713123855e-01
3.460377246713123855e-01
3.460377246713123855e-01
3.460377246713123855e-01
3.460377246713123855e-01
3.460377246713123855e-01
3.460377246713123855e-01
3.460377246713123855e-01
3.460377246713123855e-01
3.460377246713123855e-01
3.460377246713123855e-01
3.460377246713123855e-01
3.460377246713123855e-01
3.460377246713123855e-01
3.460377246713123855e-01
3.460377246713123855e-01
3.460377246713123855e-01
3.460377246713123855e-01
3.460377246713123855e-01
3.460377246713123855e-01
3.460377246713123855e-01
3.460377246713123855e-01
3.460377246713123855e-01
3.460377246713123855e-01
3.460377246713123855e-01
3.460377246713123855e-01
3.460377246713123855e-01
3.460377246713123855e-01
3.460377246713123855e-01
3.460377246713123855e-01
3.460377246713123855e-01
3.460377246713123855e-01
3.460377246713123855e-01
3.460377246713123855e-01
3.460377246713123855e-01
3.460377246713124966e-01
3.460377246713128851e-01
3.460377246713145505e-01
3.460377246713269850e-01
3.460377246713632893e-01
3.460377246712435517e-01
3.460377246678676966e-01
3.460377246307755339e-01
3.460377243271712810e-01
3.460377223292709914e-01
3.460377123582741299e-01
3.460376895493685878e-01
3.460379497041727315e-01
3.460429642995297428e-01
3.460993375218781032e-01
3.466174068350246773e-01
3.508662149927238572e-01
3.848706087810785936e-01
