3.379878932347563092e-01
2.842062042735973848e-01
2.738945242712019223e-01
2.726617403334112288e-01
2.728574623451202052e-01
2.730308944275492422e-01
2.730881221548290827e-01
2.730980710700431913e-01
2.730974577139976822e-01
2.730963309276061568e-01
2.730959012353579851e-01
2.730958178737896702e-01
2.730958213913544097e-01
2.730958307680448893e-01
2.730958345563615497e-01
2.730958353268582717e-01
2.730958353003872241e-01
2.730958352131642730e-01
2.730958351768755232e-01
2.730958351693071884e-01
2.730958351695383368e-01
2.730958351704022569e-01
2.730958351707674647e-01
2.730958351708449583e-01
2.730958351708425713e-01
2.730958351708336895e-01
2.730958351708298038e-01
2.730958351708291931e-01
2.730958351708294152e-01
2.730958351708292486e-01
2.730958351708293597e-01
2.730958351708293042e-01
2.730958351708292486e-01
2.730958351708292486e-01
2.730958351708292486e-01
2.730958351708292486e-01
2.730958351708292486e-01
2.730958351708292486e-01
2.730958351708292486e-01
2.730958351708292486e-01
2.730958351708292486e-01
2.730958351708292486e-01
2.730958351708292486e-01
2.730958351708292486e-01
2.730958351708292486e-01
2.730958351708292486e-01
2.730958351708292486e-01
2.730958351708292486e-01
2.730958351708292486e-01
2.730958351708292486e-01
2.730958351708292486e-01
2.730958351708292486e-01
2.730958351708292486e-01
2.730958351708292486e-01
2.730958351708292486e-01
2.730958351708292486e-01
2.730958351708292486e-01
2.730958351708292486e-01
2.730958351708292486e-01
2.730958351708292486e-01
2.730958351708292486e-01
2.730958351708292486e-01
2.730958351708292486e-01
2.730958351708292486e-01
2.730958351708292486e-01
2.730958351708292486e-01
2.730958351708292486e-01
2.730958351708292486e-01
2.730958351708292486e-01
2.730958351708292486e-01
2.730958351708292486e-01
2.730958351708292486e-01
2.730958351708292486e-01
2.730958351708292486e-01
2.730958351708292486e-01
2.730958351708292486e-01
2.730958351708292486e-01
2.730958351708292486e-01
2.730958351708292486e-01
2.730958351708292486e-01
2.730958351708292486e-01
2.730958351708292486e-01
2.730958351708292486e-01
2.730958351708292486e-01
2.730958351708292486e-01
2.730958351708292486e-01
2.730958351708292486e-01
2.730958351708292486e-01
2.730958351708292486e-01
2.730958351708292486e-01
2.730958351708292486e-01
2.730958351708292486e-01
2.730958351708292486e-01
2.730958351708292486e-01
2.730958351708292486e-01
2.730958351708292486e-01
2.730958351708293042e-01
2.730958351708292486e-01
2.730958351708292486e-01
2.730958351708294152e-01
2.730958351708291931e-01
2.730958351708298038e-01
2.730958351708336895e-01
2.730958351708426268e-01
2.730958351708450138e-01
2.730958351707674647e-01
2.730958351704022569e-01
2.730958351695383368e-01
2.730958351693072439e-01
2.730958351768755232e-01
2.730958352131642730e-01
2.730958353003872241e-01
2.730958353268582717e-01
2.730958345563615497e-01
2.730958307680448893e-01
2.730958213913544097e-01
2.730958178737896702e-01
2.730959012353579851e-01
2.730963309276061568e-01
2.730974577139976822e-01
2.730980710700431913e-01
2.730881221548290272e-01
2.730308944275492422e-01
2.728574623451202052e-01
2.726617403334112288e-01
2.738945242712019223e-01
2.842062042735973848e-01
3.379878932347563092e-01
