7.134984453168400353e-01
6.808928052153693233e-01
6.583643185514649332e-01
6.438025942833450754e-01
6.314052618459683464e-01
6.228504399727575747e-01
6.153688725492226785e-01
6.098701527954661916e-01
6.051925797856299027e-01
6.015261882909306301e-01
5.982411164837037054e-01
5.955408674703703831e-01
5.932841312236902809e-01
5.913865210032962505e-01
5.897842625105442771e-01
5.884266031994963564e-01
5.872725666982173687e-01
5.862884342435539242e-01
5.854465396223518248e-01
5.847237700050693654e-01
5.841009193356681006e-01
5.835617136814994499e-01
5.830925571734393298e-01
5.826817402852864092e-01
5.823209969849127976e-01
5.820041197710563718e-01
5.817257766042709388e-01
5.814812703694830498e-01
5.812664847653503664e-01
5.810777857751570075e-01
5.809120641586550393e-01
5.807664997139381224e-01
5.806386054748063907e-01
5.806386054748063907e-01
5.806386054748063907e-01
5.806386054748063907e-01
5.806386054748063907e-01
5.806386054748063907e-01
5.806386054748063907e-01
5.806386054748063907e-01
5.806386054748063907e-01
5.806386054748063907e-01
5.806386054748063907e-01
5.806386054748063907e-01
5.806386054748063907e-01
5.806386054748063907e-01
5.806386054748063907e-01
5.806386054748063907e-01
5.806386054748063907e-01
5.806386054748063907e-01
5.806386054748063907e-01
5.806386054748063907e-01
5.806386054748063907e-01
5.806386054748063907e-01
5.806386054748063907e-01
5.806386054748063907e-01
5.806386054748063907e-01
5.806386054748063907e-01
5.806386054748063907e-01
5.806386054748063907e-01
5.806386054748063907e-01
5.806386054748063907e-01
5.806386054748063907e-01
5.806386054748063907e-01
5.806386054748063907e-01
5.806386054748063907e-01
5.806386054748063907e-01
5.806386054748063907e-01
5.806386054748063907e-01
5.806386054748063907e-01
5.806386054748063907e-01
5.806386054748063907e-01
5.806386054748063907e-01
5.806386054748063907e-01
5.806386054748063907e-01
5.806386054748063907e-01
5.806386054748063907e-01
5.806386054748063907e-01
5.806386054748063907e-01
5.806386054748063907e-01
5.806386054748063907e-01
5.806386054748063907e-01
5.806386054748063907e-01
5.806386054748063907e-01
5.806386054748063907e-01
5.806386054748063907e-01
5.806386054748063907e-01
5.806386054748063907e-01
5.806386054748063907e-01
5.806386054748063907e-01
5.806386054748063907e-01
5.806386054748063907e-01
5.806386054748063907e-01
5.806386054748063907e-01
5.806386054748063907e-01
5.806386054748063907e-01
5.807290843060300967e-01
5.808402755210404500e-01
5.809750355813259048e-01
5.811366945160298947e-01
5.813290124952501525e-01
5.815564631121581396e-01
5.818242390901140482e-01
5.821384462012428873e-01
5.825062544118575492e-01
5.829360515430593859e-01
5.834378351254759787e-01
5.840233344438023888e-01
5.847065165053102476e-01
5.855039613194021886e-01
5.864355497377511384e-01
5.875249346184192589e-01
5.888007211066587088e-01
5.902974713550088737e-01
5.920574616563294423e-01
5.941326242609245023e-01
5.965880424430543005e-01
5.995098641733408451e-01
6.030407921549155725e-01
6.069784049648792035e-01
6.119583704600011220e-01
6.177877427000333377e-01
6.256390941306584352e-01
6.345913448805744483e-01
6.474364451125049769e-01
6.624767674980720500e-01
6.855424714304916289e-01
7.187717070086798721e-01
