4.147071414041188508e-01
4.002753556436937088e-01
3.996915136302987559e-01
3.996755747788375834e-01
3.996756064882503456e-01
3.996756425512611455e-01
3.996756450071595190e-01
3.996756450934738636e-01
3.996756450933476312e-01
3.996756450931029381e-01
3.996756450930848970e-01
3.996756450930843974e-01
3.996756450930846194e-01
3.996756450930846194e-01
3.996756450930846194e-01
3.996756450930846194e-01
3.996756450930846194e-01
3.996756450930846194e-01
3.996756450930846194e-01
3.996756450930846194e-01
3.996756450930846194e-01
3.996756450930846194e-01
3.996756450930846194e-01
3.996756450930846194e-01
3.996756450930846194e-01
3.996756450930846194e-01
3.996756450930846194e-01
3.996756450930846194e-01
3.996756450930846194e-01
3.996756450930846194e-01
3.996756450930846194e-01
3.996756450930846194e-01
3.996756450930846194e-01
3.996756450930846194e-01
3.996756450930846194e-01
3.996756450930846194e-01
3.996756450930846194e-01
3.996756450930846194e-01
3.996756450930846194e-01
3.996756450930846194e-01
3.996756450930846194e-01
3.996756450930846194e-01
3.996756450930846194e-01
3.996756450930846194e-01
3.996756450930846194e-01
3.996756450930846194e-01
3.996756450930846194e-01
3.996756450930846194e-01
3.996756450930846194e-01
3.996756450930846194e-01
3.996756450930846194e-01
3.996756450930846194e-01
3.996756450930846194e-01
3.996756450930846194e-01
3.996756450930846194e-01
3.996756450930846194e-01
3.996756450930846194e-01
3.996756450930846194e-01
3.996756450930846194e-01
3.996756450930846194e-01
3.996756450930846194e-01
3.996756450930846194e-01
3.996756450930846194e-01
3.996756450930846194e-01
3.996756450930846194e-01
3.996756450930846194e-01
3.996756450930846194e-01
3.996756450930846194e-01
3.996756450930846194e-01
3.996756450930846194e-01
3.996756450930846194e-01
3.996756450930846194e-01
3.996756450930846194e-01
3.996756450930846194e-01
3.996756450930846194e-01
3.996756450930846194e-01
3.996756450930846194e-01
3.996756450930846194e-01
3.996756450930846194e-01
3.996756450930846194e-01
3.996756450930846194e-01
3.996756450930846194e-01
3.996756450930846194e-01
3.996756450930846194e-01
3.996756450930846194e-01
3.996756450930846194e-01
3.996756450930846194e-01
3.996756450930846194e-01
3.996756450930846194e-01
3.996756450930846194e-01
3.996756450930846194e-01
3.996756450930846194e-01
3.996756450930846194e-01
3.996756450930846194e-01
3.996756450930846194e-01
3.996756450930846194e-01
3.996756450930846194e-01
3.996756450930846194e-01
3.996756450930846194e-01
3.996756450930846194e-01
3.996756450930846194e-01
3.996756450930846194e-01
3.996756450930846194e-01
3.996756450930846194e-01
3.996756450930846194e-01
3.996756450930846194e-01
3.996756450930846194e-01
3.996756450930846194e-01
3.996756450930846194e-01
3.996756450930846194e-01
3.996756450930846194e-01
3.996756450930846194e-01
3.996756450930846194e-01
3.996756450930846194e-01
3.996756450930846194e-01
3.996756450930846194e-01
3.996756450930843974e-01
3.996756450930848970e-01
3.996756450931029381e-01
3.996756450933476312e-01
3.996756450934738636e-01
3.996756450071595190e-01
3.996756425512611455e-01
3.996756064882503456e-01
3.996755747788375834e-01
3.996915136302987559e-01
4.002753556436937088e-01
4.147071414041188508e-01
