5.340287249655675111e-02
4.552145006452811005e-02
4.090185037039389959e-02
3.837156063999196814e-02
3.682102717037656625e-02
3.558858131638403810e-02
3.448927824941005332e-02
3.356080614437484400e-02
3.282805704238423578e-02
3.225544981374814379e-02
3.179556415039730410e-02
3.141818502679112612e-02
3.110610327949123871e-02
3.084637224980898290e-02
3.062899855110831973e-02
3.044618918667752264e-02
3.029177239605414934e-02
3.016080966643603506e-02
3.004930607997737674e-02
2.995398984140826629e-02
2.987215190936517301e-02
2.980153095324038909e-02
2.974025522299689195e-02
2.968681138741607189e-02
2.964003339636681056e-02
2.959902199039614323e-02
2.956305910195631409e-02
2.953153434808380995e-02
2.950389762544424962e-02
2.947965747537490203e-02
2.945838382191690724e-02
2.943971154372666821e-02
2.942331477687078201e-02
2.942331477687078201e-02
2.942331477687077507e-02
2.942331477687077507e-02
2.942331477687078201e-02
2.942331477687078201e-02
2.942331477687077507e-02
2.942331477687077507e-02
2.942331477687078201e-02
2.942331477687078201e-02
2.942331477687077507e-02
2.942331477687077507e-02
2.942331477687078201e-02
2.942331477687078201e-02
2.942331477687077507e-02
2.942331477687077507e-02
2.942331477687078201e-02
2.942331477687078201e-02
2.942331477687077507e-02
2.942331477687077507e-02
2.942331477687078201e-02
2.942331477687078201e-02
2.942331477687077507e-02
2.942331477687077507e-02
2.942331477687078201e-02
2.942331477687078201e-02
2.942331477687077507e-02
2.942331477687077507e-02
2.942331477687078201e-02
2.942331477687078201e-02
2.942331477687077507e-02
2.942331477687077507e-02
2.942331477687078201e-02
2.942331477687078201e-02
2.942331477687077507e-02
2.942331477687077507e-02
2.942331477687078201e-02
2.942331477687078201e-02
2.942331477687077507e-02
2.942331477687077507e-02
2.942331477687078201e-02
2.942331477687078201e-02
2.942331477687077507e-02
2.942331477687077507e-02
2.942331477687078201e-02
2.942331477687078201e-02
2.942331477687077507e-02
2.942331477687077507e-02
2.942331477687078201e-02
2.942331477687078201e-02
2.942331477687077507e-02
2.942331477687077507e-02
2.942331477687078201e-02
2.942331477687078201e-02
2.942331477687077507e-02
2.942331477687077507e-02
2.942331477687078201e-02
2.942331477687078201e-02
2.942331477687077507e-02
2.942331477687077507e-02
2.942331477687078201e-02
2.942331477687078201e-02
2.942331477687077507e-02
2.942331477687077507e-02
2.943506270498109922e-02
2.944947480927791530e-02
2.946692527612378154e-02
2.948784414772346457e-02
2.951273889875752690e-02
2.954219599911135294e-02
2.957690268704148834e-02
2.961767430843364329e-02
2.966547005543953772e-02
2.972142639352265414e-02
2.978689370906112757e-02
2.986348649241260533e-02
2.995312605239580303e-02
3.005813318174536952e-02
3.018130613074781338e-02
3.032605008420122955e-02
3.049652814733887912e-02
3.069789129012244489e-02
3.093655508884498445e-02
3.122061219928794901e-02
3.156043455498510480e-02
3.196943666788529259e-02
3.246539940554953041e-02
3.307937829502569788e-02
3.385995064295395374e-02
3.484389956973781705e-02
3.600695266343182516e-02
3.731229899759819224e-02
3.895060510824467637e-02
4.160090502057728346e-02
4.640467998284228401e-02
5.457312496480158648e-02
