8.101260491846064282e-02
6.206437450553321106e-02
5.259210892699034412e-02
4.785893689347622826e-02
4.484316451906532330e-02
4.227998851276401626e-02
4.008646406666578621e-02
3.841375309375838487e-02
3.719940145332702869e-02
3.627243515121111178e-02
3.551957193859520134e-02
3.489716497026976172e-02
3.438261123389692309e-02
3.395523848309073972e-02
3.359841486086354023e-02
3.329902467367697183e-02
3.304666860546109919e-02
3.283302965423527675e-02
3.265141161909680678e-02
3.249636720653223398e-02
3.236341142495222090e-02
3.224879981713626304e-02
3.214942113016597269e-02
3.206278131138748377e-02
3.198697011863659706e-02
3.192053070169538487e-02
3.186230570726301947e-02
3.181127706950076517e-02
3.176654886851790205e-02
3.172730696956266305e-02
3.169287170388458696e-02
3.166264685371114607e-02
3.163611790272047308e-02
3.163611790272047308e-02
3.163611790272047308e-02
3.163611790272047308e-02
3.163611790272047308e-02
3.163611790272047308e-02
3.163611790272047308e-02
3.163611790272047308e-02
3.163611790272047308e-02
3.163611790272047308e-02
3.163611790272047308e-02
3.163611790272047308e-02
3.163611790272047308e-02
3.163611790272047308e-02
3.163611790272047308e-02
3.163611790272047308e-02
3.163611790272047308e-02
3.163611790272047308e-02
3.163611790272047308e-02
3.163611790272047308e-02
3.163611790272047308e-02
3.163611790272047308e-02
3.163611790272047308e-02
3.163611790272047308e-02
3.163611790272047308e-02
3.163611790272047308e-02
3.163611790272047308e-02
3.163611790272047308e-02
3.163611790272047308e-02
3.163611790272047308e-02
3.163611790272047308e-02
3.163611790272047308e-02
3.163611790272047308e-02
3.163611790272047308e-02
3.163611790272047308e-02
3.163611790272047308e-02
3.163611790272047308e-02
3.163611790272047308e-02
3.163611790272047308e-02
3.163611790272047308e-02
3.163611790272047308e-02
3.163611790272047308e-02
3.163611790272047308e-02
3.163611790272047308e-02
3.163611790272047308e-02
3.163611790272047308e-02
3.163611790272047308e-02
3.163611790272047308e-02
3.163611790272047308e-02
3.163611790272047308e-02
3.163611790272047308e-02
3.163611790272047308e-02
3.163611790272047308e-02
3.163611790272047308e-02
3.163611790272047308e-02
3.163611790272047308e-02
3.163611790272047308e-02
3.163611790272047308e-02
3.163611790272047308e-02
3.163611790272047308e-02
3.163611790272047308e-02
3.163611790272047308e-02
3.163611790272047308e-02
3.163611790272047308e-02
3.165499182018689794e-02
3.167818002676961453e-02
3.170629215668306633e-02
3.174002715133306118e-02
3.178019625489597599e-02
3.182776075920122627e-02
3.188385007270037874e-02
3.194978863919080425e-02
3.202714791247909809e-02
3.211780191671340101e-02
3.222397079666158154e-02
3.234831699043871911e-02
3.249404923453658167e-02
3.266502250671100144e-02
3.286592811142625276e-02
3.310250188494204271e-02
3.338179050400912756e-02
3.371254402799490207e-02
3.410569700563703677e-02
3.457504818397662272e-02
3.513812287193555928e-02
3.581672772268090776e-02
3.663487404303245043e-02
3.763837185740009916e-02
3.894436345069754446e-02
4.072975221444107008e-02
4.306198723299677067e-02
4.579090983741262305e-02
4.900862639243254437e-02
5.403387811576582100e-02
6.403191817953787779e-02
8.402305192249379107e-02
