5.150559358003775623e-02
4.355527579617867601e-02
3.812884280929748626e-02
3.457830015768783433e-02
3.232469816155141701e-02
3.090949582292533762e-02
3.000045204854358272e-02
2.938210379358852445e-02
2.893348618021004959e-02
2.859597963317239006e-02
2.834224077389836324e-02
2.815584136088144715e-02
2.802337913815804160e-02
2.793280113778528681e-02
2.787420928000967565e-02
2.783967917497263619e-02
2.782292158138836499e-02
2.781898432614772140e-02
2.782400456104497377e-02
2.783500802942763530e-02
2.784974011559376850e-02
2.786652042406620108e-02
2.788411988332280267e-02
2.790165263688060976e-02
2.791849043446051684e-02
2.793419645202766324e-02
2.794848446419006746e-02
2.796118589640173013e-02
2.797223181801464578e-02
2.798163363313537627e-02
2.798946152022021086e-02
2.799583136044912074e-02
2.800088465335769106e-02
2.800088465335769106e-02
2.800088465335769106e-02
2.800088465335769106e-02
2.800088465335769106e-02
2.800088465335769106e-02
2.800088465335769106e-02
2.800088465335769106e-02
2.800088465335769106e-02
2.800088465335769106e-02
2.800088465335769106e-02
2.800088465335769106e-02
2.800088465335769106e-02
2.800088465335769106e-02
2.800088465335769106e-02
2.800088465335769106e-02
2.800088465335769106e-02
2.800088465335769106e-02
2.800088465335769106e-02
2.800088465335769106e-02
2.800088465335769106e-02
2.800088465335769106e-02
2.800088465335769106e-02
2.800088465335769106e-02
2.800088465335769106e-02
2.800088465335769106e-02
2.800088465335769106e-02
2.800088465335769106e-02
2.800088465335769106e-02
2.800088465335769106e-02
2.800088465335769106e-02
2.800088465335769106e-02
2.800088465335769106e-02
2.800088465335769106e-02
2.800088465335769106e-02
2.800088465335769106e-02
2.800088465335769106e-02
2.800088465335769106e-02
2.800088465335769106e-02
2.800088465335769106e-02
2.800088465335769106e-02
2.800088465335769106e-02
2.800088465335769106e-02
2.800088465335769106e-02
2.800088465335769106e-02
2.800088465335769106e-02
2.800088465335769106e-02
2.800088465335769106e-02
2.800088465335769106e-02
2.800088465335769106e-02
2.800088465335769106e-02
2.800088465335769106e-02
2.800088465335769106e-02
2.800088465335769106e-02
2.800088465335769106e-02
2.800088465335769106e-02
2.800088465335769106e-02
2.800088465335769106e-02
2.800088465335769106e-02
2.800088465335769106e-02
2.800088465335769106e-02
2.800088465335769106e-02
2.800088465335769106e-02
2.800088465335769106e-02
2.799733042296754376e-02
2.799248456396202095e-02
2.798613503880760869e-02
2.797809044232978104e-02
2.796819554707249966e-02
2.795635301866811542e-02
2.794254845409259794e-02
2.792688135020172935e-02
2.790960853114007878e-02
2.789118809823100745e-02
2.787233892059976306e-02
2.785410827650563331e-02
2.783795534014292875e-02
2.782584557296716513e-02
2.782036784411126215e-02
2.782486962590328267e-02
2.784362295354474853e-02
2.788202469469687472e-02
2.794684374449419445e-02
2.804651936628727027e-02
2.819151077957859561e-02
2.839448654181327483e-02
2.866951800378359991e-02
2.903385105963076848e-02
2.951585997530962666e-02
3.017564300769528737e-02
3.113650224165831482e-02
3.261783584008248055e-02
3.495847837624955351e-02
3.862726655057225483e-02
4.421743173855945119e-02
5.239246987372394443e-02
