3.140193471514641232e-01
2.604928986434814631e-01
2.456141812996234519e-01
2.409335493825554841e-01
2.394036015701347664e-01
2.388972388393245938e-01
2.387289576534247226e-01
2.386729557021819437e-01
2.386543104657208869e-01
2.386481018063132953e-01
2.386460342894519415e-01
2.386453457846989812e-01
2.386451165044660983e-01
2.386450401514051411e-01
2.386450147249441489e-01
2.386450062576464248e-01
2.386450034379449803e-01
2.386450024989553997e-01
2.386450021862626114e-01
2.386450020821329066e-01
2.386450020474569500e-01
2.386450020359095203e-01
2.386450020320641241e-01
2.386450020307835096e-01
2.386450020303571840e-01
2.386450020302152142e-01
2.386450020301678354e-01
2.386450020301521258e-01
2.386450020301469077e-01
2.386450020301451036e-01
2.386450020301445762e-01
2.386450020301443264e-01
2.386450020301443264e-01
2.386450020301442709e-01
2.386450020301442709e-01
2.386450020301442709e-01
2.386450020301442709e-01
2.386450020301442709e-01
2.386450020301442709e-01
2.386450020301442709e-01
2.386450020301442709e-01
2.386450020301442709e-01
2.386450020301442709e-01
2.386450020301442709e-01
2.386450020301442709e-01
2.386450020301442709e-01
2.386450020301442709e-01
2.386450020301442709e-01
2.386450020301442709e-01
2.386450020301442709e-01
2.386450020301442709e-01
2.386450020301442709e-01
2.386450020301442709e-01
2.386450020301442709e-01
2.386450020301442709e-01
2.386450020301442709e-01
2.386450020301442709e-01
2.386450020301442709e-01
2.386450020301442709e-01
2.386450020301442709e-01
2.386450020301442709e-01
2.386450020301442709e-01
2.386450020301442709e-01
2.386450020301442709e-01
2.386450020301442709e-01
2.386450020301442709e-01
2.386450020301442709e-01
2.386450020301442709e-01
2.386450020301442709e-01
2.386450020301442709e-01
2.386450020301442709e-01
2.386450020301442709e-01
2.386450020301442709e-01
2.386450020301442709e-01
2.386450020301442709e-01
2.386450020301442709e-01
2.386450020301442709e-01
2.386450020301442709e-01
2.386450020301442709e-01
2.386450020301442709e-01
2.386450020301442709e-01
2.386450020301442709e-01
2.386450020301442709e-01
2.386450020301442709e-01
2.386450020301442709e-01
2.386450020301442709e-01
2.386450020301442709e-01
2.386450020301442709e-01
2.386450020301442709e-01
2.386450020301442709e-01
2.386450020301442709e-01
2.386450020301442709e-01
2.386450020301442709e-01
2.386450020301442709e-01
2.386450020301442709e-01
2.386450020301443264e-01
2.386450020301443264e-01
2.386450020301445485e-01
2.386450020301451036e-01
2.386450020301469077e-01
2.386450020301521258e-01
2.386450020301678354e-01
2.386450020302152142e-01
2.386450020303571284e-01
2.386450020307835096e-01
2.386450020320641241e-01
2.386450020359095203e-01
2.386450020474569500e-01
2.386450020821329066e-01
2.386450021862626114e-01
2.386450024989553997e-01
2.386450034379449803e-01
2.386450062576464248e-01
2.386450147249441489e-01
2.386450401514051411e-01
2.386451165044660983e-01
2.386453457846989812e-01
2.386460342894519415e-01
2.386481018063132953e-01
2.386543104657208869e-01
2.386729557021819437e-01
2.387289576534247226e-01
2.388972388393245938e-01
2.394036015701347664e-01
2.409335493825554841e-01
2.456141812996234519e-01
2.604928986434814631e-01
3.140193471514641232e-01
