6.859024998721595682e-04
4.343650793844178008e-04
3.213041593011156595e-04
2.684781227429372877e-04
2.390093759325984341e-04
2.170763337840366175e-04
1.985844128880070905e-04
1.837288179639365196e-04
1.724850540815043567e-04
1.639874394872504798e-04
1.573431752684409835e-04
1.520095339764873633e-04
1.476786976796061089e-04
1.441290453110136778e-04
1.411962190694395717e-04
1.387563245442361283e-04
1.367142377863350754e-04
1.349958149839310399e-04
1.335423996934710861e-04
1.323070723985896383e-04
1.312516035937488562e-04
1.303446176249497298e-04
1.295605485501607253e-04
1.288788893470787502e-04
1.282838939303191229e-04
1.277635157728286108e-04
1.273081780384459870e-04
1.269097916195320792e-04
1.265611251234573546e-04
1.262557594160433725e-04
1.259881010676644378e-04
1.257534318269595125e-04
1.255475613047441082e-04
1.255475613047441082e-04
1.255475613047440540e-04
1.255475613047440540e-04
1.255475613047441082e-04
1.255475613047441082e-04
1.255475613047440540e-04
1.255475613047440540e-04
1.255475613047441082e-04
1.255475613047441082e-04
1.255475613047440540e-04
1.255475613047440540e-04
1.255475613047441082e-04
1.255475613047441082e-04
1.255475613047440540e-04
1.255475613047440540e-04
1.255475613047441082e-04
1.255475613047441082e-04
1.255475613047440540e-04
1.255475613047440540e-04
1.255475613047441082e-04
1.255475613047441082e-04
1.255475613047440540e-04
1.255475613047440540e-04
1.255475613047441082e-04
1.255475613047441082e-04
1.255475613047440540e-04
1.255475613047440540e-04
1.255475613047441082e-04
1.255475613047441082e-04
1.255475613047440540e-04
1.255475613047440540e-04
1.255475613047441082e-04
1.255475613047441082e-04
1.255475613047440540e-04
1.255475613047440540e-04
1.255475613047441082e-04
1.255475613047441082e-04
1.255475613047440540e-04
1.255475613047440540e-04
1.255475613047441082e-04
1.255475613047441082e-04
1.255475613047440540e-04
1.255475613047440540e-04
1.255475613047441082e-04
1.255475613047441082e-04
1.255475613047440540e-04
1.255475613047440540e-04
1.255475613047441082e-04
1.255475613047441082e-04
1.255475613047440540e-04
1.255475613047440540e-04
1.255475613047441082e-04
1.255475613047441082e-04
1.255475613047440540e-04
1.255475613047440540e-04
1.255475613047441082e-04
1.255475613047441082e-04
1.255475613047440540e-04
1.255475613047440540e-04
1.255475613047441082e-04
1.255475613047441082e-04
1.255475613047440540e-04
1.255475613047440540e-04
1.256950439997527025e-04
1.258761041824685322e-04
1.260955291571063210e-04
1.263588452097184835e-04
1.266726074426115472e-04
1.270444460964157329e-04
1.274833471960955624e-04
1.280000404642791926e-04
1.286072463458736424e-04
1.293201637679626125e-04
1.301570774044085604e-04
1.311401223350558171e-04
1.322959074520802956e-04
1.336571339350930759e-04
1.352639424538021426e-04
1.371660662326736773e-04
1.394257487256139933e-04
1.421219753620146147e-04
1.453559154935190538e-04
1.492593778357159499e-04
1.540075245202107441e-04
1.598364610030083156e-04
1.670740311043293646e-04
1.762943655357714274e-04
1.884401345082727705e-04
2.044413884608672362e-04
2.243772487415559951e-04
2.481161935491946234e-04
2.800373919602967008e-04
3.369866968926371327e-04
4.586474072974741373e-04
7.306144895805205281e-04
