3.795259648627484217e-01
3.065818038598231432e-01
3.374646783685605334e-01
3.825977385047286128e-01
3.816699837146593777e-01
3.696379349855099528e-01
3.698182766106721808e-01
3.755186252923042312e-01
3.750563106476789699e-01
3.716891669922524621e-01
3.715661234935811463e-01
3.732084953916929848e-01
3.730322441260291999e-01
3.718926065439482342e-01
3.718742478634814441e-01
3.725214812363838446e-01
3.724745357548188140e-01
3.720217028715341323e-01
3.720182983195027271e-01
3.722978435044179135e-01
3.722838399357260575e-01
3.720843053643548282e-01
3.720845023206955648e-01
3.722176506765808579e-01
3.722127523447708031e-01
3.721150074397330809e-01
3.721156715697681028e-01
3.721837527916665445e-01
3.721816031638690014e-01
3.721314951787264014e-01
3.721322937740401682e-01
3.721684144177982989e-01
3.721677609875715942e-01
3.721677609875715942e-01
3.721677609875715942e-01
3.721677609875715942e-01
3.721677609875715942e-01
3.721677609875715942e-01
3.721677609875715942e-01
3.721677609875715942e-01
3.721677609875715942e-01
3.721677609875715942e-01
3.721677609875715942e-01
3.721677609875715942e-01
3.721677609875715942e-01
3.721677609875715942e-01
3.721677609875715942e-01
3.721677609875715942e-01
3.721677609875715942e-01
3.721677609875715942e-01
3.721677609875715942e-01
3.721677609875715942e-01
3.721677609875715942e-01
3.721677609875715942e-01
3.721677609875715942e-01
3.721677609875715942e-01
3.721677609875715942e-01
3.721677609875715942e-01
3.721677609875715942e-01
3.721677609875715942e-01
3.721677609875715942e-01
3.721677609875715942e-01
3.721677609875715942e-01
3.721677609875715942e-01
3.721677609875715942e-01
3.721677609875715942e-01
3.721677609875715942e-01
3.721677609875715942e-01
3.721677609875715942e-01
3.721677609875715942e-01
3.721677609875715942e-01
3.721677609875715942e-01
3.721677609875715942e-01
3.721677609875715942e-01
3.721677609875715942e-01
3.721677609875715942e-01
3.721677609875715942e-01
3.721677609875715942e-01
3.721677609875715942e-01
3.721677609875715942e-01
3.721677609875715942e-01
3.721677609875715942e-01
3.721677609875715942e-01
3.721677609875715942e-01
3.721677609875715942e-01
3.721677609875715942e-01
3.721677609875715942e-01
3.721677609875715942e-01
3.721677609875715942e-01
3.721677609875715942e-01
3.721677609875715942e-01
3.721677609875715942e-01
3.721677609875715942e-01
3.721677609875715942e-01
3.721677609875715942e-01
3.721677609875715942e-01
3.721680875981027148e-01
3.721399813319009042e-01
3.721391978496153552e-01
3.721825554729090713e-01
3.721846836880313703e-01
3.721211038251727166e-01
3.721205609248897650e-01
3.722181678914206482e-01
3.722237141427984786e-01
3.720847251886253426e-01
3.720852509427006183e-01
3.723030077449159814e-01
3.723198296595529033e-01
3.720131282971644304e-01
3.720186629859698613e-01
3.725209973297011201e-01
3.725760104894141889e-01
3.718672484095716380e-01
3.718915166322482868e-01
3.731371521216270137e-01
3.733353703875611496e-01
3.715716824908494309e-01
3.717137608209453714e-01
3.752957546835372082e-01
3.757999675566673359e-01
3.698141119752335615e-01
3.696494098918094440e-01
3.821106914605246763e-01
3.830963930835606379e-01
3.370085340854509504e-01
3.056345615871884358e-01
3.787692624878234438e-01
