3.677020694362245212e-01
2.866125396646974077e-01
3.461128975113256234e-01
3.916356877638427769e-01
3.789552505886163436e-01
3.589737823286689999e-01
3.638609707449106390e-01
3.738338044546763994e-01
3.711424152586689784e-01
3.653456462758261636e-01
3.660020524553965759e-01
3.693561385664967944e-01
3.688717473443500761e-01
3.667477129552330073e-01
3.668963854834765836e-01
3.681803557723029030e-01
3.680501289613289928e-01
3.671911990285330885e-01
3.672332456048854610e-01
3.677804295639332532e-01
3.677402402960124883e-01
3.673591335840500904e-01
3.673754515922471042e-01
3.676354521022548449e-01
3.676206772440380743e-01
3.674319109152783258e-01
3.674389159149760720e-01
3.675720468646471728e-01
3.675660368049136206e-01
3.674686943260311867e-01
3.674718794600287941e-01
3.675420185488963987e-01
3.675399909955482936e-01
3.675399909955483491e-01
3.675399909955483491e-01
3.675399909955482936e-01
3.675399909955482936e-01
3.675399909955483491e-01
3.675399909955483491e-01
3.675399909955482936e-01
3.675399909955482936e-01
3.675399909955483491e-01
3.675399909955483491e-01
3.675399909955482936e-01
3.675399909955482936e-01
3.675399909955483491e-01
3.675399909955483491e-01
3.675399909955482936e-01
3.675399909955482936e-01
3.675399909955483491e-01
3.675399909955483491e-01
3.675399909955482936e-01
3.675399909955482936e-01
3.675399909955483491e-01
3.675399909955483491e-01
3.675399909955482936e-01
3.675399909955482936e-01
3.675399909955483491e-01
3.675399909955483491e-01
3.675399909955482936e-01
3.675399909955482936e-01
3.675399909955483491e-01
3.675399909955483491e-01
3.675399909955482936e-01
3.675399909955482936e-01
3.675399909955483491e-01
3.675399909955483491e-01
3.675399909955482936e-01
3.675399909955482936e-01
3.675399909955483491e-01
3.675399909955483491e-01
3.675399909955482936e-01
3.675399909955482936e-01
3.675399909955483491e-01
3.675399909955483491e-01
3.675399909955482936e-01
3.675399909955482936e-01
3.675399909955483491e-01
3.675399909955483491e-01
3.675399909955482936e-01
3.675399909955482936e-01
3.675399909955483491e-01
3.675399909955483491e-01
3.675399909955482936e-01
3.675399909955482936e-01
3.675399909955483491e-01
3.675399909955483491e-01
3.675399909955482936e-01
3.675399909955482936e-01
3.675399909955483491e-01
3.675399909955483491e-01
3.675399909955482936e-01
3.675399909955482936e-01
3.675399909955483491e-01
3.675399909955483491e-01
3.675399909955482936e-01
3.675412316899726028e-01
3.674876679302636062e-01
3.674850263137522943e-01
3.675683706440608933e-01
3.675739530934606369e-01
3.674503168346054949e-01
3.674436616216713025e-01
3.676312332234993874e-01
3.676469793192791435e-01
3.673752282650072365e-01
3.673583369774124363e-01
3.677740617328812411e-01
3.678199168495927540e-01
3.672165239487226174e-01
3.671715188173909628e-01
3.681260125706201647e-01
3.682737439078472286e-01
3.668590329367716896e-01
3.667002469932614250e-01
3.690284352164885373e-01
3.695633486807207158e-01
3.659362693131039679e-01
3.652429798284739793e-01
3.714671271045826284e-01
3.743585872951325499e-01
3.638496070442635566e-01
3.588064663676038268e-01
3.794488560165433788e-01
3.926427489778126501e-01
3.457916013031335223e-01
2.855199765604370943e-01
3.666110007128666748e-01
