1.416048242893403197e-01
1.132620461736963818e-01
9.888594674515807648e-02
8.975946829560609019e-02
8.367576751131615420e-02
7.935131511828318052e-02
7.624631811719025098e-02
7.393532545182528171e-02
7.223527942588360562e-02
7.096339390427769400e-02
7.010004356367946499e-02
6.948077689878695562e-02
6.905221246494445964e-02
6.876822759109017802e-02
6.859275640901713045e-02
6.849770480460452837e-02
6.846118949128109088e-02
6.846619460960413905e-02
6.849957232247759487e-02
6.855127270676340812e-02
6.861373469887407928e-02
6.868139132112051348e-02
6.875026762069307018e-02
6.881764030108047936e-02
6.888148462761825574e-02
6.894030921771683584e-02
6.899320462678615318e-02
6.903973541076754983e-02
6.907982561226777563e-02
6.911365311263099886e-02
6.914160053689043239e-02
6.916415795561486890e-02
6.918188779729342319e-02
6.918188779729342319e-02
6.918188779729342319e-02
6.918188779729342319e-02
6.918188779729342319e-02
6.918188779729342319e-02
6.918188779729342319e-02
6.918188779729342319e-02
6.918188779729342319e-02
6.918188779729342319e-02
6.918188779729342319e-02
6.918188779729342319e-02
6.918188779729342319e-02
6.918188779729342319e-02
6.918188779729342319e-02
6.918188779729342319e-02
6.918188779729342319e-02
6.918188779729342319e-02
6.918188779729342319e-02
6.918188779729342319e-02
6.918188779729342319e-02
6.918188779729342319e-02
6.918188779729342319e-02
6.918188779729342319e-02
6.918188779729342319e-02
6.918188779729342319e-02
6.918188779729342319e-02
6.918188779729342319e-02
6.918188779729342319e-02
6.918188779729342319e-02
6.918188779729342319e-02
6.918188779729342319e-02
6.918188779729342319e-02
6.918188779729342319e-02
6.918188779729342319e-02
6.918188779729342319e-02
6.918188779729342319e-02
6.918188779729342319e-02
6.918188779729342319e-02
6.918188779729342319e-02
6.918188779729342319e-02
6.918188779729342319e-02
6.918188779729342319e-02
6.918188779729342319e-02
6.918188779729342319e-02
6.918188779729342319e-02
6.918188779729342319e-02
6.918188779729342319e-02
6.918188779729342319e-02
6.918188779729342319e-02
6.918188779729342319e-02
6.918188779729342319e-02
6.918188779729342319e-02
6.918188779729342319e-02
6.918188779729342319e-02
6.918188779729342319e-02
6.918188779729342319e-02
6.918188779729342319e-02
6.918188779729342319e-02
6.918188779729342319e-02
6.918188779729342319e-02
6.918188779729342319e-02
6.918188779729342319e-02
6.918188779729342319e-02
6.916922355598106864e-02
6.915185299064584290e-02
6.912895226440665675e-02
6.909975792480431422e-02
6.906360866421812350e-02
6.902003508177635693e-02
6.896883900950906421e-02
6.891019731145653360e-02
6.884481239875589464e-02
6.877407285589809405e-02
6.870024658096249293e-02
6.862672775152392490e-02
6.855830438844180696e-02
6.850150698360785162e-02
6.846500311553400941e-02
6.846008287559740557e-02
6.850126106618265043e-02
6.860703630068659686e-02
6.880089888744372884e-02
6.911266317898066835e-02
6.958030539749711363e-02
7.025201486109280968e-02
7.118361585313352780e-02
7.254304327189702029e-02
7.435247655563066715e-02
7.680104411121935204e-02
8.007750395990051451e-02
8.462268351863286298e-02
9.099111577355306624e-02
1.005155354309768961e-01
1.154628140197278552e-01
1.448814898750775126e-01
