1.125947842877086380e-01
1.030647207379024877e-01
1.001583885681431030e-01
9.921777279654317439e-02
9.890747092067941892e-02
9.880445811145802115e-02
9.877018885991999120e-02
9.875878058660136904e-02
9.875498188476639072e-02
9.875371690517784073e-02
9.875329565260182463e-02
9.875315536963544250e-02
9.875310865336547894e-02
9.875309309616661646e-02
9.875308791539560982e-02
9.875308619012568290e-02
9.875308561558690523e-02
9.875308542425773051e-02
9.875308536054255848e-02
9.875308533932458666e-02
9.875308533225873875e-02
9.875308532990571819e-02
9.875308532912213666e-02
9.875308532886120649e-02
9.875308532877430379e-02
9.875308532874536860e-02
9.875308532873572354e-02
9.875308532873253164e-02
9.875308532873144918e-02
9.875308532873108835e-02
9.875308532873097733e-02
9.875308532873094958e-02
9.875308532873092182e-02
9.875308532873092182e-02
9.875308532873092182e-02
9.875308532873092182e-02
9.875308532873092182e-02
9.875308532873092182e-02
9.875308532873092182e-02
9.875308532873092182e-02
9.875308532873092182e-02
9.875308532873092182e-02
9.875308532873092182e-02
9.875308532873092182e-02
9.875308532873092182e-02
9.875308532873092182e-02
9.875308532873092182e-02
9.875308532873092182e-02
9.875308532873092182e-02
9.875308532873092182e-02
9.875308532873092182e-02
9.875308532873092182e-02
9.875308532873092182e-02
9.875308532873092182e-02
9.875308532873092182e-02
9.875308532873092182e-02
9.875308532873092182e-02
9.875308532873092182e-02
9.875308532873092182e-02
9.875308532873092182e-02
9.875308532873092182e-02
9.875308532873092182e-02
9.875308532873092182e-02
9.875308532873092182e-02
9.875308532873092182e-02
9.875308532873092182e-02
9.875308532873092182e-02
9.875308532873092182e-02
9.875308532873092182e-02
9.875308532873092182e-02
9.875308532873092182e-02
9.875308532873092182e-02
9.875308532873092182e-02
9.875308532873092182e-02
9.875308532873092182e-02
9.875308532873092182e-02
9.875308532873092182e-02
9.875308532873092182e-02
9.875308532873092182e-02
9.875308532873092182e-02
9.875308532873092182e-02
9.875308532873092182e-02
9.875308532873092182e-02
9.875308532873092182e-02
9.875308532873092182e-02
9.875308532873092182e-02
9.875308532873092182e-02
9.875308532873092182e-02
9.875308532873092182e-02
9.875308532873092182e-02
9.875308532873092182e-02
9.875308532873092182e-02
9.875308532873092182e-02
9.875308532873092182e-02
9.875308532873092182e-02
9.875308532873092182e-02
9.875308532873093570e-02
9.875308532873096345e-02
9.875308532873108835e-02
9.875308532873144918e-02
9.875308532873253164e-02
9.875308532873573741e-02
9.875308532874536860e-02
9.875308532877430379e-02
9.875308532886120649e-02
9.875308532912215054e-02
9.875308532990573207e-02
9.875308533225873875e-02
9.875308533932460053e-02
9.875308536054255848e-02
9.875308542425773051e-02
9.875308561558690523e-02
9.875308619012568290e-02
9.875308791539560982e-02
9.875309309616661646e-02
9.875310865336547894e-02
9.875315536963544250e-02
9.875329565260182463e-02
9.875371690517784073e-02
9.875498188476639072e-02
9.875878058660136904e-02
9.877018885991999120e-02
9.880445811145802115e-02
9.890747092067941892e-02
9.921777279654317439e-02
1.001583885681431030e-01
1.030647207379024877e-01
1.125947842877086380e-01
