1.582573901618382906e-01
1.095056004207041883e-01
8.751873263848222728e-02
7.847118596799472490e-02
7.579664439152822286e-02
7.609406961218950771e-02
7.771886648200695968e-02
7.997739733454092836e-02
8.242310787895192059e-02
8.459444081757691580e-02
8.615238278937313587e-02
8.700341311297082880e-02
8.724936739158410670e-02
8.707549300715022866e-02
8.667590351692927575e-02
8.621102008475292622e-02
8.579190632800208494e-02
8.548080461573616395e-02
8.529913031546935975e-02
8.523816995953149844e-02
8.527034614884074215e-02
8.535972240995055860e-02
8.547075548222131391e-02
8.557449467870840987e-02
8.565192910493467371e-02
8.569473213838686709e-02
8.570388434836127833e-02
8.568688352302573918e-02
8.565440864776777130e-02
8.561725809947291765e-02
8.558415726140462809e-02
8.556059381594045832e-02
8.554865317695362070e-02
8.554865317695362070e-02
8.554865317695362070e-02
8.554865317695362070e-02
8.554865317695362070e-02
8.554865317695362070e-02
8.554865317695362070e-02
8.554865317695362070e-02
8.554865317695362070e-02
8.554865317695362070e-02
8.554865317695362070e-02
8.554865317695362070e-02
8.554865317695362070e-02
8.554865317695362070e-02
8.554865317695362070e-02
8.554865317695362070e-02
8.554865317695362070e-02
8.554865317695362070e-02
8.554865317695362070e-02
8.554865317695362070e-02
8.554865317695362070e-02
8.554865317695362070e-02
8.554865317695362070e-02
8.554865317695362070e-02
8.554865317695362070e-02
8.554865317695362070e-02
8.554865317695362070e-02
8.554865317695362070e-02
8.554865317695362070e-02
8.554865317695362070e-02
8.554865317695362070e-02
8.554865317695362070e-02
8.554865317695362070e-02
8.554865317695362070e-02
8.554865317695362070e-02
8.554865317695362070e-02
8.554865317695362070e-02
8.554865317695362070e-02
8.554865317695362070e-02
8.554865317695362070e-02
8.554865317695362070e-02
8.554865317695362070e-02
8.554865317695362070e-02
8.554865317695362070e-02
8.554865317695362070e-02
8.554865317695362070e-02
8.554865317695362070e-02
8.554865317695362070e-02
8.554865317695362070e-02
8.554865317695362070e-02
8.554865317695362070e-02
8.554865317695362070e-02
8.554865317695362070e-02
8.554865317695362070e-02
8.554865317695362070e-02
8.554865317695362070e-02
8.554865317695362070e-02
8.554865317695362070e-02
8.554865317695362070e-02
8.554865317695362070e-02
8.554865317695362070e-02
8.554865317695362070e-02
8.554865317695362070e-02
8.554865317695362070e-02
8.555696389511037447e-02
8.557470346454754129e-02
8.560126897101134891e-02
8.563269129129245927e-02
8.566139275374591577e-02
8.567694648495176313e-02
8.566805172495482734e-02
8.562565085518952790e-02
8.554683693316096627e-02
8.543867823235737347e-02
8.532071424264434101e-02
8.522471171031603676e-02
8.519078978171272520e-02
8.525981700167871435e-02
8.546297309392773822e-02
8.580981515588480268e-02
8.627607206809859153e-02
8.679236670693184219e-02
8.723607835243177289e-02
8.743149142509962224e-02
8.716802336943400842e-02
8.624834648998726261e-02
8.457066954453439089e-02
8.224656819418678377e-02
7.964733779820948323e-02
7.726877948575795740e-02
7.558431099560064537e-02
7.530191617956409622e-02
7.806039032841276260e-02
8.723658156375194150e-02
1.093638186901184361e-01
1.581661205944860649e-01
