2.858177809981015359e-04
1.877906733726354184e-04
1.312078385840039873e-04
9.790994827273708108e-05
7.781809087809051363e-05
6.529446068083159175e-05
5.713815199550877034e-05
5.152219180887936611e-05
4.742111553904814240e-05
4.427854465848948476e-05
4.179718623666348076e-05
3.980667619595737309e-05
3.819706341132678119e-05
3.688418186304600656e-05
3.580454778893611722e-05
3.491027053576826279e-05
3.416467084752482231e-05
3.353935612801795663e-05
3.301198542812568202e-05
3.256477270500796539e-05
3.218353631554789391e-05
3.185683784100107406e-05
3.157540599300451652e-05
3.133185600560400754e-05
3.112023986625482921e-05
3.093576361322821307e-05
3.077457638724038634e-05
3.063351426337030802e-05
3.050996987940260218e-05
3.040172812313846900e-05
3.030686189854320896e-05
3.022370816003882031e-05
3.015079599214939892e-05
3.015079599214938875e-05
3.015079599214939892e-05
3.015079599214939892e-05
3.015079599214939892e-05
3.015079599214938875e-05
3.015079599214939892e-05
3.015079599214939892e-05
3.015079599214939892e-05
3.015079599214938875e-05
3.015079599214939892e-05
3.015079599214939892e-05
3.015079599214939892e-05
3.015079599214938875e-05
3.015079599214939892e-05
3.015079599214939892e-05
3.015079599214939892e-05
3.015079599214938875e-05
3.015079599214939892e-05
3.015079599214939892e-05
3.015079599214939892e-05
3.015079599214938875e-05
3.015079599214939892e-05
3.015079599214939892e-05
3.015079599214939892e-05
3.015079599214938875e-05
3.015079599214939892e-05
3.015079599214939892e-05
3.015079599214939892e-05
3.015079599214938875e-05
3.015079599214939892e-05
3.015079599214939892e-05
3.015079599214939892e-05
3.015079599214938875e-05
3.015079599214939892e-05
3.015079599214939892e-05
3.015079599214939892e-05
3.015079599214938875e-05
3.015079599214939892e-05
3.015079599214939892e-05
3.015079599214939892e-05
3.015079599214938875e-05
3.015079599214939892e-05
3.015079599214939892e-05
3.015079599214939892e-05
3.015079599214938875e-05
3.015079599214939892e-05
3.015079599214939892e-05
3.015079599214939892e-05
3.015079599214938875e-05
3.015079599214939892e-05
3.015079599214939892e-05
3.015079599214939892e-05
3.015079599214938875e-05
3.015079599214939892e-05
3.015079599214939892e-05
3.015079599214939892e-05
3.015079599214938875e-05
3.015079599214939892e-05
3.015079599214939892e-05
3.015079599214939892e-05
3.015079599214938875e-05
3.015079599214939892e-05
3.015079599214939892e-05
3.020353894669218790e-05
3.026819086670467281e-05
3.034649262989716560e-05
3.044044447665227122e-05
3.055239338467894566e-05
3.068511222999544045e-05
3.084187191449868200e-05
3.102655949562388687e-05
3.124383651900361492e-05
3.149931380271587920e-05
3.179970996425880833e-05
3.215315850103701791e-05
3.256966518312052566e-05
3.306142740186697774e-05
3.364358256185360488e-05
3.433501685246143184e-05
3.515957281659362366e-05
3.614760256589955918e-05
3.733833151242204728e-05
3.878310133078907398e-05
4.055008069192794182e-05
4.272988984992209756e-05
4.544107759145640666e-05
4.886707357499003174e-05
5.332598349353602957e-05
5.941076830510547862e-05
6.821434191151164368e-05
8.169090807542451907e-05
1.032820714345800985e-04
1.390901995768970803e-04
2.001092936299584193e-04
3.063379850852893864e-04
