1.182362781797974272e-01
1.106227273737396821e-01
1.088820639615550728e-01
1.084648826393744964e-01
1.083637713101377742e-01
1.083391987187104777e-01
1.083332230358467763e-01
1.083317696085265569e-01
1.083314160871839960e-01
1.083313300984259653e-01
1.083313091829223029e-01
1.083313040955345974e-01
1.083313028581035231e-01
1.083313025571171623e-01
1.083313024839068495e-01
1.083313024660995799e-01
1.083313024617682530e-01
1.083313024607147207e-01
1.083313024604584673e-01
1.083313024603961422e-01
1.083313024603809738e-01
1.083313024603772823e-01
1.083313024603763941e-01
1.083313024603761721e-01
1.083313024603761443e-01
1.083313024603761165e-01
1.083313024603761165e-01
1.083313024603761165e-01
1.083313024603761165e-01
1.083313024603761165e-01
1.083313024603761165e-01
1.083313024603761165e-01
1.083313024603761165e-01
1.083313024603761165e-01
1.083313024603761165e-01
1.083313024603761165e-01
1.083313024603761165e-01
1.083313024603761165e-01
1.083313024603761165e-01
1.083313024603761165e-01
1.083313024603761165e-01
1.083313024603761165e-01
1.083313024603761165e-01
1.083313024603761165e-01
1.083313024603761165e-01
1.083313024603761165e-01
1.083313024603761165e-01
1.083313024603761165e-01
1.083313024603761165e-01
1.083313024603761165e-01
1.083313024603761165e-01
1.083313024603761165e-01
1.083313024603761165e-01
1.083313024603761165e-01
1.083313024603761165e-01
1.083313024603761165e-01
1.083313024603761165e-01
1.083313024603761165e-01
1.083313024603761165e-01
1.083313024603761165e-01
1.083313024603761165e-01
1.083313024603761165e-01
1.083313024603761165e-01
1.083313024603761165e-01
1.083313024603761165e-01
1.083313024603761165e-01
1.083313024603761165e-01
1.083313024603761165e-01
1.083313024603761165e-01
1.083313024603761165e-01
1.083313024603761165e-01
1.083313024603761165e-01
1.083313024603761165e-01
1.083313024603761165e-01
1.083313024603761165e-01
1.083313024603761165e-01
1.083313024603761165e-01
1.083313024603761165e-01
1.083313024603761165e-01
1.083313024603761165e-01
1.083313024603761165e-01
1.083313024603761165e-01
1.083313024603761165e-01
1.083313024603761165e-01
1.083313024603761165e-01
1.083313024603761165e-01
1.083313024603761165e-01
1.083313024603761165e-01
1.083313024603761165e-01
1.083313024603761165e-01
1.083313024603761165e-01
1.083313024603761165e-01
1.083313024603761165e-01
1.083313024603761165e-01
1.083313024603761165e-01
1.083313024603761165e-01
1.083313024603761165e-01
1.083313024603761165e-01
1.083313024603761165e-01
1.083313024603761165e-01
1.083313024603761165e-01
1.083313024603761165e-01
1.083313024603761165e-01
1.083313024603761443e-01
1.083313024603761721e-01
1.083313024603763941e-01
1.083313024603772823e-01
1.083313024603809738e-01
1.083313024603961422e-01
1.083313024604584673e-01
1.083313024607147068e-01
1.083313024617682530e-01
1.083313024660995799e-01
1.083313024839068495e-01
1.083313025571171623e-01
1.083313028581035231e-01
1.083313040955345974e-01
1.083313091829223029e-01
1.083313300984259653e-01
1.083314160871839821e-01
1.083317696085265430e-01
1.083332230358467763e-01
1.083391987187104777e-01
1.083637713101377742e-01
1.084648826393744964e-01
1.088820639615550728e-01
1.106227273737396821e-01
1.182362781797974272e-01
