4.057683418788747276e-01
3.847822572723460510e-01
3.831538425244617740e-01
3.830223884850860183e-01
3.830117433630816359e-01
3.830108811034959038e-01
3.830108112587034541e-01
3.830108056011277129e-01
3.830108051428524618e-01
3.830108051057312668e-01
3.830108051027243388e-01
3.830108051024808113e-01
3.830108051024611049e-01
3.830108051024594396e-01
3.830108051024594396e-01
3.830108051024594396e-01
3.830108051024594396e-01
3.830108051024594396e-01
3.830108051024594396e-01
3.830108051024594396e-01
3.830108051024594396e-01
3.830108051024594396e-01
3.830108051024594396e-01
3.830108051024594396e-01
3.830108051024594396e-01
3.830108051024594396e-01
3.830108051024594396e-01
3.830108051024594396e-01
3.830108051024594396e-01
3.830108051024594396e-01
3.830108051024594396e-01
3.830108051024594396e-01
3.830108051024594396e-01
3.830108051024594396e-01
3.830108051024594396e-01
3.830108051024594396e-01
3.830108051024594396e-01
3.830108051024594396e-01
3.830108051024594396e-01
3.830108051024594396e-01
3.830108051024594396e-01
3.830108051024594396e-01
3.830108051024594396e-01
3.830108051024594396e-01
3.830108051024594396e-01
3.830108051024594396e-01
3.830108051024594396e-01
3.830108051024594396e-01
3.830108051024594396e-01
3.830108051024594396e-01
3.830108051024594396e-01
3.830108051024594396e-01
3.830108051024594396e-01
3.830108051024594396e-01
3.830108051024594396e-01
3.830108051024594396e-01
3.830108051024594396e-01
3.830108051024594396e-01
3.830108051024594396e-01
3.830108051024594396e-01
3.830108051024594396e-01
3.830108051024594396e-01
3.830108051024594396e-01
3.830108051024594396e-01
3.830108051024594396e-01
3.830108051024594396e-01
3.830108051024594396e-01
3.830108051024594396e-01
3.830108051024594396e-01
3.830108051024594396e-01
3.830108051024594396e-01
3.830108051024594396e-01
3.830108051024594396e-01
3.830108051024594396e-01
3.830108051024594396e-01
3.830108051024594396e-01
3.830108051024594396e-01
3.830108051024594396e-01
3.830108051024594396e-01
3.830108051024594396e-01
3.830108051024594396e-01
3.830108051024594396e-01
3.830108051024594396e-01
3.830108051024594396e-01
3.830108051024594396e-01
3.830108051024594396e-01
3.830108051024594396e-01
3.830108051024594396e-01
3.830108051024594396e-01
3.830108051024594396e-01
3.830108051024594396e-01
3.830108051024594396e-01
3.830108051024594396e-01
3.830108051024594396e-01
3.830108051024594396e-01
3.830108051024594396e-01
3.830108051024594396e-01
3.830108051024594396e-01
3.830108051024594396e-01
3.830108051024594396e-01
3.830108051024594396e-01
3.830108051024594396e-01
3.830108051024594396e-01
3.830108051024594396e-01
3.830108051024594396e-01
3.830108051024594396e-01
3.830108051024594396e-01
3.830108051024594396e-01
3.830108051024594396e-01
3.830108051024594396e-01
3.830108051024594396e-01
3.830108051024594396e-01
3.830108051024594396e-01
3.830108051024594396e-01
3.830108051024594396e-01
3.830108051024611049e-01
3.830108051024808113e-01
3.830108051027243388e-01
3.830108051057312668e-01
3.830108051428524618e-01
3.830108056011277129e-01
3.830108112587034541e-01
3.830108811034959038e-01
3.830117433630816359e-01
3.830223884850860183e-01
3.831538425244617740e-01
3.847822572723460510e-01
4.057683418788747276e-01
