8.959108856481508287e-02
7.505535255892178959e-02
6.926890875312244344e-02
6.654626152467245370e-02
6.504379218512144900e-02
6.469206228825109817e-02
6.500340405815419054e-02
6.566025303376978040e-02
6.648180254021124336e-02
6.722530476532462274e-02
6.777668285625937372e-02
6.812116485987869396e-02
6.828108342579766732e-02
6.830285536282870718e-02
6.823937415034384002e-02
6.813789335057360286e-02
6.803398271230931549e-02
6.794994297092685209e-02
6.789598266642411784e-02
6.787285382158898817e-02
6.787505105918199833e-02
6.789395650055135567e-02
6.792049383871176516e-02
6.794695538900034915e-02
6.796795528941519671e-02
6.798075046248758246e-02
6.798506562560065192e-02
6.798244162549378633e-02
6.797538186064701338e-02
6.796657500426295240e-02
6.795830432567401269e-02
6.795210066150786377e-02
6.794865208440395432e-02
6.794865208440395432e-02
6.794865208440395432e-02
6.794865208440395432e-02
6.794865208440395432e-02
6.794865208440395432e-02
6.794865208440395432e-02
6.794865208440395432e-02
6.794865208440395432e-02
6.794865208440395432e-02
6.794865208440395432e-02
6.794865208440395432e-02
6.794865208440395432e-02
6.794865208440395432e-02
6.794865208440395432e-02
6.794865208440395432e-02
6.794865208440395432e-02
6.794865208440395432e-02
6.794865208440395432e-02
6.794865208440395432e-02
6.794865208440395432e-02
6.794865208440395432e-02
6.794865208440395432e-02
6.794865208440395432e-02
6.794865208440395432e-02
6.794865208440395432e-02
6.794865208440395432e-02
6.794865208440395432e-02
6.794865208440395432e-02
6.794865208440395432e-02
6.794865208440395432e-02
6.794865208440395432e-02
6.794865208440395432e-02
6.794865208440395432e-02
6.794865208440395432e-02
6.794865208440395432e-02
6.794865208440395432e-02
6.794865208440395432e-02
6.794865208440395432e-02
6.794865208440395432e-02
6.794865208440395432e-02
6.794865208440395432e-02
6.794865208440395432e-02
6.794865208440395432e-02
6.794865208440395432e-02
6.794865208440395432e-02
6.794865208440395432e-02
6.794865208440395432e-02
6.794865208440395432e-02
6.794865208440395432e-02
6.794865208440395432e-02
6.794865208440395432e-02
6.794865208440395432e-02
6.794865208440395432e-02
6.794865208440395432e-02
6.794865208440395432e-02
6.794865208440395432e-02
6.794865208440395432e-02
6.794865208440395432e-02
6.794865208440395432e-02
6.794865208440395432e-02
6.794865208440395432e-02
6.794865208440395432e-02
6.794865208440395432e-02
6.795111791139228641e-02
6.795589314569877581e-02
6.796265745257397406e-02
6.797023050368246333e-02
6.797655777414193801e-02
6.797897760270413259e-02
6.797477981706648298e-02
6.796203954410150183e-02
6.794058963652202521e-02
6.791291360499437935e-02
6.788463577718380215e-02
6.786428943053406104e-02
6.786213099991279807e-02
6.788792033463778020e-02
6.794785954001997252e-02
6.804106500191388351e-02
6.815610711379600783e-02
6.826830793957831822e-02
6.833872506455496154e-02
6.831622799669714863e-02
6.814443390396186795e-02
6.777514284644037268e-02
6.718741805015450430e-02
6.640155020478938352e-02
6.554060630738720028e-02
6.485639714888928598e-02
6.453754429323278752e-02
6.490794932234730807e-02
6.645444493161833943e-02
6.924510256423750676e-02
7.512589244534217947e-02
8.977097156365496100e-02
