9.665166022258264711e-02
8.531679140697773223e-02
7.909272971191944057e-02
7.613189744280310367e-02
7.457862452558400301e-02
7.420258351967724819e-02
7.445738719437226816e-02
7.500563774693351504e-02
7.567652346411662956e-02
7.626121485504006037e-02
7.674565477888065090e-02
7.705024888449100995e-02
7.719577483930117889e-02
7.722073628675632517e-02
7.717005556072133177e-02
7.708467553293431307e-02
7.699591046754039603e-02
7.692366433186782759e-02
7.687725002696017829e-02
7.685758177417045811e-02
7.685999049624848978e-02
7.687700266574758190e-02
7.690068070831006242e-02
7.692428115137156519e-02
7.694303841779116804e-02
7.695451253974279482e-02
7.695844588463007785e-02
7.695618802923694102e-02
7.694995807437889079e-02
7.694214798276180489e-02
7.693479768372739336e-02
7.692927924237374926e-02
7.692621113479038153e-02
7.692621113479038153e-02
7.692621113479038153e-02
7.692621113479038153e-02
7.692621113479038153e-02
7.692621113479038153e-02
7.692621113479038153e-02
7.692621113479038153e-02
7.692621113479038153e-02
7.692621113479038153e-02
7.692621113479038153e-02
7.692621113479038153e-02
7.692621113479038153e-02
7.692621113479038153e-02
7.692621113479038153e-02
7.692621113479038153e-02
7.692621113479038153e-02
7.692621113479038153e-02
7.692621113479038153e-02
7.692621113479038153e-02
7.692621113479038153e-02
7.692621113479038153e-02
7.692621113479038153e-02
7.692621113479038153e-02
7.692621113479038153e-02
7.692621113479038153e-02
7.692621113479038153e-02
7.692621113479038153e-02
7.692621113479038153e-02
7.692621113479038153e-02
7.692621113479038153e-02
7.692621113479038153e-02
7.692621113479038153e-02
7.692621113479038153e-02
7.692621113479038153e-02
7.692621113479038153e-02
7.692621113479038153e-02
7.692621113479038153e-02
7.692621113479038153e-02
7.692621113479038153e-02
7.692621113479038153e-02
7.692621113479038153e-02
7.692621113479038153e-02
7.692621113479038153e-02
7.692621113479038153e-02
7.692621113479038153e-02
7.692621113479038153e-02
7.692621113479038153e-02
7.692621113479038153e-02
7.692621113479038153e-02
7.692621113479038153e-02
7.692621113479038153e-02
7.692621113479038153e-02
7.692621113479038153e-02
7.692621113479038153e-02
7.692621113479038153e-02
7.692621113479038153e-02
7.692621113479038153e-02
7.692621113479038153e-02
7.692621113479038153e-02
7.692621113479038153e-02
7.692621113479038153e-02
7.692621113479038153e-02
7.692621113479038153e-02
7.692837947409206234e-02
7.693258747325339153e-02
7.693855132027770105e-02
7.694522278726778630e-02
7.695077600097295634e-02
7.695284817018716028e-02
7.694903745504501347e-02
7.693764138570287348e-02
7.691851490091154708e-02
7.689385082588821863e-02
7.686859666345804976e-02
7.685025270243894813e-02
7.684780329671647703e-02
7.686975100727050370e-02
7.692139409370572778e-02
7.700167943281993610e-02
7.710017771751194460e-02
7.719480285033519795e-02
7.725120277025471216e-02
7.722497096417507700e-02
7.706814195876508788e-02
7.674070766192413184e-02
7.622326002014506718e-02
7.559991202601987204e-02
7.489257162624976538e-02
7.431954267567765504e-02
7.406041633924215217e-02
7.445677208154950766e-02
7.605775327150479659e-02
7.909136888671389198e-02
8.540739823191265123e-02
9.685703921667265792e-02
