4.359857554844507876e-01
3.228013290436805294e-01
4.423065227439990088e-01
5.328374166764552333e-01
5.739098736788738053e-01
5.712101739939445810e-01
5.755937028411816092e-01
5.698149759911690371e-01
5.688205440348720332e-01
5.648666001953226434e-01
5.710580334118009471e-01
5.782731030644453485e-01
5.790900304071348037e-01
5.761849712698041692e-01
5.768646891941879851e-01
5.785707360346608041e-01
5.803489865358486544e-01
5.804593135086544287e-01
5.801897727186129394e-01
5.803801083984928555e-01
5.807323612905960220e-01
5.808580525122325477e-01
5.811919559217852971e-01
5.814197082869894118e-01
5.813120992884313054e-01
5.811081281996722803e-01
5.811303143986558117e-01
5.813143383414702825e-01
5.814582682837469152e-01
5.814502777925295574e-01
5.813892814755384775e-01
5.813499863092894682e-01
5.813442647111402017e-01
5.813442647111403128e-01
5.813442647111402017e-01
5.813442647111402017e-01
5.813442647111402017e-01
5.813442647111403128e-01
5.813442647111402017e-01
5.813442647111402017e-01
5.813442647111402017e-01
5.813442647111403128e-01
5.813442647111402017e-01
5.813442647111402017e-01
5.813442647111402017e-01
5.813442647111403128e-01
5.813442647111402017e-01
5.813442647111402017e-01
5.813442647111402017e-01
5.813442647111403128e-01
5.813442647111402017e-01
5.813442647111402017e-01
5.813442647111402017e-01
5.813442647111403128e-01
5.813442647111402017e-01
5.813442647111402017e-01
5.813442647111402017e-01
5.813442647111403128e-01
5.813442647111402017e-01
5.813442647111402017e-01
5.813442647111402017e-01
5.813442647111403128e-01
5.813442647111402017e-01
5.813442647111402017e-01
5.813442647111402017e-01
5.813442647111403128e-01
5.813442647111402017e-01
5.813442647111402017e-01
5.813442647111402017e-01
5.813442647111403128e-01
5.813442647111402017e-01
5.813442647111402017e-01
5.813442647111402017e-01
5.813442647111403128e-01
5.813442647111402017e-01
5.813442647111402017e-01
5.813442647111402017e-01
5.813442647111403128e-01
5.813442647111402017e-01
5.813442647111402017e-01
5.813442647111402017e-01
5.813442647111403128e-01
5.813442647111402017e-01
5.813442647111402017e-01
5.813442647111402017e-01
5.813442647111403128e-01
5.813442647111402017e-01
5.813442647111402017e-01
5.813442647111402017e-01
5.813442647111403128e-01
5.813442647111402017e-01
5.813442647111402017e-01
5.813442647111402017e-01
5.813442647111403128e-01
5.813442647111402017e-01
5.813442647111402017e-01
5.813580461198262217e-01
5.814036271521058064e-01
5.814456787505063451e-01
5.814235997447586568e-01
5.812819585705337744e-01
5.811315015361374625e-01
5.811309505149647725e-01
5.813126671964642389e-01
5.813753445124258956e-01
5.811058133733020270e-01
5.807404319597401221e-01
5.806066321821843346e-01
5.801959406424975763e-01
5.799570300852597837e-01
5.801831158894272811e-01
5.799497883482579441e-01
5.779926995400950229e-01
5.762556848781384966e-01
5.756372836480632138e-01
5.788494764268360404e-01
5.776672419291224436e-01
5.700096455704344311e-01
5.635831388695794475e-01
5.680808933570584696e-01
5.692876794003424168e-01
5.757377407876878017e-01
5.705085219802784602e-01
5.737375776601633115e-01
5.324402259077046784e-01
4.414307741626051773e-01
3.213164443876729282e-01
4.340002033187724262e-01
