2.686268408690996035e-01
1.926951653494989591e-01
1.710661717607378507e-01
1.731816729580058500e-01
1.867407641706710086e-01
2.017539186924341699e-01
2.109059501058452302e-01
2.130943364861376810e-01
2.113299258717386275e-01
2.086991618538631965e-01
2.068384588252572542e-01
2.061235728586430505e-01
2.062330384399482797e-01
2.066520459789591424e-01
2.070014062136981969e-01
2.071433734639725188e-01
2.071176393333171162e-01
2.070253081319074762e-01
2.069464901433706872e-01
2.069126963408413344e-01
2.069170858545015812e-01
2.069376822989351383e-01
2.069559015997140261e-01
2.069639103677441416e-01
2.069629470453670239e-01
2.069580575742769879e-01
2.069536621972442314e-01
2.069516940859842946e-01
2.069519061916718916e-01
2.069530950392863555e-01
2.069541780222877436e-01
2.069546686757245402e-01
2.069546186332711646e-01
2.069543225890921323e-01
2.069540506193928153e-01
2.069539263701271892e-01
2.069539385095710005e-01
2.069540134097726247e-01
2.069540826473171002e-01
2.069541144598371074e-01
2.069541114249033587e-01
2.069540922230440616e-01
2.069540743969355279e-01
2.069540661741433307e-01
2.069540669489982054e-01
2.069540719232315640e-01
2.069540765547710215e-01
2.069540786967539459e-01
2.069540784954420620e-01
2.069540771956767944e-01
2.069540759830519050e-01
2.069540754212980949e-01
2.069540754743263156e-01
2.069540758165892835e-01
2.069540761365016857e-01
2.069540762850630433e-01
2.069540762710035120e-01
2.069540761796802575e-01
2.069540760934241719e-01
2.069540760524531675e-01
2.069540760559751835e-01
2.069540760828752768e-01
2.069540761114297689e-01
2.069540761283188424e-01
2.069540761283188424e-01
2.069540761114297689e-01
2.069540760828752768e-01
2.069540760559751835e-01
2.069540760524531675e-01
2.069540760934241719e-01
2.069540761796802575e-01
2.069540762710035120e-01
2.069540762850630433e-01
2.069540761365016857e-01
2.069540758165892835e-01
2.069540754743263711e-01
2.069540754212980949e-01
2.069540759830519605e-01
2.069540771956768221e-01
2.069540784954420620e-01
2.069540786967539459e-01
2.069540765547710215e-01
2.069540719232315640e-01
2.069540669489982054e-01
2.069540661741433585e-01
2.069540743969355279e-01
2.069540922230440894e-01
2.069541114249033587e-01
2.069541144598371074e-01
2.069540826473170725e-01
2.069540134097726525e-01
2.069539385095710005e-01
2.069539263701271892e-01
2.069540506193928431e-01
2.069543225890921601e-01
2.069546186332711923e-01
2.069546686757245957e-01
2.069541780222877436e-01
2.069530950392863555e-01
2.069519061916719194e-01
2.069516940859842946e-01
2.069536621972442036e-01
2.069580575742770157e-01
2.069629470453670239e-01
2.069639103677441416e-01
2.069559015997140261e-01
2.069376822989351383e-01
2.069170858545015812e-01
2.069126963408413344e-01
2.069464901433706872e-01
2.070253081319074762e-01
2.071176393333171162e-01
2.071433734639725466e-01
2.070014062136981692e-01
2.066520459789591979e-01
2.062330384399482519e-01
2.061235728586430782e-01
2.068384588252572820e-01
2.086991618538631965e-01
2.113299258717385998e-01
2.130943364861377087e-01
2.109059501058452302e-01
2.017539186924341976e-01
1.867407641706710086e-01
1.731816729580058500e-01
1.710661717607378784e-01
1.926951653494989591e-01
2.686268408690996590e-01
