2.711372355687484692e-01
1.790570559799409822e-01
1.469486582013971587e-01
1.415553418304082989e-01
1.486028527663446897e-01
1.605489575948338687e-01
1.736498130764400905e-01
1.860076457722260879e-01
1.956295360128035010e-01
2.006589146942726054e-01
2.007608782336768594e-01
1.972450448413375357e-01
1.920288062692901143e-01
1.867901085202696709e-01
1.826204407371377625e-01
1.800175370001475261e-01
1.790245948074718763e-01
1.793853625384350392e-01
1.806748450890483526e-01
1.824077176154652036e-01
1.841306785815497171e-01
1.854958365004647503e-01
1.863048310594964951e-01
1.865169371816990662e-01
1.862237485617002364e-01
1.856013203096752995e-01
1.848540563538134951e-01
1.841649707232324573e-01
1.836620572320396549e-01
1.834050924948132932e-01
1.833899816357369150e-01
1.835646687331291549e-01
1.838506145648410861e-01
1.838506145648411139e-01
1.838506145648410861e-01
1.838506145648411139e-01
1.838506145648410861e-01
1.838506145648411139e-01
1.838506145648410861e-01
1.838506145648411139e-01
1.838506145648410861e-01
1.838506145648411139e-01
1.838506145648410861e-01
1.838506145648411139e-01
1.838506145648410861e-01
1.838506145648411139e-01
1.838506145648410861e-01
1.838506145648411139e-01
1.838506145648410861e-01
1.838506145648411139e-01
1.838506145648410861e-01
1.838506145648411139e-01
1.838506145648410861e-01
1.838506145648411139e-01
1.838506145648410861e-01
1.838506145648411139e-01
1.838506145648410861e-01
1.838506145648411139e-01
1.838506145648410861e-01
1.838506145648411139e-01
1.838506145648410861e-01
1.838506145648411139e-01
1.838506145648410861e-01
1.838506145648411139e-01
1.838506145648410861e-01
1.838506145648411139e-01
1.838506145648410861e-01
1.838506145648411139e-01
1.838506145648410861e-01
1.838506145648411139e-01
1.838506145648410861e-01
1.838506145648411139e-01
1.838506145648410861e-01
1.838506145648411139e-01
1.838506145648410861e-01
1.838506145648411139e-01
1.838506145648410861e-01
1.838506145648411139e-01
1.838506145648410861e-01
1.838506145648411139e-01
1.838506145648410861e-01
1.838506145648411139e-01
1.838506145648410861e-01
1.838506145648411139e-01
1.838506145648410861e-01
1.838506145648411139e-01
1.838506145648410861e-01
1.838506145648411139e-01
1.838506145648410861e-01
1.838506145648411139e-01
1.838506145648410861e-01
1.838506145648411139e-01
1.838506145648410861e-01
1.838506145648411139e-01
1.838506145648410861e-01
1.838506145648411139e-01
1.836511767181244481e-01
1.835191832397262413e-01
1.835313645400156179e-01
1.837498258591321598e-01
1.841971245012553604e-01
1.848345118253635344e-01
1.855506790974552345e-01
1.861668844174146631e-01
1.864658055859302888e-01
1.862439283697666093e-01
1.853798294209623165e-01
1.838990701701242458e-01
1.820114787524251820e-01
1.801029319755642344e-01
1.786800476092358647e-01
1.782820510886885257e-01
1.793761680002555481e-01
1.822403753778212288e-01
1.868232348849019619e-01
1.925748517925435221e-01
1.982932734261073082e-01
2.021370948120492228e-01
2.020261392732904948e-01
1.965885537852465059e-01
1.862669362814354246e-01
1.731390165777585699e-01
1.594121316597728599e-01
1.471139525291274841e-01
1.399761910830880640e-01
1.453787981321221501e-01
1.773399819992958482e-01
2.685660932000605294e-01
