1.639596361428525273e-01
1.621193264793257538e-01
1.604980666027819858e-01
1.591581822820345993e-01
1.581066916408806478e-01
1.573079300788542134e-01
1.567052186390043289e-01
1.562416157769130620e-01
1.558727138203296336e-01
1.555698458555330177e-01
1.553166955040898856e-01
1.551037154398416940e-01
1.549244608962289382e-01
1.547732420737044645e-01
1.546453008667229290e-01
1.545367412742483237e-01
1.544443608937046131e-01
1.543655219561330116e-01
1.542980323025147926e-01
1.542400670722901268e-01
1.541901076308306584e-01
1.541468848417945625e-01
1.541093459445904701e-01
1.540766270655724024e-01
1.540480190445283615e-01
1.540229423009568110e-01
1.540009271043440986e-01
1.539815799301449406e-01
1.539645727311078627e-01
1.539496234930038399e-01
1.539364838529349022e-01
1.539249372691744167e-01
1.539147901929249218e-01
1.539147901929249218e-01
1.539147901929249218e-01
1.539147901929249218e-01
1.539147901929249218e-01
1.539147901929249218e-01
1.539147901929249218e-01
1.539147901929249218e-01
1.539147901929249218e-01
1.539147901929249218e-01
1.539147901929249218e-01
1.539147901929249218e-01
1.539147901929249218e-01
1.539147901929249218e-01
1.539147901929249218e-01
1.539147901929249218e-01
1.539147901929249218e-01
1.539147901929249218e-01
1.539147901929249218e-01
1.539147901929249218e-01
1.539147901929249218e-01
1.539147901929249218e-01
1.539147901929249218e-01
1.539147901929249218e-01
1.539147901929249218e-01
1.539147901929249218e-01
1.539147901929249218e-01
1.539147901929249218e-01
1.539147901929249218e-01
1.539147901929249218e-01
1.539147901929249218e-01
1.539147901929249218e-01
1.539147901929249218e-01
1.539147901929249218e-01
1.539147901929249218e-01
1.539147901929249218e-01
1.539147901929249218e-01
1.539147901929249218e-01
1.539147901929249218e-01
1.539147901929249218e-01
1.539147901929249218e-01
1.539147901929249218e-01
1.539147901929249218e-01
1.539147901929249218e-01
1.539147901929249218e-01
1.539147901929249218e-01
1.539147901929249218e-01
1.539147901929249218e-01
1.539147901929249218e-01
1.539147901929249218e-01
1.539147901929249218e-01
1.539147901929249218e-01
1.539147901929249218e-01
1.539147901929249218e-01
1.539147901929249218e-01
1.539147901929249218e-01
1.539147901929249218e-01
1.539147901929249218e-01
1.539147901929249218e-01
1.539147901929249218e-01
1.539147901929249218e-01
1.539147901929249218e-01
1.539147901929249218e-01
1.539147901929249218e-01
1.539221324713465067e-01
1.539311174679527383e-01
1.539419772912864470e-01
1.539549758424346160e-01
1.539704194160544937e-01
1.539886655760218659e-01
1.540101303163845803e-01
1.540353005278961018e-01
1.540647482956165049e-01
1.540991470484104897e-01
1.541392878460453586e-01
1.541861046158925497e-01
1.542407049068785785e-01
1.543043992881810988e-01
1.543787505083182854e-01
1.544656216916377445e-01
1.545672465891618219e-01
1.546863154202569035e-01
1.548260786752958251e-01
1.549904857484916132e-01
1.551843456700094381e-01
1.554133926533197707e-01
1.556840855456464445e-01
1.560059952495174707e-01
1.563954103360045977e-01
1.568808803844896627e-01
1.575065147871281268e-01
1.583286682435721127e-01
1.594030448180481507e-01
1.607639235870068073e-01
1.624025948682055742e-01
1.642688529332764213e-01
