1.146029043665088287e-01
9.341919891819394639e-02
8.227780083137058165e-02
7.495961260232869572e-02
6.989316900836059498e-02
6.612846076392450700e-02
6.327772771728364110e-02
6.101530430733020927e-02
5.921645549018354771e-02
5.773749176377203363e-02
5.661091952425793827e-02
5.567972522973646532e-02
5.491080653037044845e-02
5.427240439540138850e-02
5.373944595800694835e-02
5.329224556221424242e-02
5.291526740820508279e-02
5.259607879093131100e-02
5.232470675052057485e-02
5.209299724376053459e-02
5.189425685740042815e-02
5.172296383729883817e-02
5.157449765125210472e-02
5.144498221751570011e-02
5.133161459803653459e-02
5.123232888056026418e-02
5.114534555701188284e-02
5.106910721074120474e-02
5.100225575998706268e-02
5.094362698423821750e-02
5.089217840457123387e-02
5.084702625403694776e-02
5.080740337297773995e-02
5.080740337297773301e-02
5.080740337297773995e-02
5.080740337297773301e-02
5.080740337297773995e-02
5.080740337297773301e-02
5.080740337297773995e-02
5.080740337297773301e-02
5.080740337297773995e-02
5.080740337297773301e-02
5.080740337297773995e-02
5.080740337297773301e-02
5.080740337297773995e-02
5.080740337297773301e-02
5.080740337297773995e-02
5.080740337297773301e-02
5.080740337297773995e-02
5.080740337297773301e-02
5.080740337297773995e-02
5.080740337297773301e-02
5.080740337297773995e-02
5.080740337297773301e-02
5.080740337297773995e-02
5.080740337297773301e-02
5.080740337297773995e-02
5.080740337297773301e-02
5.080740337297773995e-02
5.080740337297773301e-02
5.080740337297773995e-02
5.080740337297773301e-02
5.080740337297773995e-02
5.080740337297773301e-02
5.080740337297773995e-02
5.080740337297773301e-02
5.080740337297773995e-02
5.080740337297773301e-02
5.080740337297773995e-02
5.080740337297773301e-02
5.080740337297773995e-02
5.080740337297773301e-02
5.080740337297773995e-02
5.080740337297773301e-02
5.080740337297773995e-02
5.080740337297773301e-02
5.080740337297773995e-02
5.080740337297773301e-02
5.080740337297773995e-02
5.080740337297773301e-02
5.080740337297773995e-02
5.080740337297773301e-02
5.080740337297773995e-02
5.080740337297773301e-02
5.080740337297773995e-02
5.080740337297773301e-02
5.080740337297773995e-02
5.080740337297773301e-02
5.080740337297773995e-02
5.080740337297773301e-02
5.080740337297773995e-02
5.080740337297773301e-02
5.080740337297773995e-02
5.080740337297773301e-02
5.080740337297773995e-02
5.080740337297773301e-02
5.083569326053129223e-02
5.087042122824890489e-02
5.091250050507188651e-02
5.096297549182782216e-02
5.102307841759468054e-02
5.109423350795669339e-02
5.117811726047243048e-02
5.127672081221220507e-02
5.139238843510876564e-02
5.152790524087140500e-02
5.168659312462268313e-02
5.187240964978437341e-02
5.209013776180267813e-02
5.234552147827398888e-02
5.264554817242964035e-02
5.299874003763339891e-02
5.341558804229057378e-02
5.390909784455693438e-02
5.449558650316847774e-02
5.519566672892439740e-02
5.603568551299872857e-02
5.704888815120927326e-02
5.827039368128350549e-02
5.986119287504629988e-02
6.179050611918363023e-02
6.420881030709135739e-02
6.724653237046487875e-02
7.124559548621617333e-02
7.660949080151294166e-02
8.433852466125180136e-02
9.606935021108964357e-02
1.183590108574963801e-01
