4.998347558225571530e-01
4.996795091684839707e-01
6.991841313002713498e-01
6.994933192502338359e-01
5.500951316991193885e-01
5.498430703265048125e-01
6.261713534551438531e-01
6.264698616901389627e-01
5.648646425989538589e-01
5.646466021256764112e-01
6.028610714777132840e-01
6.030656133716880696e-01
5.753600519799324520e-01
5.751995564199424704e-01
5.948497672055625962e-01
5.949903196540589079e-01
5.806455627946276454e-01
5.805337953252796002e-01
5.909846340529234521e-01
5.910792421599115887e-01
5.832978804733517375e-01
5.832213109031739728e-01
5.890746743487860204e-01
5.891395964102779104e-01
5.846301826090428699e-01
5.845763735464081234e-01
5.880508819285192867e-01
5.880961318417115002e-01
5.854112264207405048e-01
5.853739694460555754e-01
5.874452627929188653e-01
5.874761889840651730e-01
5.858752631534629440e-01
5.858752631534629440e-01
5.858752631534629440e-01
5.858752631534629440e-01
5.858752631534629440e-01
5.858752631534629440e-01
5.858752631534629440e-01
5.858752631534629440e-01
5.858752631534629440e-01
5.858752631534629440e-01
5.858752631534629440e-01
5.858752631534629440e-01
5.858752631534629440e-01
5.858752631534629440e-01
5.858752631534629440e-01
5.858752631534629440e-01
5.858752631534629440e-01
5.858752631534629440e-01
5.858752631534629440e-01
5.858752631534629440e-01
5.858752631534629440e-01
5.858752631534629440e-01
5.858752631534629440e-01
5.858752631534629440e-01
5.858752631534629440e-01
5.858752631534629440e-01
5.858752631534629440e-01
5.858752631534629440e-01
5.858752631534629440e-01
5.858752631534629440e-01
5.858752631534629440e-01
5.858752631534629440e-01
5.858752631534629440e-01
5.858752631534629440e-01
5.858752631534629440e-01
5.858752631534629440e-01
5.858752631534629440e-01
5.858752631534629440e-01
5.858752631534629440e-01
5.858752631534629440e-01
5.858752631534629440e-01
5.858752631534629440e-01
5.858752631534629440e-01
5.858752631534629440e-01
5.858752631534629440e-01
5.858752631534629440e-01
5.858752631534629440e-01
5.858752631534629440e-01
5.858752631534629440e-01
5.858752631534629440e-01
5.858752631534629440e-01
5.858752631534629440e-01
5.858752631534629440e-01
5.858752631534629440e-01
5.858752631534629440e-01
5.858752631534629440e-01
5.858752631534629440e-01
5.858752631534629440e-01
5.858752631534629440e-01
5.858752631534629440e-01
5.858752631534629440e-01
5.858752631534629440e-01
5.858752631534629440e-01
5.858752631534629440e-01
5.870169474878245142e-01
5.869931778723130877e-01
5.852991818571494642e-01
5.853312846633257349e-01
5.877465291081418464e-01
5.877042765465462226e-01
5.843511837089844230e-01
5.844046722208977585e-01
5.890107034559748378e-01
5.889426976812598413e-01
5.826854649684427567e-01
5.827684879351943126e-01
5.912930092487088674e-01
5.911887060271303618e-01
5.796551762148584030e-01
5.797783523606983014e-01
5.955908623440201444e-01
5.954361079416945479e-01
5.739418669564539943e-01
5.741161467488963277e-01
6.041298374337036314e-01
6.039088650389919932e-01
5.630064032113526462e-01
5.632371804971973983e-01
6.280533092429392283e-01
6.277396324427865215e-01
5.480016678783591333e-01
5.482612721275805789e-01
7.014381588874215590e-01
7.011204629491896156e-01
4.983570439478241521e-01
4.985126098405205930e-01
