1.665232581157129466e-01
1.646917335266477878e-01
1.632052153265655947e-01
1.621251550208695769e-01
1.613983769297751003e-01
1.609131297014338435e-01
1.605618594491841078e-01
1.602766202575782173e-01
1.600296374534326826e-01
1.598150024486102994e-01
1.596316264231758542e-01
1.594766172687991923e-01
1.593453931613809660e-01
1.592340533093354604e-01
1.591393935710556928e-01
1.590587424925917759e-01
1.589898722007164200e-01
1.589309185373099509e-01
1.588803153939565838e-01
1.588367373478414835e-01
1.587990650269535675e-01
1.587663545786179298e-01
1.587378203231644691e-01
1.587128213120116427e-01
1.586908480243693076e-01
1.586714981718159723e-01
1.586544489402198777e-01
1.586394348064709969e-01
1.586262235740859561e-01
1.586146071303061733e-01
1.586043995615613322e-01
1.585954297746992037e-01
1.585875469716097053e-01
1.585875469716097053e-01
1.585875469716097053e-01
1.585875469716097053e-01
1.585875469716097053e-01
1.585875469716097053e-01
1.585875469716097053e-01
1.585875469716097053e-01
1.585875469716097053e-01
1.585875469716097053e-01
1.585875469716097053e-01
1.585875469716097053e-01
1.585875469716097053e-01
1.585875469716097053e-01
1.585875469716097053e-01
1.585875469716097053e-01
1.585875469716097053e-01
1.585875469716097053e-01
1.585875469716097053e-01
1.585875469716097053e-01
1.585875469716097053e-01
1.585875469716097053e-01
1.585875469716097053e-01
1.585875469716097053e-01
1.585875469716097053e-01
1.585875469716097053e-01
1.585875469716097053e-01
1.585875469716097053e-01
1.585875469716097053e-01
1.585875469716097053e-01
1.585875469716097053e-01
1.585875469716097053e-01
1.585875469716097053e-01
1.585875469716097053e-01
1.585875469716097053e-01
1.585875469716097053e-01
1.585875469716097053e-01
1.585875469716097053e-01
1.585875469716097053e-01
1.585875469716097053e-01
1.585875469716097053e-01
1.585875469716097053e-01
1.585875469716097053e-01
1.585875469716097053e-01
1.585875469716097053e-01
1.585875469716097053e-01
1.585875469716097053e-01
1.585875469716097053e-01
1.585875469716097053e-01
1.585875469716097053e-01
1.585875469716097053e-01
1.585875469716097053e-01
1.585875469716097053e-01
1.585875469716097053e-01
1.585875469716097053e-01
1.585875469716097053e-01
1.585875469716097053e-01
1.585875469716097053e-01
1.585875469716097053e-01
1.585875469716097053e-01
1.585875469716097053e-01
1.585875469716097053e-01
1.585875469716097053e-01
1.585875469716097053e-01
1.585930430413355352e-01
1.585998146495180838e-01
1.586080345838292160e-01
1.586179014428216183e-01
1.586296451820481956e-01
1.586435308406277112e-01
1.586598733011300166e-01
1.586790355578341916e-01
1.587014453779767020e-01
1.587276046774673544e-01
1.587581007928488552e-01
1.587936270355533308e-01
1.588349997200406150e-01
1.588831808707618087e-01
1.589393085436958120e-01
1.590047330346150978e-01
1.590810572617111507e-01
1.591701888907491869e-01
1.592744063677757893e-01
1.593964337329430436e-01
1.595395247694052498e-01
1.597076258665965920e-01
1.599053742692873592e-01
1.601356925187042146e-01
1.603997185509256074e-01
1.607034403382032184e-01
1.610746789787297628e-01
1.615812194621000231e-01
1.623299506410216253e-01
1.634311961327817309e-01
1.649359062738140758e-01
1.667952569088420600e-01
