5.897974931429910139e-01
5.895771829157717692e-01
9.609907236881143344e-01
9.614889920522243782e-01
7.540121963671437832e-01
7.535575792318622845e-01
9.124702738907488619e-01
9.129728708960662686e-01
8.203831246160533386e-01
8.200259599272149424e-01
8.865138937558588728e-01
8.868731634387437834e-01
8.380024968784909323e-01
8.377187965626039512e-01
8.726559040350715390e-01
8.729069507094497915e-01
8.472606068846296745e-01
8.470607042461734126e-01
8.658094325355940590e-01
8.659796010193170357e-01
8.519737863762107954e-01
8.518358429818653210e-01
8.624094078588866452e-01
8.625269540057205475e-01
8.543526425825023196e-01
8.542549559752630195e-01
8.605758261957252575e-01
8.606582720665766351e-01
8.557640645350258479e-01
8.556960916241395099e-01
8.594780473439003199e-01
8.595345479370504194e-01
8.566111010284326310e-01
8.566111010284326310e-01
8.566111010284326310e-01
8.566111010284326310e-01
8.566111010284326310e-01
8.566111010284326310e-01
8.566111010284326310e-01
8.566111010284326310e-01
8.566111010284326310e-01
8.566111010284326310e-01
8.566111010284326310e-01
8.566111010284326310e-01
8.566111010284326310e-01
8.566111010284326310e-01
8.566111010284326310e-01
8.566111010284326310e-01
8.566111010284326310e-01
8.566111010284326310e-01
8.566111010284326310e-01
8.566111010284326310e-01
8.566111010284326310e-01
8.566111010284326310e-01
8.566111010284326310e-01
8.566111010284326310e-01
8.566111010284326310e-01
8.566111010284326310e-01
8.566111010284326310e-01
8.566111010284326310e-01
8.566111010284326310e-01
8.566111010284326310e-01
8.566111010284326310e-01
8.566111010284326310e-01
8.566111010284326310e-01
8.566111010284326310e-01
8.566111010284326310e-01
8.566111010284326310e-01
8.566111010284326310e-01
8.566111010284326310e-01
8.566111010284326310e-01
8.566111010284326310e-01
8.566111010284326310e-01
8.566111010284326310e-01
8.566111010284326310e-01
8.566111010284326310e-01
8.566111010284326310e-01
8.566111010284326310e-01
8.566111010284326310e-01
8.566111010284326310e-01
8.566111010284326310e-01
8.566111010284326310e-01
8.566111010284326310e-01
8.566111010284326310e-01
8.566111010284326310e-01
8.566111010284326310e-01
8.566111010284326310e-01
8.566111010284326310e-01
8.566111010284326310e-01
8.566111010284326310e-01
8.566111010284326310e-01
8.566111010284326310e-01
8.566111010284326310e-01
8.566111010284326310e-01
8.566111010284326310e-01
8.566111010284326310e-01
8.586584287523454373e-01
8.586156518993914855e-01
8.555610068317809347e-01
8.556189591681875317e-01
8.599840520499213437e-01
8.599076422208232762e-01
8.538451921996211835e-01
8.539418526430460066e-01
8.622686070214181653e-01
8.621456434634352517e-01
8.508465057385489194e-01
8.509962098890496707e-01
8.663717743556224038e-01
8.661836451110066504e-01
8.454317620569395952e-01
8.456527647487764865e-01
8.740290090783517929e-01
8.737514512904148711e-01
8.353803936194048596e-01
8.356896705192018437e-01
8.888791122671892975e-01
8.884889356553401507e-01
8.169430202346188441e-01
8.173241660625920613e-01
9.160513202073903294e-01
9.155194638304370303e-01
7.502851646164599986e-01
7.507521727599463235e-01
9.648251528844514757e-01
9.643118876881220380e-01
5.876726586596477953e-01
5.878930849532744141e-01
