1.084584697766692446e-01
9.801614632692373652e-02
9.435194092565860058e-02
9.297958539955493429e-02
9.245292905792225346e-02
9.224892324564397394e-02
9.216961332153425501e-02
9.213873716874199093e-02
9.212671020980921222e-02
9.212202444407752155e-02
9.212019869546714257e-02
9.211948729352241461e-02
9.211921009289709972e-02
9.211910208012549783e-02
9.211905999230277087e-02
9.211904359253314523e-02
9.211903720226952141e-02
9.211903471226885742e-02
9.211903374202748407e-02
9.211903336396834452e-02
9.211903321665596001e-02
9.211903315925509816e-02
9.211903313688862838e-02
9.211903312817346090e-02
9.211903312477756622e-02
9.211903312345436079e-02
9.211903312293875934e-02
9.211903312273786448e-02
9.211903312265956600e-02
9.211903312262909038e-02
9.211903312261718324e-02
9.211903312261254806e-02
9.211903312261074395e-02
9.211903312261005006e-02
9.211903312260977250e-02
9.211903312260967536e-02
9.211903312260960597e-02
9.211903312260959209e-02
9.211903312260959209e-02
9.211903312260959209e-02
9.211903312260959209e-02
9.211903312260959209e-02
9.211903312260959209e-02
9.211903312260959209e-02
9.211903312260959209e-02
9.211903312260959209e-02
9.211903312260959209e-02
9.211903312260959209e-02
9.211903312260959209e-02
9.211903312260959209e-02
9.211903312260959209e-02
9.211903312260959209e-02
9.211903312260959209e-02
9.211903312260959209e-02
9.211903312260959209e-02
9.211903312260959209e-02
9.211903312260959209e-02
9.211903312260959209e-02
9.211903312260959209e-02
9.211903312260959209e-02
9.211903312260959209e-02
9.211903312260959209e-02
9.211903312260959209e-02
9.211903312260959209e-02
9.211903312260959209e-02
9.211903312260959209e-02
9.211903312260959209e-02
9.211903312260959209e-02
9.211903312260959209e-02
9.211903312260959209e-02
9.211903312260959209e-02
9.211903312260959209e-02
9.211903312260959209e-02
9.211903312260959209e-02
9.211903312260959209e-02
9.211903312260959209e-02
9.211903312260959209e-02
9.211903312260959209e-02
9.211903312260959209e-02
9.211903312260959209e-02
9.211903312260959209e-02
9.211903312260959209e-02
9.211903312260959209e-02
9.211903312260959209e-02
9.211903312260959209e-02
9.211903312260959209e-02
9.211903312260959209e-02
9.211903312260959209e-02
9.211903312260959209e-02
9.211903312260959209e-02
9.211903312260960597e-02
9.211903312260960597e-02
9.211903312260967536e-02
9.211903312260977250e-02
9.211903312261003618e-02
9.211903312261074395e-02
9.211903312261254806e-02
9.211903312261718324e-02
9.211903312262907650e-02
9.211903312265956600e-02
9.211903312273786448e-02
9.211903312293874546e-02
9.211903312345434691e-02
9.211903312477756622e-02
9.211903312817346090e-02
9.211903313688862838e-02
9.211903315925509816e-02
9.211903321665596001e-02
9.211903336396834452e-02
9.211903374202748407e-02
9.211903471226885742e-02
9.211903720226952141e-02
9.211904359253314523e-02
9.211905999230274311e-02
9.211910208012549783e-02
9.211921009289708584e-02
9.211948729352240073e-02
9.212019869546714257e-02
9.212202444407752155e-02
9.212671020980919834e-02
9.213873716874199093e-02
9.216961332153425501e-02
9.224892324564397394e-02
9.245292905792225346e-02
9.297958539955493429e-02
9.435194092565860058e-02
9.801614632692372264e-02
1.084584697766692446e-01
