2.914400322122308595e-01
2.364088354789563307e-01
2.192175008905353495e-01
2.131332341664013419e-01
2.108953203197239945e-01
2.100651388511547424e-01
2.097580614862637194e-01
2.096453351676728638e-01
2.096043622441142451e-01
2.095896402382547430e-01
2.095844192279449347e-01
2.095825951771789208e-01
2.095819689672743513e-01
2.095817584595560668e-01
2.095816895278715952e-01
2.095816677188256927e-01
2.095816611433036769e-01
2.095816593031029629e-01
2.095816588534107627e-01
2.095816587757093341e-01
2.095816587804250064e-01
2.095816587945869558e-01
2.095816588043523943e-01
2.095816588095830435e-01
2.095816588120839041e-01
2.095816588132015656e-01
2.095816588136786840e-01
2.095816588138749714e-01
2.095816588139534642e-01
2.095816588139841619e-01
2.095816588139957914e-01
2.095816588140002046e-01
2.095816588140018422e-01
2.095816588140023140e-01
2.095816588140025361e-01
2.095816588140025638e-01
2.095816588140026193e-01
2.095816588140026471e-01
2.095816588140026471e-01
2.095816588140026471e-01
2.095816588140026471e-01
2.095816588140026471e-01
2.095816588140026471e-01
2.095816588140026471e-01
2.095816588140026471e-01
2.095816588140026471e-01
2.095816588140026471e-01
2.095816588140026471e-01
2.095816588140026471e-01
2.095816588140026471e-01
2.095816588140026471e-01
2.095816588140026471e-01
2.095816588140026471e-01
2.095816588140026471e-01
2.095816588140026471e-01
2.095816588140026471e-01
2.095816588140026471e-01
2.095816588140026471e-01
2.095816588140026471e-01
2.095816588140026471e-01
2.095816588140026471e-01
2.095816588140026471e-01
2.095816588140026471e-01
2.095816588140026471e-01
2.095816588140026471e-01
2.095816588140026471e-01
2.095816588140026471e-01
2.095816588140026471e-01
2.095816588140026471e-01
2.095816588140026471e-01
2.095816588140026471e-01
2.095816588140026471e-01
2.095816588140026471e-01
2.095816588140026471e-01
2.095816588140026471e-01
2.095816588140026471e-01
2.095816588140026471e-01
2.095816588140026471e-01
2.095816588140026471e-01
2.095816588140026471e-01
2.095816588140026471e-01
2.095816588140026471e-01
2.095816588140026471e-01
2.095816588140026471e-01
2.095816588140026471e-01
2.095816588140026471e-01
2.095816588140026471e-01
2.095816588140026471e-01
2.095816588140026471e-01
2.095816588140026471e-01
2.095816588140026471e-01
2.095816588140026471e-01
2.095816588140025638e-01
2.095816588140025361e-01
2.095816588140023140e-01
2.095816588140018422e-01
2.095816588140002046e-01
2.095816588139957914e-01
2.095816588139841619e-01
2.095816588139534919e-01
2.095816588138749714e-01
2.095816588136787118e-01
2.095816588132015379e-01
2.095816588120839041e-01
2.095816588095830435e-01
2.095816588043524498e-01
2.095816587945869558e-01
2.095816587804250064e-01
2.095816587757093341e-01
2.095816588534107905e-01
2.095816593031029629e-01
2.095816611433036769e-01
2.095816677188257204e-01
2.095816895278715952e-01
2.095817584595560668e-01
2.095819689672743513e-01
2.095825951771789486e-01
2.095844192279449625e-01
2.095896402382547430e-01
2.096043622441142451e-01
2.096453351676728638e-01
2.097580614862637194e-01
2.100651388511547146e-01
2.108953203197240223e-01
2.131332341664013419e-01
2.192175008905353495e-01
2.364088354789563307e-01
2.914400322122308595e-01
