3.122491845972049651e-01
2.198832319767022869e-01
1.890073471931741356e-01
1.836493235213769448e-01
1.911875791713548156e-01
2.049336090087417739e-01
2.199249878349751053e-01
2.324221804646164347e-01
2.404386278646967190e-01
2.438843315999463524e-01
2.439434569261789143e-01
2.421718755618235963e-01
2.398618826703475537e-01
2.378143800069970615e-01
2.363794450587633766e-01
2.355968444118402838e-01
2.353388192457864514e-01
2.354189211191705655e-01
2.356610561457061770e-01
2.359340457170164274e-01
2.361605265761905215e-01
2.363097840933864879e-01
2.363832477834615087e-01
2.363992422533263971e-01
2.363808691962707431e-01
2.363484142459773008e-01
2.363159549318692709e-01
2.362909984614219028e-01
2.362758131360301328e-01
2.362693500601090735e-01
2.362690338566926229e-01
2.362720699926726120e-01
2.362761927341884005e-01
2.362799420914210025e-01
2.362826254440841545e-01
2.362841197153146000e-01
2.362846341522016613e-01
2.362845069221551075e-01
2.362840667849933074e-01
2.362835614715909638e-01
2.362831382105777533e-01
2.362828565764098776e-01
2.362827156087090319e-01
2.362826822748142208e-01
2.362827140686990512e-01
2.362827732572711781e-01
2.362828333771668510e-01
2.362828800952878616e-01
2.362829088634698094e-01
2.362829214050302939e-01
2.362829223903972209e-01
2.362829169821966391e-01
2.362829094118149564e-01
2.362829024354641261e-01
2.362828973853926817e-01
2.362828945269694336e-01
2.362828934965376382e-01
2.362828936811031677e-01
2.362828944788615826e-01
2.362828954351286759e-01
2.362828962790868015e-01
2.362828968974706456e-01
2.362828972790786131e-01
2.362828974556929473e-01
2.362828974556929473e-01
2.362828972790786131e-01
2.362828968974706456e-01
2.362828962790868015e-01
2.362828954351286759e-01
2.362828944788615826e-01
2.362828936811031677e-01
2.362828934965376382e-01
2.362828945269694336e-01
2.362828973853927095e-01
2.362829024354642093e-01
2.362829094118149564e-01
2.362829169821966391e-01
2.362829223903972764e-01
2.362829214050303495e-01
2.362829088634698094e-01
2.362828800952878616e-01
2.362828333771667955e-01
2.362827732572711781e-01
2.362827140686990235e-01
2.362826822748141653e-01
2.362827156087090041e-01
2.362828565764098776e-01
2.362831382105777533e-01
2.362835614715909638e-01
2.362840667849933074e-01
2.362845069221551075e-01
2.362846341522016613e-01
2.362841197153146000e-01
2.362826254440841545e-01
2.362799420914209192e-01
2.362761927341884005e-01
2.362720699926725287e-01
2.362690338566926229e-01
2.362693500601089625e-01
2.362758131360301328e-01
2.362909984614217918e-01
2.363159549318692709e-01
2.363484142459772730e-01
2.363808691962707431e-01
2.363992422533263138e-01
2.363832477834615087e-01
2.363097840933864879e-01
2.361605265761905215e-01
2.359340457170163996e-01
2.356610561457061215e-01
2.354189211191705655e-01
2.353388192457864514e-01
2.355968444118402838e-01
2.363794450587633489e-01
2.378143800069970615e-01
2.398618826703475537e-01
2.421718755618235963e-01
2.439434569261789143e-01
2.438843315999463524e-01
2.404386278646966912e-01
2.324221804646163791e-01
2.199249878349751053e-01
2.049336090087417739e-01
1.911875791713548156e-01
1.836493235213769448e-01
1.890073471931740523e-01
2.198832319767022869e-01
3.122491845972049651e-01
