9.709080034712148921e-02
8.025204561718216056e-02
7.418619802532193386e-02
7.360675960004937901e-02
7.500332196270198537e-02
7.700713673889685029e-02
7.878106890196455436e-02
7.963909390734361105e-02
7.964574511676983382e-02
7.927110025309792862e-02
7.889610104923740208e-02
7.870875123102855087e-02
7.872989541519363754e-02
7.887073401417245277e-02
7.901553489981598399e-02
7.908916846584129745e-02
7.908022226678379507e-02
7.902250834934604340e-02
7.896154061768824450e-02
7.892854561422575632e-02
7.893057936070221881e-02
7.895510696491704616e-02
7.898234834807629778e-02
7.899731632590795138e-02
7.899581957900871088e-02
7.898333407571250797e-02
7.896939226467969419e-02
7.896156066579008981e-02
7.896212841694756623e-02
7.896841838831929195e-02
7.897554386350001676e-02
7.897954022931577556e-02
7.897916531791375483e-02
7.897916531791375483e-02
7.897916531791376871e-02
7.897916531791375483e-02
7.897916531791375483e-02
7.897916531791375483e-02
7.897916531791376871e-02
7.897916531791375483e-02
7.897916531791375483e-02
7.897916531791375483e-02
7.897916531791376871e-02
7.897916531791375483e-02
7.897916531791375483e-02
7.897916531791375483e-02
7.897916531791376871e-02
7.897916531791375483e-02
7.897916531791375483e-02
7.897916531791375483e-02
7.897916531791376871e-02
7.897916531791375483e-02
7.897916531791375483e-02
7.897916531791375483e-02
7.897916531791376871e-02
7.897916531791375483e-02
7.897916531791375483e-02
7.897916531791375483e-02
7.897916531791376871e-02
7.897916531791375483e-02
7.897916531791375483e-02
7.897916531791375483e-02
7.897916531791376871e-02
7.897916531791375483e-02
7.897916531791375483e-02
7.897916531791375483e-02
7.897916531791376871e-02
7.897916531791375483e-02
7.897916531791375483e-02
7.897916531791375483e-02
7.897916531791376871e-02
7.897916531791375483e-02
7.897916531791375483e-02
7.897916531791375483e-02
7.897916531791376871e-02
7.897916531791375483e-02
7.897916531791375483e-02
7.897916531791375483e-02
7.897916531791376871e-02
7.897916531791375483e-02
7.897916531791375483e-02
7.897916531791375483e-02
7.897916531791376871e-02
7.897916531791375483e-02
7.897916531791375483e-02
7.897916531791375483e-02
7.897916531791376871e-02
7.897916531791375483e-02
7.897916531791375483e-02
7.897916531791375483e-02
7.897916531791376871e-02
7.897916531791375483e-02
7.897916531791375483e-02
7.897916531791375483e-02
7.897916531791376871e-02
7.897916531791375483e-02
7.897942831082738202e-02
7.897632522372008412e-02
7.897045079896769515e-02
7.896498965420827021e-02
7.896445587747229211e-02
7.897177767517721270e-02
7.898526810938528986e-02
7.899773883930637230e-02
7.899933255487701089e-02
7.898372096160373446e-02
7.895468274633972439e-02
7.892819164448267033e-02
7.892614464392794238e-02
7.896272264652914874e-02
7.903032636938428501e-02
7.909445631203694538e-02
7.910487765724139031e-02
7.902460561074889367e-02
7.886684029963637876e-02
7.871441828140962604e-02
7.869276021757065642e-02
7.889561387508362000e-02
7.929781311434568047e-02
7.969759191695989509e-02
7.969418953220659685e-02
7.880180559467428458e-02
7.695685650893369090e-02
7.487672120092851713e-02
7.343889443256852723e-02
7.403683618604078864e-02
8.016823266661245173e-02
9.707017313697782757e-02
