5.981837415437216143e-02
5.146502461049544397e-02
4.753890846844839591e-02
4.513007293263344988e-02
4.300178217082950560e-02
4.139399560242419673e-02
4.029421660580222164e-02
3.938798765470353375e-02
3.859631992382328569e-02
3.795775960551187045e-02
3.744876069522624917e-02
3.703221699342230944e-02
3.668775370700448624e-02
3.640091584132648661e-02
3.616070678504545999e-02
3.595857285947334780e-02
3.578774797172640937e-02
3.564280106942400994e-02
3.551932962590742537e-02
3.541373150816011506e-02
3.532303907038291529e-02
3.524477983525398095e-02
3.517686269374269842e-02
3.511758550749169427e-02
3.506566088840955275e-02
3.502014462046124793e-02
3.498025335552255866e-02
3.494527660446672401e-02
3.491459024102025466e-02
3.488766598770175892e-02
3.486404320307193161e-02
3.484330669121903090e-02
3.482509645952625715e-02
3.482509645952625715e-02
3.482509645952626409e-02
3.482509645952625715e-02
3.482509645952625715e-02
3.482509645952625715e-02
3.482509645952626409e-02
3.482509645952625715e-02
3.482509645952625715e-02
3.482509645952625715e-02
3.482509645952626409e-02
3.482509645952625715e-02
3.482509645952625715e-02
3.482509645952625715e-02
3.482509645952626409e-02
3.482509645952625715e-02
3.482509645952625715e-02
3.482509645952625715e-02
3.482509645952626409e-02
3.482509645952625715e-02
3.482509645952625715e-02
3.482509645952625715e-02
3.482509645952626409e-02
3.482509645952625715e-02
3.482509645952625715e-02
3.482509645952625715e-02
3.482509645952626409e-02
3.482509645952625715e-02
3.482509645952625715e-02
3.482509645952625715e-02
3.482509645952626409e-02
3.482509645952625715e-02
3.482509645952625715e-02
3.482509645952625715e-02
3.482509645952626409e-02
3.482509645952625715e-02
3.482509645952625715e-02
3.482509645952625715e-02
3.482509645952626409e-02
3.482509645952625715e-02
3.482509645952625715e-02
3.482509645952625715e-02
3.482509645952626409e-02
3.482509645952625715e-02
3.482509645952625715e-02
3.482509645952625715e-02
3.482509645952626409e-02
3.482509645952625715e-02
3.482509645952625715e-02
3.482509645952625715e-02
3.482509645952626409e-02
3.482509645952625715e-02
3.482509645952625715e-02
3.482509645952625715e-02
3.482509645952626409e-02
3.482509645952625715e-02
3.482509645952625715e-02
3.482509645952625715e-02
3.482509645952626409e-02
3.482509645952625715e-02
3.482509645952625715e-02
3.482509645952625715e-02
3.482509645952626409e-02
3.482509645952625715e-02
3.483813085991028374e-02
3.485412014416026244e-02
3.487348142618655611e-02
3.489669783488030808e-02
3.492431952131203055e-02
3.495700194181568937e-02
3.499550806813150200e-02
3.504073742171241734e-02
3.509375547611959245e-02
3.515581465746510370e-02
3.522840426455829677e-02
3.531330820159870459e-02
3.541264729336425499e-02
3.552897701085012960e-02
3.566537800232527644e-02
3.582559456342974263e-02
3.601420305923343917e-02
3.623685205652278640e-02
3.650056631498914406e-02
3.681422274083785695e-02
3.718920352298263343e-02
3.764044778746482300e-02
3.818893390948708416e-02
3.887264332026146851e-02
3.971593906298627463e-02
4.068065367688683542e-02
4.184827825424485698e-02
4.353951687265879972e-02
4.576792926952880786e-02
4.829128378372737895e-02
5.237980946588091657e-02
6.103783212983545509e-02
