3.666517446310998407e-01
3.242933373292037902e-01
3.172635947125226341e-01
3.161029698731117055e-01
3.159312298699358812e-01
3.159105598501636969e-01
3.159091653251727139e-01
3.159093679480036720e-01
3.159094801046715140e-01
3.159095104333247694e-01
3.159095166986017333e-01
3.159095177403835608e-01
3.159095178689801386e-01
3.159095178748879129e-01
3.159095178721529895e-01
3.159095178709838136e-01
3.159095178706811113e-01
3.159095178706195495e-01
3.159095178706095575e-01
3.159095178706082252e-01
3.159095178706086693e-01
3.159095178706088358e-01
3.159095178706088358e-01
3.159095178706089468e-01
3.159095178706088358e-01
3.159095178706088358e-01
3.159095178706088358e-01
3.159095178706088358e-01
3.159095178706088358e-01
3.159095178706088358e-01
3.159095178706088358e-01
3.159095178706088358e-01
3.159095178706088358e-01
3.159095178706088358e-01
3.159095178706088358e-01
3.159095178706088358e-01
3.159095178706088358e-01
3.159095178706088358e-01
3.159095178706088358e-01
3.159095178706088358e-01
3.159095178706088358e-01
3.159095178706088358e-01
3.159095178706088358e-01
3.159095178706088358e-01
3.159095178706088358e-01
3.159095178706088358e-01
3.159095178706088358e-01
3.159095178706088358e-01
3.159095178706088358e-01
3.159095178706088358e-01
3.159095178706088358e-01
3.159095178706088358e-01
3.159095178706088358e-01
3.159095178706088358e-01
3.159095178706088358e-01
3.159095178706088358e-01
3.159095178706088358e-01
3.159095178706088358e-01
3.159095178706088358e-01
3.159095178706088358e-01
3.159095178706088358e-01
3.159095178706088358e-01
3.159095178706088358e-01
3.159095178706088358e-01
3.159095178706088358e-01
3.159095178706088358e-01
3.159095178706088358e-01
3.159095178706088358e-01
3.159095178706088358e-01
3.159095178706088358e-01
3.159095178706088358e-01
3.159095178706088358e-01
3.159095178706088358e-01
3.159095178706088358e-01
3.159095178706088358e-01
3.159095178706088358e-01
3.159095178706088358e-01
3.159095178706088358e-01
3.159095178706088358e-01
3.159095178706088358e-01
3.159095178706088358e-01
3.159095178706088358e-01
3.159095178706088358e-01
3.159095178706088358e-01
3.159095178706088358e-01
3.159095178706088358e-01
3.159095178706088358e-01
3.159095178706088358e-01
3.159095178706088358e-01
3.159095178706088358e-01
3.159095178706088358e-01
3.159095178706088358e-01
3.159095178706088358e-01
3.159095178706088358e-01
3.159095178706088358e-01
3.159095178706088358e-01
3.159095178706088358e-01
3.159095178706088358e-01
3.159095178706088358e-01
3.159095178706088358e-01
3.159095178706088358e-01
3.159095178706088358e-01
3.159095178706088358e-01
3.159095178706088358e-01
3.159095178706088358e-01
3.159095178706088358e-01
3.159095178706088358e-01
3.159095178706086693e-01
3.159095178706082252e-01
3.159095178706096130e-01
3.159095178706195495e-01
3.159095178706811113e-01
3.159095178709838136e-01
3.159095178721529895e-01
3.159095178748879129e-01
3.159095178689801942e-01
3.159095177403835608e-01
3.159095166986017333e-01
3.159095104333247694e-01
3.159094801046715140e-01
3.159093679480036720e-01
3.159091653251727139e-01
3.159105598501636969e-01
3.159312298699359367e-01
3.161029698731117055e-01
3.172635947125226341e-01
3.242933373292037902e-01
3.666517446310998407e-01
