9.579793878325904011e-02
7.438471986825795357e-02
6.554929054398256350e-02
5.999348093420623501e-02
5.531156190316913190e-02
5.215680482159229525e-02
4.995938032085633917e-02
4.804158758250424988e-02
4.648463401831540859e-02
4.531986880276447915e-02
4.439552553969620258e-02
4.363383274881563190e-02
4.300526493906338399e-02
4.248370273966846355e-02
4.204849337509301843e-02
4.168346869350147976e-02
4.137586457329775480e-02
4.111552109487897483e-02
4.089423905881013621e-02
4.070533362996378579e-02
4.054334945389771044e-02
4.040377499278986761e-02
4.028279601998568937e-02
4.017729753583573066e-02
4.008496789127111853e-02
4.000410182777992818e-02
3.993326718013087001e-02
3.987119027318312969e-02
3.981675947234101370e-02
3.976902365453953425e-02
3.972713850161513349e-02
3.969038276055281145e-02
3.965811797737288369e-02
3.965811797737289063e-02
3.965811797737289063e-02
3.965811797737289063e-02
3.965811797737288369e-02
3.965811797737289063e-02
3.965811797737289063e-02
3.965811797737289063e-02
3.965811797737288369e-02
3.965811797737289063e-02
3.965811797737289063e-02
3.965811797737289063e-02
3.965811797737288369e-02
3.965811797737289063e-02
3.965811797737289063e-02
3.965811797737289063e-02
3.965811797737288369e-02
3.965811797737289063e-02
3.965811797737289063e-02
3.965811797737289063e-02
3.965811797737288369e-02
3.965811797737289063e-02
3.965811797737289063e-02
3.965811797737289063e-02
3.965811797737288369e-02
3.965811797737289063e-02
3.965811797737289063e-02
3.965811797737289063e-02
3.965811797737288369e-02
3.965811797737289063e-02
3.965811797737289063e-02
3.965811797737289063e-02
3.965811797737288369e-02
3.965811797737289063e-02
3.965811797737289063e-02
3.965811797737289063e-02
3.965811797737288369e-02
3.965811797737289063e-02
3.965811797737289063e-02
3.965811797737289063e-02
3.965811797737288369e-02
3.965811797737289063e-02
3.965811797737289063e-02
3.965811797737289063e-02
3.965811797737288369e-02
3.965811797737289063e-02
3.965811797737289063e-02
3.965811797737289063e-02
3.965811797737288369e-02
3.965811797737289063e-02
3.965811797737289063e-02
3.965811797737289063e-02
3.965811797737288369e-02
3.965811797737289063e-02
3.965811797737289063e-02
3.965811797737289063e-02
3.965811797737288369e-02
3.965811797737289063e-02
3.965811797737289063e-02
3.965811797737289063e-02
3.965811797737288369e-02
3.965811797737289063e-02
3.965811797737289063e-02
3.965811797737289063e-02
3.968113733923554071e-02
3.970940766349805029e-02
3.974366064287576661e-02
3.978475921886970995e-02
3.983369069372864890e-02
3.989162761250734240e-02
3.995993350970028501e-02
4.004023843849576630e-02
4.013444418933084790e-02
4.024483463450867493e-02
4.037412207366826433e-02
4.052554617320741626e-02
4.070301268006214224e-02
4.091121602715284272e-02
4.115588431866359920e-02
4.144400156835016669e-02
4.178418177267245737e-02
4.218710020871824229e-02
4.266615274272343716e-02
4.323832213029623478e-02
4.392529808566986160e-02
4.475456077375443431e-02
4.575725965641140591e-02
4.701406574940170113e-02
4.868132592444649603e-02
5.072980252509575599e-02
5.308092315926644933e-02
5.643525082946587029e-02
6.138623062510642492e-02
6.727159020111073140e-02
7.661003952639630632e-02
9.915820192229640728e-02
