1.054654460973251939e-01
9.081682554703404686e-02
8.649224134018476673e-02
8.562110720215394821e-02
8.691584983791474095e-02
8.891333500820931823e-02
9.058252287609391828e-02
9.129251285314590736e-02
9.133406577225047784e-02
9.102198996507925022e-02
9.070380004541056529e-02
9.054008948185826577e-02
9.055744690052960899e-02
9.068095328727045212e-02
9.081020505037752655e-02
9.087868643964547299e-02
9.087476496825093453e-02
9.082661555548145194e-02
9.077412566200149246e-02
9.074516001934795906e-02
9.074648989058219095e-02
9.076760516431302273e-02
9.079144686719033130e-02
9.080489426204636783e-02
9.080402420575502120e-02
9.079340679098545086e-02
9.078131469852132596e-02
9.077440169298647832e-02
9.077476504709551530e-02
9.078015958731878998e-02
9.078636418345389925e-02
9.078990892840453630e-02
9.078966189821674471e-02
9.078966189821673083e-02
9.078966189821673083e-02
9.078966189821673083e-02
9.078966189821674471e-02
9.078966189821673083e-02
9.078966189821673083e-02
9.078966189821673083e-02
9.078966189821674471e-02
9.078966189821673083e-02
9.078966189821673083e-02
9.078966189821673083e-02
9.078966189821674471e-02
9.078966189821673083e-02
9.078966189821673083e-02
9.078966189821673083e-02
9.078966189821674471e-02
9.078966189821673083e-02
9.078966189821673083e-02
9.078966189821673083e-02
9.078966189821674471e-02
9.078966189821673083e-02
9.078966189821673083e-02
9.078966189821673083e-02
9.078966189821674471e-02
9.078966189821673083e-02
9.078966189821673083e-02
9.078966189821673083e-02
9.078966189821674471e-02
9.078966189821673083e-02
9.078966189821673083e-02
9.078966189821673083e-02
9.078966189821674471e-02
9.078966189821673083e-02
9.078966189821673083e-02
9.078966189821673083e-02
9.078966189821674471e-02
9.078966189821673083e-02
9.078966189821673083e-02
9.078966189821673083e-02
9.078966189821674471e-02
9.078966189821673083e-02
9.078966189821673083e-02
9.078966189821673083e-02
9.078966189821674471e-02
9.078966189821673083e-02
9.078966189821673083e-02
9.078966189821673083e-02
9.078966189821674471e-02
9.078966189821673083e-02
9.078966189821673083e-02
9.078966189821673083e-02
9.078966189821674471e-02
9.078966189821673083e-02
9.078966189821673083e-02
9.078966189821673083e-02
9.078966189821674471e-02
9.078966189821673083e-02
9.078966189821673083e-02
9.078966189821673083e-02
9.078966189821674471e-02
9.078966189821673083e-02
9.078966189821673083e-02
9.078966189821673083e-02
9.078983407203396194e-02
9.078709125953056402e-02
9.078198919093304065e-02
9.077731526238126680e-02
9.077696916986152664e-02
9.078342563907369767e-02
9.079511892353762936e-02
9.080571052402199028e-02
9.080664460173376584e-02
9.079261236237139154e-02
9.076717550611586305e-02
9.074435523671106618e-02
9.074304274406863602e-02
9.077514876780633235e-02
9.083337407802741237e-02
9.088691631598469489e-02
9.089168618595948324e-02
9.081696685278856096e-02
9.067602855772076420e-02
9.054223083908831404e-02
9.052447563610860337e-02
9.070196814734238222e-02
9.104398065566572662e-02
9.137726526696897389e-02
9.133765892382535168e-02
9.059478066502005267e-02
8.885909793203516926e-02
8.679410423511310646e-02
8.546704064320964633e-02
8.636056450376303206e-02
9.075278109001685967e-02
1.054955988851400822e-01
