1.032778458984981440e-01
7.692723868329730263e-02
6.435209965495530815e-02
5.830259622590308610e-02
5.459583182676222557e-02
5.158514003097004058e-02
4.914343833616407337e-02
4.739770102766136667e-02
4.622612228831648323e-02
4.541387962890217067e-02
4.482757282490857503e-02
4.440847394035971063e-02
4.411973687236538794e-02
4.393013375787536978e-02
4.381497405904066084e-02
4.375494764868206182e-02
4.373496924155795967e-02
4.374329120865200204e-02
4.377082819989348839e-02
4.381062944620531946e-02
4.385746901746556681e-02
4.390752312783640504e-02
4.395807264528642927e-02
4.400720057144973107e-02
4.405353671147529959e-02
4.409611090741497735e-02
4.413429290792364457e-02
4.416778771841980283e-02
4.419656104730849966e-02
4.422078629171532355e-02
4.424074550182767462e-02
4.425680849234030906e-02
4.426939117744706220e-02
4.426939117744706914e-02
4.426939117744706220e-02
4.426939117744706220e-02
4.426939117744706220e-02
4.426939117744706914e-02
4.426939117744706220e-02
4.426939117744706220e-02
4.426939117744706220e-02
4.426939117744706914e-02
4.426939117744706220e-02
4.426939117744706220e-02
4.426939117744706220e-02
4.426939117744706914e-02
4.426939117744706220e-02
4.426939117744706220e-02
4.426939117744706220e-02
4.426939117744706914e-02
4.426939117744706220e-02
4.426939117744706220e-02
4.426939117744706220e-02
4.426939117744706914e-02
4.426939117744706220e-02
4.426939117744706220e-02
4.426939117744706220e-02
4.426939117744706914e-02
4.426939117744706220e-02
4.426939117744706220e-02
4.426939117744706220e-02
4.426939117744706914e-02
4.426939117744706220e-02
4.426939117744706220e-02
4.426939117744706220e-02
4.426939117744706914e-02
4.426939117744706220e-02
4.426939117744706220e-02
4.426939117744706220e-02
4.426939117744706914e-02
4.426939117744706220e-02
4.426939117744706220e-02
4.426939117744706220e-02
4.426939117744706914e-02
4.426939117744706220e-02
4.426939117744706220e-02
4.426939117744706220e-02
4.426939117744706914e-02
4.426939117744706220e-02
4.426939117744706220e-02
4.426939117744706220e-02
4.426939117744706914e-02
4.426939117744706220e-02
4.426939117744706220e-02
4.426939117744706220e-02
4.426939117744706914e-02
4.426939117744706220e-02
4.426939117744706220e-02
4.426939117744706220e-02
4.426939117744706914e-02
4.426939117744706220e-02
4.426939117744706220e-02
4.426939117744706220e-02
4.426939117744706914e-02
4.426939117744706220e-02
4.426939117744706220e-02
4.426043507693941392e-02
4.424809571289409910e-02
4.423176880064123156e-02
4.421088864229702486e-02
4.418496703930081815e-02
4.415363470300576881e-02
4.411671065793378727e-02
4.407428582441060005e-02
4.402681348273791706e-02
4.397521965116912845e-02
4.392105441486057749e-02
4.386664935974939755e-02
4.381531115429788265e-02
4.377156168203552578e-02
4.374140602226397889e-02
4.373266772745386388e-02
4.375539872816495979e-02
4.382239997744735716e-02
4.394989123614430337e-02
4.415840983388444330e-02
4.447399649836791119e-02
4.492940130923662317e-02
4.556320334112312631e-02
4.643643219832706281e-02
4.768589406647923135e-02
4.953131954389633496e-02
5.209967731422938259e-02
5.526789093919912826e-02
5.917408313123018182e-02
6.551348412514422515e-02
7.860381310864494875e-02
1.059806062320540893e-01
