4.407746584785525445e-02
3.772808373017168954e-02
3.326564430406793449e-02
3.025253172449476891e-02
2.827089143303225874e-02
2.697279190417676414e-02
2.609489407668352801e-02
2.545895212775189237e-02
2.496101187381074768e-02
2.455036743888839440e-02
2.420556408488269695e-02
2.391603032172671256e-02
2.367371824321785889e-02
2.347055040692282157e-02
2.329964643195121810e-02
2.315538172413870305e-02
2.303317501696024866e-02
2.292928559329584712e-02
2.284063704147401216e-02
2.276469162755903261e-02
2.269934556751292826e-02
2.264286270461162917e-02
2.259381265854657622e-02
2.255103344902562729e-02
2.251358947454471307e-02
2.248073494169430808e-02
2.245186564574245397e-02
2.242648862175833022e-02
2.240418464247197552e-02
2.238458775416242441e-02
2.236737878829939824e-02
2.235226831304891817e-02
2.233900143870993713e-02
2.233900143870993713e-02
2.233900143870993713e-02
2.233900143870993713e-02
2.233900143870993713e-02
2.233900143870993713e-02
2.233900143870993713e-02
2.233900143870993713e-02
2.233900143870993713e-02
2.233900143870993713e-02
2.233900143870993713e-02
2.233900143870993713e-02
2.233900143870993713e-02
2.233900143870993713e-02
2.233900143870993713e-02
2.233900143870993713e-02
2.233900143870993713e-02
2.233900143870993713e-02
2.233900143870993713e-02
2.233900143870993713e-02
2.233900143870993713e-02
2.233900143870993713e-02
2.233900143870993713e-02
2.233900143870993713e-02
2.233900143870993713e-02
2.233900143870993713e-02
2.233900143870993713e-02
2.233900143870993713e-02
2.233900143870993713e-02
2.233900143870993713e-02
2.233900143870993713e-02
2.233900143870993713e-02
2.233900143870993713e-02
2.233900143870993713e-02
2.233900143870993713e-02
2.233900143870993713e-02
2.233900143870993713e-02
2.233900143870993713e-02
2.233900143870993713e-02
2.233900143870993713e-02
2.233900143870993713e-02
2.233900143870993713e-02
2.233900143870993713e-02
2.233900143870993713e-02
2.233900143870993713e-02
2.233900143870993713e-02
2.233900143870993713e-02
2.233900143870993713e-02
2.233900143870993713e-02
2.233900143870993713e-02
2.233900143870993713e-02
2.233900143870993713e-02
2.233900143870993713e-02
2.233900143870993713e-02
2.233900143870993713e-02
2.233900143870993713e-02
2.233900143870993713e-02
2.233900143870993713e-02
2.233900143870993713e-02
2.233900143870993713e-02
2.233900143870993713e-02
2.233900143870993713e-02
2.233900143870993713e-02
2.233900143870993713e-02
2.234832915184143537e-02
2.235981235721614876e-02
2.237374848551792333e-02
2.239048056389751976e-02
2.241040888128855921e-02
2.243400025700615502e-02
2.246180315154291257e-02
2.249446609436045463e-02
2.253274872840596924e-02
2.257755301468223480e-02
2.262994780390305272e-02
2.269120647333893251e-02
2.276284475803633939e-02
2.284668484832545754e-02
2.294491153950115742e-02
2.306016730175101601e-02
2.319566233769661603e-02
2.335531030656993676e-02
2.354390877090529674e-02
2.376734642542770864e-02
2.403284181861848820e-02
2.434889040531443977e-02
2.472402426756286145e-02
2.516948592574842422e-02
2.570767753990806440e-02
2.639090011947336709e-02
2.732595197605114032e-02
2.869604607577248834e-02
3.077263202185228502e-02
3.391576692008716615e-02
3.855964379594470359e-02
4.516006841650540421e-02
