1.613960992878615275e-01
1.595705114014778492e-01
1.578884536254693827e-01
1.563980279890754277e-01
1.551232097317571945e-01
1.540649453990810824e-01
1.532061667723609022e-01
1.525188169805970495e-01
1.519709208728176053e-01
1.515321390942350188e-01
1.511769952629783698e-01
1.508860598139947218e-01
1.506449608200019774e-01
1.504436600713825178e-01
1.502746607973843018e-01
1.501321341707076984e-01
1.500114545705384106e-01
1.499088983383299878e-01
1.498214371916294363e-01
1.497465932361309870e-01
1.496823238133750400e-01
1.496269417444316407e-01
1.495790554551773288e-01
1.495375131654007317e-01
1.495013646038898525e-01
1.494698247496035193e-01
1.494422445856666282e-01
1.494180854224423372e-01
1.493968950695197251e-01
1.493782924795132305e-01
1.493619541433605646e-01
1.493476005415640684e-01
1.493349893402981243e-01
1.493349893402981243e-01
1.493349893402981243e-01
1.493349893402981243e-01
1.493349893402981243e-01
1.493349893402981243e-01
1.493349893402981243e-01
1.493349893402981243e-01
1.493349893402981243e-01
1.493349893402981243e-01
1.493349893402981243e-01
1.493349893402981243e-01
1.493349893402981243e-01
1.493349893402981243e-01
1.493349893402981243e-01
1.493349893402981243e-01
1.493349893402981243e-01
1.493349893402981243e-01
1.493349893402981243e-01
1.493349893402981243e-01
1.493349893402981243e-01
1.493349893402981243e-01
1.493349893402981243e-01
1.493349893402981243e-01
1.493349893402981243e-01
1.493349893402981243e-01
1.493349893402981243e-01
1.493349893402981243e-01
1.493349893402981243e-01
1.493349893402981243e-01
1.493349893402981243e-01
1.493349893402981243e-01
1.493349893402981243e-01
1.493349893402981243e-01
1.493349893402981243e-01
1.493349893402981243e-01
1.493349893402981243e-01
1.493349893402981243e-01
1.493349893402981243e-01
1.493349893402981243e-01
1.493349893402981243e-01
1.493349893402981243e-01
1.493349893402981243e-01
1.493349893402981243e-01
1.493349893402981243e-01
1.493349893402981243e-01
1.493349893402981243e-01
1.493349893402981243e-01
1.493349893402981243e-01
1.493349893402981243e-01
1.493349893402981243e-01
1.493349893402981243e-01
1.493349893402981243e-01
1.493349893402981243e-01
1.493349893402981243e-01
1.493349893402981243e-01
1.493349893402981243e-01
1.493349893402981243e-01
1.493349893402981243e-01
1.493349893402981243e-01
1.493349893402981243e-01
1.493349893402981243e-01
1.493349893402981243e-01
1.493349893402981243e-01
1.493445041701208509e-01
1.493560623132048626e-01
1.493699630761696484e-01
1.493865513882468299e-01
1.494062246339898925e-01
1.494294462399798629e-01
1.494567542916120373e-01
1.494887819916608518e-01
1.495262748616454918e-01
1.495701097918863687e-01
1.496213244091746941e-01
1.496811484629960165e-01
1.497510490255715143e-01
1.498327764781731686e-01
1.499284297584209669e-01
1.500405466872615778e-01
1.501722079463430615e-01
1.503271862126065173e-01
1.505101572382798736e-01
1.507269907117650687e-01
1.509852103283344515e-01
1.512948567221324148e-01
1.516702767076555936e-01
1.521307876834093187e-01
1.527016587820564375e-01
1.534128719415295272e-01
1.542958642711683703e-01
1.553779448100948979e-01
1.566752318270747124e-01
1.581856566313302181e-01
1.598840465831104507e-01
1.617335780747469198e-01
