3.925441477156446646e-01
3.573904315820836675e-01
3.573968882811061065e-01
3.588192352203258273e-01
3.592385641509028282e-01
3.593001606216649768e-01
3.593001241619492858e-01
3.592974512979619783e-01
3.592966673574763958e-01
3.592965524713820358e-01
3.592965525848575981e-01
3.592965575828838687e-01
3.592965590468381043e-01
3.592965592610919967e-01
3.592965592607952341e-01
3.592965592514493212e-01
3.592965592487153970e-01
3.592965592483158832e-01
3.592965592483165493e-01
3.592965592483339798e-01
3.592965592483391424e-01
3.592965592483399195e-01
3.592965592483399195e-01
3.592965592483399195e-01
3.592965592483399195e-01
3.592965592483399195e-01
3.592965592483399195e-01
3.592965592483399195e-01
3.592965592483399195e-01
3.592965592483399195e-01
3.592965592483399195e-01
3.592965592483399195e-01
3.592965592483399195e-01
3.592965592483399195e-01
3.592965592483399195e-01
3.592965592483399195e-01
3.592965592483399195e-01
3.592965592483399195e-01
3.592965592483399195e-01
3.592965592483399195e-01
3.592965592483399195e-01
3.592965592483399195e-01
3.592965592483399195e-01
3.592965592483399195e-01
3.592965592483399195e-01
3.592965592483399195e-01
3.592965592483399195e-01
3.592965592483399195e-01
3.592965592483399195e-01
3.592965592483399195e-01
3.592965592483399195e-01
3.592965592483399195e-01
3.592965592483399195e-01
3.592965592483399195e-01
3.592965592483399195e-01
3.592965592483399195e-01
3.592965592483399195e-01
3.592965592483399195e-01
3.592965592483399195e-01
3.592965592483399195e-01
3.592965592483399195e-01
3.592965592483399195e-01
3.592965592483399195e-01
3.592965592483399195e-01
3.592965592483399195e-01
3.592965592483399195e-01
3.592965592483399195e-01
3.592965592483399195e-01
3.592965592483399195e-01
3.592965592483399195e-01
3.592965592483399195e-01
3.592965592483399195e-01
3.592965592483399195e-01
3.592965592483399195e-01
3.592965592483399195e-01
3.592965592483399195e-01
3.592965592483399195e-01
3.592965592483399195e-01
3.592965592483399195e-01
3.592965592483399195e-01
3.592965592483399195e-01
3.592965592483399195e-01
3.592965592483399195e-01
3.592965592483399195e-01
3.592965592483399195e-01
3.592965592483399195e-01
3.592965592483399195e-01
3.592965592483399195e-01
3.592965592483399195e-01
3.592965592483399195e-01
3.592965592483399195e-01
3.592965592483399195e-01
3.592965592483399195e-01
3.592965592483399195e-01
3.592965592483399195e-01
3.592965592483399195e-01
3.592965592483399195e-01
3.592965592483399195e-01
3.592965592483399195e-01
3.592965592483399195e-01
3.592965592483399195e-01
3.592965592483399195e-01
3.592965592483399195e-01
3.592965592483399195e-01
3.592965592483399195e-01
3.592965592483399195e-01
3.592965592483399195e-01
3.592965592483391424e-01
3.592965592483339798e-01
3.592965592483165493e-01
3.592965592483158832e-01
3.592965592487153970e-01
3.592965592514493212e-01
3.592965592607952341e-01
3.592965592610919967e-01
3.592965590468381043e-01
3.592965575828838687e-01
3.592965525848575981e-01
3.592965524713820358e-01
3.592966673574763958e-01
3.592974512979619783e-01
3.593001241619492858e-01
3.593001606216649768e-01
3.592385641509028282e-01
3.588192352203258273e-01
3.573968882811061065e-01
3.573904315820836675e-01
3.925441477156446646e-01
