1.532908383153870069e-01
1.054537702381364850e-01
8.327410713389547803e-02
7.377588971957467490e-02
7.101795925345250060e-02
7.183186024389175139e-02
7.433252779607237015e-02
7.743662919576124737e-02
8.051912962848459254e-02
8.312625150127853080e-02
8.493404351001827834e-02
8.584769581423910834e-02
8.600224348391428963e-02
8.565035163535900109e-02
8.504857075648744602e-02
8.440069325195725947e-02
8.384158532925838070e-02
8.344191800559758176e-02
8.322083065757177045e-02
8.316055868371147186e-02
8.322081586170179679e-02
8.335204114321841107e-02
8.350650378552366970e-02
8.364625197913523602e-02
8.374731641553734285e-02
8.380026897671280506e-02
8.380794309844837031e-02
8.378140363089220388e-02
8.373543304753336414e-02
8.368454627478284780e-02
8.364021526800780038e-02
8.360944335936149052e-02
8.359464136309666116e-02
8.359464136309666116e-02
8.359464136309667504e-02
8.359464136309667504e-02
8.359464136309666116e-02
8.359464136309666116e-02
8.359464136309667504e-02
8.359464136309667504e-02
8.359464136309666116e-02
8.359464136309666116e-02
8.359464136309667504e-02
8.359464136309667504e-02
8.359464136309666116e-02
8.359464136309666116e-02
8.359464136309667504e-02
8.359464136309667504e-02
8.359464136309666116e-02
8.359464136309666116e-02
8.359464136309667504e-02
8.359464136309667504e-02
8.359464136309666116e-02
8.359464136309666116e-02
8.359464136309667504e-02
8.359464136309667504e-02
8.359464136309666116e-02
8.359464136309666116e-02
8.359464136309667504e-02
8.359464136309667504e-02
8.359464136309666116e-02
8.359464136309666116e-02
8.359464136309667504e-02
8.359464136309667504e-02
8.359464136309666116e-02
8.359464136309666116e-02
8.359464136309667504e-02
8.359464136309667504e-02
8.359464136309666116e-02
8.359464136309666116e-02
8.359464136309667504e-02
8.359464136309667504e-02
8.359464136309666116e-02
8.359464136309666116e-02
8.359464136309667504e-02
8.359464136309667504e-02
8.359464136309666116e-02
8.359464136309666116e-02
8.359464136309667504e-02
8.359464136309667504e-02
8.359464136309666116e-02
8.359464136309666116e-02
8.359464136309667504e-02
8.359464136309667504e-02
8.359464136309666116e-02
8.359464136309666116e-02
8.359464136309667504e-02
8.359464136309667504e-02
8.359464136309666116e-02
8.359464136309666116e-02
8.359464136309667504e-02
8.359464136309667504e-02
8.359464136309666116e-02
8.359464136309666116e-02
8.359464136309667504e-02
8.359464136309667504e-02
8.360503067535481059e-02
8.362836062247148983e-02
8.366416572461839174e-02
8.370747571192700687e-02
8.374837501180253108e-02
8.377286157114451071e-02
8.376532519689283696e-02
8.371264261587101074e-02
8.360946198970793664e-02
8.346353537076071916e-02
8.329940016261078162e-02
8.315847621284434832e-02
8.309431487932515681e-02
8.316295580188605430e-02
8.340974456618623079e-02
8.385425764705274621e-02
8.447467340570008476e-02
8.519231805415382330e-02
8.585843311137217326e-02
8.624972441515035837e-02
8.608724140421238069e-02
8.510014124077006081e-02
8.315097912984988071e-02
8.035648462315851670e-02
7.708320500396380337e-02
7.383201747049193686e-02
7.126132865608376943e-02
7.045965084763346209e-02
7.328757170570798785e-02
8.287445210693041020e-02
1.051083439355835897e-01
1.528026162204899341e-01
