1.598877463392433054e-04
1.071256899952319729e-04
7.418441594717568931e-05
5.335721677941540663e-05
3.998527263042996819e-05
3.124531386604206004e-05
2.541433833244989695e-05
2.143104469851361328e-05
1.863552494177759771e-05
1.661476483120620821e-05
1.510964518067782300e-05
1.395786785785310235e-05
1.305586631065140030e-05
1.233756219016096813e-05
1.175808894873985814e-05
1.128559122909472395e-05
1.089681476757231761e-05
1.057438008586505484e-05
1.030506708641724425e-05
1.007869571759113941e-05
9.887259639884916492e-06
9.724465426042612926e-06
9.585318058550817494e-06
9.465788993128753515e-06
9.362672734410683645e-06
9.273383094821477851e-06
9.195822541185827632e-06
9.128271867813338012e-06
9.069319101682121005e-06
9.017794500665102377e-06
8.972717922025428861e-06
8.933253462040785102e-06
8.898684931218836573e-06
8.898684931218836573e-06
8.898684931218836573e-06
8.898684931218836573e-06
8.898684931218836573e-06
8.898684931218836573e-06
8.898684931218836573e-06
8.898684931218836573e-06
8.898684931218836573e-06
8.898684931218836573e-06
8.898684931218836573e-06
8.898684931218836573e-06
8.898684931218836573e-06
8.898684931218836573e-06
8.898684931218836573e-06
8.898684931218836573e-06
8.898684931218836573e-06
8.898684931218836573e-06
8.898684931218836573e-06
8.898684931218836573e-06
8.898684931218836573e-06
8.898684931218836573e-06
8.898684931218836573e-06
8.898684931218836573e-06
8.898684931218836573e-06
8.898684931218836573e-06
8.898684931218836573e-06
8.898684931218836573e-06
8.898684931218836573e-06
8.898684931218836573e-06
8.898684931218836573e-06
8.898684931218836573e-06
8.898684931218836573e-06
8.898684931218836573e-06
8.898684931218836573e-06
8.898684931218836573e-06
8.898684931218836573e-06
8.898684931218836573e-06
8.898684931218836573e-06
8.898684931218836573e-06
8.898684931218836573e-06
8.898684931218836573e-06
8.898684931218836573e-06
8.898684931218836573e-06
8.898684931218836573e-06
8.898684931218836573e-06
8.898684931218836573e-06
8.898684931218836573e-06
8.898684931218836573e-06
8.898684931218836573e-06
8.898684931218836573e-06
8.898684931218836573e-06
8.898684931218836573e-06
8.898684931218836573e-06
8.898684931218836573e-06
8.898684931218836573e-06
8.898684931218836573e-06
8.898684931218836573e-06
8.898684931218836573e-06
8.898684931218836573e-06
8.898684931218836573e-06
8.898684931218836573e-06
8.898684931218836573e-06
8.898684931218836573e-06
8.924756882646002969e-06
8.956503216939865585e-06
8.994793489391196491e-06
9.040643227810832977e-06
9.095240278787187916e-06
9.159992581862137716e-06
9.236566361096942978e-06
9.326975224989730612e-06
9.433641844956740171e-06
9.559486114524530173e-06
9.708065736467566919e-06
9.883783853892916623e-06
1.009206808333971766e-05
1.033969270259060079e-05
1.063522520896218222e-05
1.098960727796806106e-05
1.141697444174118522e-05
1.193593801234075603e-05
1.257142802041377817e-05
1.335756351720613852e-05
1.434245643535339988e-05
1.559675581849333733e-05
1.723113438470121059e-05
1.941877617370577853e-05
2.243644755005744909e-05
2.672599065950591129e-05
3.299514667707671245e-05
4.238585160389637778e-05
5.675839981863786091e-05
7.917484978661862077e-05
1.147150626158904071e-04
1.718374726051923008e-04
