8.400321004857437546e-02
7.293474929700308196e-02
6.709935561566483797e-02
6.380484069015483761e-02
6.186983735256224720e-02
6.070624937867253462e-02
5.999647342292086655e-02
5.955970738060598069e-02
5.928948202427793829e-02
5.912173301605166270e-02
5.901738143196277875e-02
5.895238320991787878e-02
5.891186458041290652e-02
5.888659334026152825e-02
5.887082687097015821e-02
5.886098841341361187e-02
5.885484835952164290e-02
5.885101614390489400e-02
5.884862421764247564e-02
5.884713122406032282e-02
5.884619931071270044e-02
5.884561761277488229e-02
5.884525451630915477e-02
5.884502787042266564e-02
5.884488639720071579e-02
5.884479808905407339e-02
5.884474296677942584e-02
5.884470855927725896e-02
5.884468708202565679e-02
5.884467367588612496e-02
5.884466530776040483e-02
5.884466008437515272e-02
5.884465682394195846e-02
5.884465478878492251e-02
5.884465351844509612e-02
5.884465272550337689e-02
5.884465223055263677e-02
5.884465192160701769e-02
5.884465172876508776e-02
5.884465160839451314e-02
5.884465153326019771e-02
5.884465148636201098e-02
5.884465145708864947e-02
5.884465143881652954e-02
5.884465142741129862e-02
5.884465142029229184e-02
5.884465141584870745e-02
5.884465141307506503e-02
5.884465141134381100e-02
5.884465141026320317e-02
5.884465140958870105e-02
5.884465140916768366e-02
5.884465140890490081e-02
5.884465140874087924e-02
5.884465140863849586e-02
5.884465140857461640e-02
5.884465140853473164e-02
5.884465140850987652e-02
5.884465140849439585e-02
5.884465140848477854e-02
5.884465140847884579e-02
5.884465140847530001e-02
5.884465140847330855e-02
5.884465140847240650e-02
5.884465140847240650e-02
5.884465140847330855e-02
5.884465140847530001e-02
5.884465140847888048e-02
5.884465140848477854e-02
5.884465140849439585e-02
5.884465140850987652e-02
5.884465140853473164e-02
5.884465140857460252e-02
5.884465140863849586e-02
5.884465140874087924e-02
5.884465140890490081e-02
5.884465140916766979e-02
5.884465140958870105e-02
5.884465141026320317e-02
5.884465141134381100e-02
5.884465141307506503e-02
5.884465141584870745e-02
5.884465142029227797e-02
5.884465142741129862e-02
5.884465143881652954e-02
5.884465145708864947e-02
5.884465148636201098e-02
5.884465153326019771e-02
5.884465160839451314e-02
5.884465172876508776e-02
5.884465192160701769e-02
5.884465223055263677e-02
5.884465272550337689e-02
5.884465351844509612e-02
5.884465478878492251e-02
5.884465682394195846e-02
5.884466008437513190e-02
5.884466530776040483e-02
5.884467367588611802e-02
5.884468708202565679e-02
5.884470855927725896e-02
5.884474296677942584e-02
5.884479808905407339e-02
5.884488639720071579e-02
5.884502787042265870e-02
5.884525451630915477e-02
5.884561761277488229e-02
5.884619931071270044e-02
5.884713122406032282e-02
5.884862421764247564e-02
5.885101614390489400e-02
5.885484835952164290e-02
5.886098841341361187e-02
5.887082687097015821e-02
5.888659334026152825e-02
5.891186458041290652e-02
5.895238320991787878e-02
5.901738143196277875e-02
5.912173301605166270e-02
5.928948202427793829e-02
5.955970738060598069e-02
5.999647342292085961e-02
6.070624937867253462e-02
6.186983735256224720e-02
6.380484069015483761e-02
6.709935561566483797e-02
7.293474929700308196e-02
8.400321004857437546e-02
