1.010201229129899514e-01
8.452278832732515457e-02
7.949409363774506687e-02
7.889243081730817897e-02
8.031206051708777993e-02
8.259139675196094932e-02
8.420215310996558011e-02
8.488177779269677481e-02
8.489634224993919398e-02
8.455339531583905277e-02
8.420453843849907971e-02
8.403267769580666235e-02
8.405399518969809691e-02
8.418617752105829466e-02
8.432255847714877073e-02
8.439355391339321832e-02
8.438785554268569966e-02
8.433621500777642443e-02
8.428057290927180867e-02
8.425007223289786296e-02
8.425164490930173167e-02
8.427403634281921407e-02
8.429916139324612756e-02
8.431318365127088432e-02
8.431208531346336132e-02
8.430077733429314213e-02
8.428799763725342009e-02
8.428073780199359100e-02
8.428117311634414355e-02
8.428690356978804643e-02
8.429345354053943695e-02
8.429716549082141852e-02
8.429686922310990205e-02
8.429686922310990205e-02
8.429686922310990205e-02
8.429686922310990205e-02
8.429686922310990205e-02
8.429686922310990205e-02
8.429686922310990205e-02
8.429686922310990205e-02
8.429686922310990205e-02
8.429686922310990205e-02
8.429686922310990205e-02
8.429686922310990205e-02
8.429686922310990205e-02
8.429686922310990205e-02
8.429686922310990205e-02
8.429686922310990205e-02
8.429686922310990205e-02
8.429686922310990205e-02
8.429686922310990205e-02
8.429686922310990205e-02
8.429686922310990205e-02
8.429686922310990205e-02
8.429686922310990205e-02
8.429686922310990205e-02
8.429686922310990205e-02
8.429686922310990205e-02
8.429686922310990205e-02
8.429686922310990205e-02
8.429686922310990205e-02
8.429686922310990205e-02
8.429686922310990205e-02
8.429686922310990205e-02
8.429686922310990205e-02
8.429686922310990205e-02
8.429686922310990205e-02
8.429686922310990205e-02
8.429686922310990205e-02
8.429686922310990205e-02
8.429686922310990205e-02
8.429686922310990205e-02
8.429686922310990205e-02
8.429686922310990205e-02
8.429686922310990205e-02
8.429686922310990205e-02
8.429686922310990205e-02
8.429686922310990205e-02
8.429686922310990205e-02
8.429686922310990205e-02
8.429686922310990205e-02
8.429686922310990205e-02
8.429686922310990205e-02
8.429686922310990205e-02
8.429686922310990205e-02
8.429686922310990205e-02
8.429686922310990205e-02
8.429686922310990205e-02
8.429686922310990205e-02
8.429686922310990205e-02
8.429686922310990205e-02
8.429686922310990205e-02
8.429686922310990205e-02
8.429686922310990205e-02
8.429686922310990205e-02
8.429686922310990205e-02
8.429707558100527076e-02
8.429420836545073459e-02
8.428883223690564197e-02
8.428387565173039997e-02
8.428346442910880643e-02
8.429023631684570694e-02
8.430257816679138927e-02
8.431384830161571531e-02
8.431502122389633591e-02
8.430039788643541032e-02
8.427360144604802150e-02
8.424939737362795167e-02
8.424783098944166326e-02
8.428165203977029674e-02
8.434338895364908162e-02
8.440082090793431246e-02
8.440760510155900787e-02
8.433007476546761083e-02
8.418131880628959562e-02
8.403810007741982502e-02
8.401611095276585728e-02
8.420232670463168034e-02
8.457653377624156643e-02
8.494271100102433747e-02
8.493023332311884499e-02
8.421709811979267990e-02
8.253657684879625589e-02
8.018639263382662530e-02
7.873383931222459331e-02
7.935552952039347241e-02
8.445573113563932532e-02
1.010353612531567219e-01
