3.806132626163362676e-01
3.379422024023764903e-01
3.429416921962570308e-01
3.458680237845614402e-01
3.457528210006867164e-01
3.455584090496932048e-01
3.455630581491893616e-01
3.455782141108724725e-01
3.455779124077809628e-01
3.455766061987420312e-01
3.455766273610457739e-01
3.455767457385853225e-01
3.455767441116287531e-01
3.455767330098624690e-01
3.455767331423060251e-01
3.455767342089877681e-01
3.455767341977646900e-01
3.455767340934152720e-01
3.455767340943984300e-01
3.455767341047518149e-01
3.455767341046637187e-01
3.455767341036249940e-01
3.455767341036329876e-01
3.455767341037380702e-01
3.455767341037380147e-01
3.455767341037268570e-01
3.455767341037271900e-01
3.455767341037283558e-01
3.455767341037271345e-01
3.455767341037270235e-01
3.455767341037270235e-01
3.455767341037269680e-01
3.455767341037270235e-01
3.455767341037270235e-01
3.455767341037270235e-01
3.455767341037270235e-01
3.455767341037270235e-01
3.455767341037270235e-01
3.455767341037270235e-01
3.455767341037270235e-01
3.455767341037270235e-01
3.455767341037270235e-01
3.455767341037270235e-01
3.455767341037270235e-01
3.455767341037270235e-01
3.455767341037270235e-01
3.455767341037270235e-01
3.455767341037270235e-01
3.455767341037270235e-01
3.455767341037270235e-01
3.455767341037270235e-01
3.455767341037270235e-01
3.455767341037270235e-01
3.455767341037270235e-01
3.455767341037270235e-01
3.455767341037270235e-01
3.455767341037270235e-01
3.455767341037270235e-01
3.455767341037270235e-01
3.455767341037270235e-01
3.455767341037270235e-01
3.455767341037270235e-01
3.455767341037270235e-01
3.455767341037270235e-01
3.455767341037270235e-01
3.455767341037270235e-01
3.455767341037270235e-01
3.455767341037270235e-01
3.455767341037270235e-01
3.455767341037270235e-01
3.455767341037270235e-01
3.455767341037270235e-01
3.455767341037270235e-01
3.455767341037270235e-01
3.455767341037270235e-01
3.455767341037270235e-01
3.455767341037270235e-01
3.455767341037270235e-01
3.455767341037270235e-01
3.455767341037270235e-01
3.455767341037270235e-01
3.455767341037270235e-01
3.455767341037270235e-01
3.455767341037270235e-01
3.455767341037270235e-01
3.455767341037270235e-01
3.455767341037270235e-01
3.455767341037270235e-01
3.455767341037270235e-01
3.455767341037270235e-01
3.455767341037270235e-01
3.455767341037270235e-01
3.455767341037270235e-01
3.455767341037270235e-01
3.455767341037270235e-01
3.455767341037270235e-01
3.455767341037269680e-01
3.455767341037270235e-01
3.455767341037270235e-01
3.455767341037270790e-01
3.455767341037283558e-01
3.455767341037271900e-01
3.455767341037268570e-01
3.455767341037380147e-01
3.455767341037381257e-01
3.455767341036329321e-01
3.455767341036249940e-01
3.455767341046637187e-01
3.455767341047518149e-01
3.455767340943984300e-01
3.455767340934152720e-01
3.455767341977646900e-01
3.455767342089877681e-01
3.455767331423060251e-01
3.455767330098624690e-01
3.455767441116287531e-01
3.455767457385853225e-01
3.455766273610457739e-01
3.455766061987420312e-01
3.455779124077809628e-01
3.455782141108724725e-01
3.455630581491893061e-01
3.455584090496932603e-01
3.457528210006867164e-01
3.458680237845613847e-01
3.429416921962570308e-01
3.379422024023764903e-01
3.806132626163362676e-01
