1.697627677067072849e-01
1.685245384588833217e-01
1.677977278847067877e-01
1.671645835998975815e-01
1.667436899808873718e-01
1.663581232804085541e-01
1.660834143962064968e-01
1.658418058177077437e-01
1.656562039129563235e-01
1.655019191862880379e-01
1.653653876144615120e-01
1.652517436590093536e-01
1.651560737128217327e-01
1.650751852962442645e-01
1.650065838266736584e-01
1.649482411517702030e-01
1.648984927720414106e-01
1.648559595827927826e-01
1.648194898405593856e-01
1.647881210908673788e-01
1.647610424309285670e-01
1.647375686890361068e-01
1.647171167033950889e-01
1.646991895009975448e-01
1.646834285070316040e-01
1.646695725758319795e-01
1.646573899301860266e-01
1.646466819848332874e-01
1.646372697127803097e-01
1.646289974930273403e-01
1.646217272610410176e-01
1.646153384873693115e-01
1.646097242807913474e-01
1.646097242807913474e-01
1.646097242807913474e-01
1.646097242807913474e-01
1.646097242807913474e-01
1.646097242807913474e-01
1.646097242807913474e-01
1.646097242807913474e-01
1.646097242807913474e-01
1.646097242807913474e-01
1.646097242807913474e-01
1.646097242807913474e-01
1.646097242807913474e-01
1.646097242807913474e-01
1.646097242807913474e-01
1.646097242807913474e-01
1.646097242807913474e-01
1.646097242807913474e-01
1.646097242807913474e-01
1.646097242807913474e-01
1.646097242807913474e-01
1.646097242807913474e-01
1.646097242807913474e-01
1.646097242807913474e-01
1.646097242807913474e-01
1.646097242807913474e-01
1.646097242807913474e-01
1.646097242807913474e-01
1.646097242807913474e-01
1.646097242807913474e-01
1.646097242807913474e-01
1.646097242807913474e-01
1.646097242807913474e-01
1.646097242807913474e-01
1.646097242807913474e-01
1.646097242807913474e-01
1.646097242807913474e-01
1.646097242807913474e-01
1.646097242807913474e-01
1.646097242807913474e-01
1.646097242807913474e-01
1.646097242807913474e-01
1.646097242807913474e-01
1.646097242807913474e-01
1.646097242807913474e-01
1.646097242807913474e-01
1.646097242807913474e-01
1.646097242807913474e-01
1.646097242807913474e-01
1.646097242807913474e-01
1.646097242807913474e-01
1.646097242807913474e-01
1.646097242807913474e-01
1.646097242807913474e-01
1.646097242807913474e-01
1.646097242807913474e-01
1.646097242807913474e-01
1.646097242807913474e-01
1.646097242807913474e-01
1.646097242807913474e-01
1.646097242807913474e-01
1.646097242807913474e-01
1.646097242807913474e-01
1.646097242807913474e-01
1.646136895026480973e-01
1.646185629456003996e-01
1.646244689532147809e-01
1.646315513346928161e-01
1.646399753264352062e-01
1.646499334418638494e-01
1.646616513323682640e-01
1.646753917211665474e-01
1.646914622375791337e-01
1.647102252207405804e-01
1.647321056139079420e-01
1.647576047348674466e-01
1.647873141186455559e-01
1.648219313863775737e-01
1.648622859735599522e-01
1.649093650363910868e-01
1.649643415685405623e-01
1.650286262317250119e-01
1.651039138979032428e-01
1.651922640895276961e-01
1.652961982229427806e-01
1.654189315256774651e-01
1.655653993057207840e-01
1.657304593483637234e-01
1.659277794634672343e-01
1.661818535386606621e-01
1.664697734922155892e-01
1.668690431312934708e-01
1.673037823503977228e-01
1.679508046625445006e-01
1.686898834688148607e-01
1.699532878397356783e-01
