2.858956994576551947e-01
2.191414842379288963e-01
1.883382820365267496e-01
1.754519224173538283e-01
1.698819757442065759e-01
1.698265613133241592e-01
1.732150050128355434e-01
1.782401244348506830e-01
1.844983431492966675e-01
1.906314190232430428e-01
1.967538040042230707e-01
2.017952383113560955e-01
2.055350801351854273e-01
2.079014039771366340e-01
2.089932340358028606e-01
2.090324112618414387e-01
2.083025609653114396e-01
2.070946629425478858e-01
2.056686720322288553e-01
2.042320183105652831e-01
2.029333016430559800e-01
2.018648486221070182e-01
2.010718028633398935e-01
2.005620544645151382e-01
2.003184560182077467e-01
2.003038588971144951e-01
2.004676370898885174e-01
2.007533150210753237e-01
2.011051464499579999e-01
2.014732979480055863e-01
2.018172036593313678e-01
2.021078769490551319e-01
2.023281567910520107e-01
2.023281567910520107e-01
2.023281567910520107e-01
2.023281567910520107e-01
2.023281567910520107e-01
2.023281567910520107e-01
2.023281567910520107e-01
2.023281567910520107e-01
2.023281567910520107e-01
2.023281567910520107e-01
2.023281567910520107e-01
2.023281567910520107e-01
2.023281567910520107e-01
2.023281567910520107e-01
2.023281567910520107e-01
2.023281567910520107e-01
2.023281567910520107e-01
2.023281567910520107e-01
2.023281567910520107e-01
2.023281567910520107e-01
2.023281567910520107e-01
2.023281567910520107e-01
2.023281567910520107e-01
2.023281567910520107e-01
2.023281567910520107e-01
2.023281567910520107e-01
2.023281567910520107e-01
2.023281567910520107e-01
2.023281567910520107e-01
2.023281567910520107e-01
2.023281567910520107e-01
2.023281567910520107e-01
2.023281567910520107e-01
2.023281567910520107e-01
2.023281567910520107e-01
2.023281567910520107e-01
2.023281567910520107e-01
2.023281567910520107e-01
2.023281567910520107e-01
2.023281567910520107e-01
2.023281567910520107e-01
2.023281567910520107e-01
2.023281567910520107e-01
2.023281567910520107e-01
2.023281567910520107e-01
2.023281567910520107e-01
2.023281567910520107e-01
2.023281567910520107e-01
2.023281567910520107e-01
2.023281567910520107e-01
2.023281567910520107e-01
2.023281567910520107e-01
2.023281567910520107e-01
2.023281567910520107e-01
2.023281567910520107e-01
2.023281567910520107e-01
2.023281567910520107e-01
2.023281567910520107e-01
2.023281567910520107e-01
2.023281567910520107e-01
2.023281567910520107e-01
2.023281567910520107e-01
2.023281567910520107e-01
2.023281567910520107e-01
2.021722761225779874e-01
2.019500528432234820e-01
2.016700035547241143e-01
2.013540054132892942e-01
2.010382547649108287e-01
2.007718273400686537e-01
2.006138452343637080e-01
2.006283586567146893e-01
2.008774054356587679e-01
2.014121972514547054e-01
2.022629550973276125e-01
2.034271443541362245e-01
2.048574985018219441e-01
2.064503693837799747e-01
2.080373941499980561e-01
2.093831981746621940e-01
2.101956627657952659e-01
2.101521747881752167e-01
2.089455467167926350e-01
2.063461489227304269e-01
2.022685470010796294e-01
1.968191422886549358e-01
1.902693649643350804e-01
1.837386187052451048e-01
1.771569638294896998e-01
1.719114267643200578e-01
1.684184894424191337e-01
1.684753716277307689e-01
1.741345244265537495e-01
1.871951351788580242e-01
2.181851005489182649e-01
2.851455733863519360e-01
