3.625617391803286904e-01
3.194235238417817424e-01
3.114134831130750403e-01
3.097855608936792571e-01
3.094487240118062310e-01
3.093787707952572186e-01
3.093642319603755464e-01
3.093612097780135128e-01
3.093605815377027390e-01
3.093604509405973313e-01
3.093604237923659461e-01
3.093604181488562865e-01
3.093604169756979383e-01
3.093604167318249054e-01
3.093604166811293465e-01
3.093604166705908876e-01
3.093604166684001955e-01
3.093604166679447820e-01
3.093604166678501355e-01
3.093604166678304290e-01
3.093604166678263212e-01
3.093604166678255440e-01
3.093604166678253220e-01
3.093604166678252665e-01
3.093604166678252665e-01
3.093604166678252665e-01
3.093604166678252665e-01
3.093604166678252665e-01
3.093604166678252665e-01
3.093604166678252665e-01
3.093604166678252665e-01
3.093604166678252665e-01
3.093604166678252665e-01
3.093604166678252665e-01
3.093604166678252665e-01
3.093604166678252665e-01
3.093604166678252665e-01
3.093604166678252665e-01
3.093604166678252665e-01
3.093604166678252665e-01
3.093604166678252665e-01
3.093604166678252665e-01
3.093604166678252665e-01
3.093604166678252665e-01
3.093604166678252665e-01
3.093604166678252665e-01
3.093604166678252665e-01
3.093604166678252665e-01
3.093604166678252665e-01
3.093604166678252665e-01
3.093604166678252665e-01
3.093604166678252665e-01
3.093604166678252665e-01
3.093604166678252665e-01
3.093604166678252665e-01
3.093604166678252665e-01
3.093604166678252665e-01
3.093604166678252665e-01
3.093604166678252665e-01
3.093604166678252665e-01
3.093604166678252665e-01
3.093604166678252665e-01
3.093604166678252665e-01
3.093604166678252665e-01
3.093604166678252665e-01
3.093604166678252665e-01
3.093604166678252665e-01
3.093604166678252665e-01
3.093604166678252665e-01
3.093604166678252665e-01
3.093604166678252665e-01
3.093604166678252665e-01
3.093604166678252665e-01
3.093604166678252665e-01
3.093604166678252665e-01
3.093604166678252665e-01
3.093604166678252665e-01
3.093604166678252665e-01
3.093604166678252665e-01
3.093604166678252665e-01
3.093604166678252665e-01
3.093604166678252665e-01
3.093604166678252665e-01
3.093604166678252665e-01
3.093604166678252665e-01
3.093604166678252665e-01
3.093604166678252665e-01
3.093604166678252665e-01
3.093604166678252665e-01
3.093604166678252665e-01
3.093604166678252665e-01
3.093604166678252665e-01
3.093604166678252665e-01
3.093604166678252665e-01
3.093604166678252665e-01
3.093604166678252665e-01
3.093604166678252665e-01
3.093604166678252665e-01
3.093604166678252665e-01
3.093604166678252665e-01
3.093604166678252665e-01
3.093604166678252665e-01
3.093604166678252665e-01
3.093604166678252665e-01
3.093604166678252665e-01
3.093604166678253220e-01
3.093604166678255440e-01
3.093604166678263212e-01
3.093604166678304290e-01
3.093604166678500800e-01
3.093604166679447820e-01
3.093604166684001955e-01
3.093604166705908320e-01
3.093604166811293465e-01
3.093604167318249054e-01
3.093604169756978273e-01
3.093604181488562310e-01
3.093604237923659461e-01
3.093604509405972758e-01
3.093605815377026835e-01
3.093612097780135128e-01
3.093642319603755464e-01
3.093787707952572186e-01
3.094487240118062310e-01
3.097855608936792571e-01
3.114134831130749848e-01
3.194235238417817424e-01
3.625617391803286349e-01
