1.653290077452244100e-01
1.634846096258240900e-01
1.619082118104710477e-01
1.606680780997248315e-01
1.597557070115715738e-01
1.591090280841278570e-01
1.586470081426456236e-01
1.582988363011184618e-01
1.580178184456620116e-01
1.577802468957584248e-01
1.575765413853049690e-01
1.574024089454528208e-01
1.572544541237719806e-01
1.571288018625537353e-01
1.570219512107414728e-01
1.569309217291732783e-01
1.568532044579392104e-01
1.567866932614829234e-01
1.567296141704715984e-01
1.566804738921107609e-01
1.566380127963682423e-01
1.566011764329124367e-01
1.565690857095630717e-01
1.565410199304009264e-01
1.565163946434813824e-01
1.564947414663175329e-01
1.564756790230099059e-01
1.564588947648218875e-01
1.564441214613812581e-01
1.564311245247269611e-01
1.564196983478527980e-01
1.564096554727909538e-01
1.564008301447077920e-01
1.564008301447077920e-01
1.564008301447077920e-01
1.564008301447077920e-01
1.564008301447077920e-01
1.564008301447077920e-01
1.564008301447077920e-01
1.564008301447077920e-01
1.564008301447077920e-01
1.564008301447077920e-01
1.564008301447077920e-01
1.564008301447077920e-01
1.564008301447077920e-01
1.564008301447077920e-01
1.564008301447077920e-01
1.564008301447077920e-01
1.564008301447077920e-01
1.564008301447077920e-01
1.564008301447077920e-01
1.564008301447077920e-01
1.564008301447077920e-01
1.564008301447077920e-01
1.564008301447077920e-01
1.564008301447077920e-01
1.564008301447077920e-01
1.564008301447077920e-01
1.564008301447077920e-01
1.564008301447077920e-01
1.564008301447077920e-01
1.564008301447077920e-01
1.564008301447077920e-01
1.564008301447077920e-01
1.564008301447077920e-01
1.564008301447077920e-01
1.564008301447077920e-01
1.564008301447077920e-01
1.564008301447077920e-01
1.564008301447077920e-01
1.564008301447077920e-01
1.564008301447077920e-01
1.564008301447077920e-01
1.564008301447077920e-01
1.564008301447077920e-01
1.564008301447077920e-01
1.564008301447077920e-01
1.564008301447077920e-01
1.564008301447077920e-01
1.564008301447077920e-01
1.564008301447077920e-01
1.564008301447077920e-01
1.564008301447077920e-01
1.564008301447077920e-01
1.564008301447077920e-01
1.564008301447077920e-01
1.564008301447077920e-01
1.564008301447077920e-01
1.564008301447077920e-01
1.564008301447077920e-01
1.564008301447077920e-01
1.564008301447077920e-01
1.564008301447077920e-01
1.564008301447077920e-01
1.564008301447077920e-01
1.564008301447077920e-01
1.564070358247516557e-01
1.564146705737071708e-01
1.564239288648023862e-01
1.564350340792626526e-01
1.564482457491216394e-01
1.564638650236729323e-01
1.564822437525954235e-01
1.565037954072319715e-01
1.565290006539513112e-01
1.565584255821964310e-01
1.565927346370057927e-01
1.566327108509987243e-01
1.566792744634593060e-01
1.567335161982232328e-01
1.567967218168174193e-01
1.568704170145695798e-01
1.569564147173848623e-01
1.570568687164058397e-01
1.571743411916720068e-01
1.573118665085500301e-01
1.574730063966427451e-01
1.576616951422600277e-01
1.578813713020247866e-01
1.581363983642850857e-01
1.584364142655944052e-01
1.588051404987418924e-01
1.592891264964779174e-01
1.599587208772089986e-01
1.608940187327873583e-01
1.621555810479943238e-01
1.637499387713174381e-01
1.656215065956642418e-01
