2.857810222232906039e-01
2.269108031587489527e-01
2.087482521056619467e-01
2.031817477839182595e-01
2.018698594646042288e-01
2.018612934791115809e-01
2.021255369607938557e-01
2.023569597867257985e-01
2.025028871233999217e-01
2.025813687699535015e-01
2.026191075412588083e-01
2.026355275578869131e-01
2.026419257892129733e-01
2.026440626488211771e-01
2.026445862749731430e-01
2.026445963063989164e-01
2.026444961572917425e-01
2.026444071927876733e-01
2.026443508351508382e-01
2.026443204388684305e-01
2.026443057857284791e-01
2.026442993929120362e-01
2.026442968932394562e-01
2.026442960537122584e-01
2.026442958450542786e-01
2.026442958385642479e-01
2.026442958763098601e-01
2.026442959104033381e-01
2.026442959321329007e-01
2.026442959438957414e-01
2.026442959495830254e-01
2.026442959520713960e-01
2.026442959530479204e-01
2.026442959533776289e-01
2.026442959534606458e-01
2.026442959534641708e-01
2.026442959534500432e-01
2.026442959534369703e-01
2.026442959534285881e-01
2.026442959534240362e-01
2.026442959534218435e-01
2.026442959534208443e-01
2.026442959534204835e-01
2.026442959534203447e-01
2.026442959534202615e-01
2.026442959534202615e-01
2.026442959534202615e-01
2.026442959534202615e-01
2.026442959534202615e-01
2.026442959534202615e-01
2.026442959534202615e-01
2.026442959534202615e-01
2.026442959534202615e-01
2.026442959534202615e-01
2.026442959534202615e-01
2.026442959534202615e-01
2.026442959534202615e-01
2.026442959534202615e-01
2.026442959534202615e-01
2.026442959534202615e-01
2.026442959534202615e-01
2.026442959534202615e-01
2.026442959534202615e-01
2.026442959534202615e-01
2.026442959534202615e-01
2.026442959534202615e-01
2.026442959534202615e-01
2.026442959534202615e-01
2.026442959534202615e-01
2.026442959534202615e-01
2.026442959534202615e-01
2.026442959534202615e-01
2.026442959534202615e-01
2.026442959534202615e-01
2.026442959534202615e-01
2.026442959534202615e-01
2.026442959534202615e-01
2.026442959534202615e-01
2.026442959534202615e-01
2.026442959534202615e-01
2.026442959534202615e-01
2.026442959534202615e-01
2.026442959534202615e-01
2.026442959534202615e-01
2.026442959534202615e-01
2.026442959534204280e-01
2.026442959534208443e-01
2.026442959534218435e-01
2.026442959534240362e-01
2.026442959534285604e-01
2.026442959534370258e-01
2.026442959534500432e-01
2.026442959534641985e-01
2.026442959534606458e-01
2.026442959533776844e-01
2.026442959530479204e-01
2.026442959520714515e-01
2.026442959495830254e-01
2.026442959438957414e-01
2.026442959321329007e-01
2.026442959104033381e-01
2.026442958763098601e-01
2.026442958385642479e-01
2.026442958450542786e-01
2.026442960537122584e-01
2.026442968932394562e-01
2.026442993929120362e-01
2.026443057857284791e-01
2.026443204388684305e-01
2.026443508351508382e-01
2.026444071927876733e-01
2.026444961572917425e-01
2.026445963063988887e-01
2.026445862749731430e-01
2.026440626488211771e-01
2.026419257892129733e-01
2.026355275578869131e-01
2.026191075412588083e-01
2.025813687699535015e-01
2.025028871233999217e-01
2.023569597867257985e-01
2.021255369607938557e-01
2.018612934791115809e-01
2.018698594646042288e-01
2.031817477839182595e-01
2.087482521056619467e-01
2.269108031587489527e-01
2.857810222232906039e-01
