4.306161427324528002e-01
4.306161031309519993e-01
4.306161031309482246e-01
4.306161031309482246e-01
4.306161031309482246e-01
4.306161031309482246e-01
4.306161031309482246e-01
4.306161031309482246e-01
4.306161031309482246e-01
4.306161031309482246e-01
4.306161031309482246e-01
4.306161031309482246e-01
4.306161031309482246e-01
4.306161031309482246e-01
4.306161031309482246e-01
4.306161031309482246e-01
4.306161031309482246e-01
4.306161031309482246e-01
4.306161031309482246e-01
4.306161031309482246e-01
4.306161031309482246e-01
4.306161031309482246e-01
4.306161031309482246e-01
4.306161031309482246e-01
4.306161031309482246e-01
4.306161031309482246e-01
4.306161031309482246e-01
4.306161031309482246e-01
4.306161031309482246e-01
4.306161031309482246e-01
4.306161031309482246e-01
4.306161031309482246e-01
4.306161031309482246e-01
4.306161031309482246e-01
4.306161031309482246e-01
4.306161031309482246e-01
4.306161031309482246e-01
4.306161031309482246e-01
4.306161031309482246e-01
4.306161031309482246e-01
4.306161031309482246e-01
4.306161031309482246e-01
4.306161031309482246e-01
4.306161031309482246e-01
4.306161031309482246e-01
4.306161031309482246e-01
4.306161031309482246e-01
4.306161031309482246e-01
4.306161031309482246e-01
4.306161031309482246e-01
4.306161031309482246e-01
4.306161031309482246e-01
4.306161031309482246e-01
4.306161031309482246e-01
4.306161031309482246e-01
4.306161031309482246e-01
4.306161031309482246e-01
4.306161031309482246e-01
4.306161031309482246e-01
4.306161031309482246e-01
4.306161031309482246e-01
4.306161031309482246e-01
4.306161031309482246e-01
4.306161031309482246e-01
4.306161031309482246e-01
4.306161031309482246e-01
4.306161031309482246e-01
4.306161031309482246e-01
4.306161031309482246e-01
4.306161031309482246e-01
4.306161031309482246e-01
4.306161031309482246e-01
4.306161031309482246e-01
4.306161031309482246e-01
4.306161031309482246e-01
4.306161031309482246e-01
4.306161031309482246e-01
4.306161031309482246e-01
4.306161031309482246e-01
4.306161031309482246e-01
4.306161031309482246e-01
4.306161031309482246e-01
4.306161031309482246e-01
4.306161031309482246e-01
4.306161031309482246e-01
4.306161031309482246e-01
4.306161031309482246e-01
4.306161031309482246e-01
4.306161031309482246e-01
4.306161031309482246e-01
4.306161031309482246e-01
4.306161031309482246e-01
4.306161031309482246e-01
4.306161031309482246e-01
4.306161031309482246e-01
4.306161031309482246e-01
4.306161031309482246e-01
4.306161031309482246e-01
4.306161031309482246e-01
4.306161031309482246e-01
4.306161031309482246e-01
4.306161031309482246e-01
4.306161031309482246e-01
4.306161031309482246e-01
4.306161031309482246e-01
4.306161031309482246e-01
4.306161031309482246e-01
4.306161031309482246e-01
4.306161031309482246e-01
4.306161031309482246e-01
4.306161031309482246e-01
4.306161031309482246e-01
4.306161031309482246e-01
4.306161031309482246e-01
4.306161031309482246e-01
4.306161031309482246e-01
4.306161031309482246e-01
4.306161031309482246e-01
4.306161031309482246e-01
4.306161031309482246e-01
4.306161031309482246e-01
4.306161031309482246e-01
4.306161031309482246e-01
4.306161031309482246e-01
4.306161031309482246e-01
4.306161031309482246e-01
4.306161031309519993e-01
4.306161427324528002e-01
