3.634636415680051469e-01
2.841510709876703955e-01
3.289426497788963677e-01
3.673506010419091972e-01
3.606392329744128600e-01
3.452924763235252770e-01
3.472167253786295760e-01
3.535514601978506644e-01
3.517860456605050312e-01
3.474648834087921134e-01
3.479950258485411396e-01
3.503910370214551873e-01
3.499295170474762684e-01
3.483529240713864050e-01
3.484649203149952634e-01
3.493843532670465879e-01
3.492577354433233916e-01
3.486283939865008064e-01
3.486685961297275038e-01
3.490660250575886581e-01
3.490244237978107900e-01
3.487445766373897249e-01
3.487610656330354941e-01
3.489507826899554410e-01
3.489350227663414183e-01
3.487970014912815109e-01
3.488045043114463284e-01
3.489014484235253288e-01
3.488946569522671792e-01
3.488236982590816049e-01
3.488274729381484196e-01
3.488786987489768676e-01
3.488760322402822411e-01
3.488760322402822411e-01
3.488760322402822411e-01
3.488760322402822411e-01
3.488760322402822411e-01
3.488760322402822411e-01
3.488760322402822411e-01
3.488760322402822411e-01
3.488760322402822411e-01
3.488760322402822411e-01
3.488760322402822411e-01
3.488760322402822411e-01
3.488760322402822411e-01
3.488760322402822411e-01
3.488760322402822411e-01
3.488760322402822411e-01
3.488760322402822411e-01
3.488760322402822411e-01
3.488760322402822411e-01
3.488760322402822411e-01
3.488760322402822411e-01
3.488760322402822411e-01
3.488760322402822411e-01
3.488760322402822411e-01
3.488760322402822411e-01
3.488760322402822411e-01
3.488760322402822411e-01
3.488760322402822411e-01
3.488760322402822411e-01
3.488760322402822411e-01
3.488760322402822411e-01
3.488760322402822411e-01
3.488760322402822411e-01
3.488760322402822411e-01
3.488760322402822411e-01
3.488760322402822411e-01
3.488760322402822411e-01
3.488760322402822411e-01
3.488760322402822411e-01
3.488760322402822411e-01
3.488760322402822411e-01
3.488760322402822411e-01
3.488760322402822411e-01
3.488760322402822411e-01
3.488760322402822411e-01
3.488760322402822411e-01
3.488760322402822411e-01
3.488760322402822411e-01
3.488760322402822411e-01
3.488760322402822411e-01
3.488760322402822411e-01
3.488760322402822411e-01
3.488760322402822411e-01
3.488760322402822411e-01
3.488760322402822411e-01
3.488760322402822411e-01
3.488760322402822411e-01
3.488760322402822411e-01
3.488760322402822411e-01
3.488760322402822411e-01
3.488760322402822411e-01
3.488760322402822411e-01
3.488760322402822411e-01
3.488760322402822411e-01
3.488777733701804995e-01
3.488380962394425078e-01
3.488348978580577686e-01
3.488961787595041830e-01
3.489024816200842483e-01
3.488120158501157309e-01
3.488048981879575683e-01
3.489424798708877784e-01
3.489591263735653537e-01
3.487608622515840917e-01
3.487439877662946719e-01
3.490490830517191112e-01
3.490963088843687667e-01
3.486594901448196171e-01
3.486168641341783059e-01
3.493143739802195280e-01
3.494576507445652513e-01
3.484490426655508233e-01
3.483308792017003608e-01
3.500523968747600301e-01
3.505608072455528856e-01
3.479852894378020478e-01
3.474302160621927649e-01
3.520238941139207101e-01
3.539119430193760074e-01
3.472301214202764275e-01
3.452506776128140831e-01
3.611010495291114841e-01
3.680476364823442870e-01
3.285628426575987748e-01
2.831397818445957060e-01
3.625087381788587582e-01
