7.707946262196964382e-02
5.906696368541874964e-02
4.963788460829559462e-02
4.481288399972296194e-02
4.197246643127013760e-02
3.977704433885283913e-02
3.786497053383652833e-02
3.628372262872099629e-02
3.505747426020115742e-02
3.411247406493032874e-02
3.336189637796255214e-02
3.275154985997898865e-02
3.225059908375960821e-02
3.183629298591494211e-02
3.149137417456815413e-02
3.120258562142952038e-02
3.095956279456836893e-02
3.075410704331220380e-02
3.057965499029764375e-02
3.043087354813327206e-02
3.030338559470295914e-02
3.019356175766259656e-02
3.009841226080002541e-02
3.001553158303400803e-02
2.994307192814216201e-02
2.987960877552591279e-02
2.982400697949248725e-02
2.977530451292447963e-02
2.973263749576634390e-02
2.969523659967219717e-02
2.966243045118916247e-02
2.963364955535624512e-02
2.960838664090111039e-02
2.960838664090111039e-02
2.960838664090111039e-02
2.960838664090111039e-02
2.960838664090111039e-02
2.960838664090111039e-02
2.960838664090111039e-02
2.960838664090111039e-02
2.960838664090111039e-02
2.960838664090111039e-02
2.960838664090111039e-02
2.960838664090111039e-02
2.960838664090111039e-02
2.960838664090111039e-02
2.960838664090111039e-02
2.960838664090111039e-02
2.960838664090111039e-02
2.960838664090111039e-02
2.960838664090111039e-02
2.960838664090111039e-02
2.960838664090111039e-02
2.960838664090111039e-02
2.960838664090111039e-02
2.960838664090111039e-02
2.960838664090111039e-02
2.960838664090111039e-02
2.960838664090111039e-02
2.960838664090111039e-02
2.960838664090111039e-02
2.960838664090111039e-02
2.960838664090111039e-02
2.960838664090111039e-02
2.960838664090111039e-02
2.960838664090111039e-02
2.960838664090111039e-02
2.960838664090111039e-02
2.960838664090111039e-02
2.960838664090111039e-02
2.960838664090111039e-02
2.960838664090111039e-02
2.960838664090111039e-02
2.960838664090111039e-02
2.960838664090111039e-02
2.960838664090111039e-02
2.960838664090111039e-02
2.960838664090111039e-02
2.960838664090111039e-02
2.960838664090111039e-02
2.960838664090111039e-02
2.960838664090111039e-02
2.960838664090111039e-02
2.960838664090111039e-02
2.960838664090111039e-02
2.960838664090111039e-02
2.960838664090111039e-02
2.960838664090111039e-02
2.960838664090111039e-02
2.960838664090111039e-02
2.960838664090111039e-02
2.960838664090111039e-02
2.960838664090111039e-02
2.960838664090111039e-02
2.960838664090111039e-02
2.960838664090111039e-02
2.962648601304226567e-02
2.964869696609951852e-02
2.967560070859882188e-02
2.970786649216330955e-02
2.974628540603502236e-02
2.979177343580750176e-02
2.984540719864566330e-02
2.990846770000897895e-02
2.998246722987897919e-02
3.006920468564897725e-02
3.017082516847770582e-02
3.028990484160882374e-02
3.042953124167324663e-02
3.059345394914855798e-02
3.078622675845157919e-02
3.101344063434550991e-02
3.128199416893828744e-02
3.160051376193880046e-02
3.197988017938003386e-02
3.243401088433955221e-02
3.298102354164244437e-02
3.364479214137852670e-02
3.445761022408076052e-02
3.547590236586923435e-02
3.678981721337436922e-02
3.847703022052656463e-02
4.051614231797394383e-02
4.286292038668757659e-02
4.589617136797366492e-02
5.101283808875380077e-02
6.096282056260034221e-02
7.996934098239646960e-02
