2.580811794420213579e-01
1.774713386430757656e-01
1.576215933683767501e-01
1.583706671237970764e-01
1.676243681530126262e-01
1.814564405573183825e-01
1.917983914256521649e-01
1.950218387091866568e-01
1.938771347941434797e-01
1.911210989651161152e-01
1.886238648110139804e-01
1.873952718254586480e-01
1.874826774341095126e-01
1.883197348292885431e-01
1.891849177594557008e-01
1.896125594093474864e-01
1.895394912229825812e-01
1.891787223286438557e-01
1.888052704072992749e-01
1.886040674830871122e-01
1.886157752342695892e-01
1.887639860075593923e-01
1.889282959929947103e-01
1.890174900463834073e-01
1.890065595706942603e-01
1.889294276408640949e-01
1.888442167721954834e-01
1.887966691431073041e-01
1.888004977754626224e-01
1.888392484563188589e-01
1.888829176219259387e-01
1.889072320374276248e-01
1.889047238352311031e-01
1.889047238352311031e-01
1.889047238352311031e-01
1.889047238352311031e-01
1.889047238352311031e-01
1.889047238352311031e-01
1.889047238352311031e-01
1.889047238352311031e-01
1.889047238352311031e-01
1.889047238352311031e-01
1.889047238352311031e-01
1.889047238352311031e-01
1.889047238352311031e-01
1.889047238352311031e-01
1.889047238352311031e-01
1.889047238352311031e-01
1.889047238352311031e-01
1.889047238352311031e-01
1.889047238352311031e-01
1.889047238352311031e-01
1.889047238352311031e-01
1.889047238352311031e-01
1.889047238352311031e-01
1.889047238352311031e-01
1.889047238352311031e-01
1.889047238352311031e-01
1.889047238352311031e-01
1.889047238352311031e-01
1.889047238352311031e-01
1.889047238352311031e-01
1.889047238352311031e-01
1.889047238352311031e-01
1.889047238352311031e-01
1.889047238352311031e-01
1.889047238352311031e-01
1.889047238352311031e-01
1.889047238352311031e-01
1.889047238352311031e-01
1.889047238352311031e-01
1.889047238352311031e-01
1.889047238352311031e-01
1.889047238352311031e-01
1.889047238352311031e-01
1.889047238352311031e-01
1.889047238352311031e-01
1.889047238352311031e-01
1.889047238352311031e-01
1.889047238352311031e-01
1.889047238352311031e-01
1.889047238352311031e-01
1.889047238352311031e-01
1.889047238352311031e-01
1.889047238352311031e-01
1.889047238352311031e-01
1.889047238352311031e-01
1.889047238352311031e-01
1.889047238352311031e-01
1.889047238352311031e-01
1.889047238352311031e-01
1.889047238352311031e-01
1.889047238352311031e-01
1.889047238352311031e-01
1.889047238352311031e-01
1.889047238352311031e-01
1.889064321607646646e-01
1.888878506179244299e-01
1.888523405265279675e-01
1.888190819456332659e-01
1.888155475238011138e-01
1.888597450190260263e-01
1.889418668819846936e-01
1.890187515028933507e-01
1.890304952415436113e-01
1.889377475238189774e-01
1.887625686141496950e-01
1.886022251084358281e-01
1.885904852925227304e-01
1.888142038762194996e-01
1.892297793098669523e-01
1.896324480101491405e-01
1.897170937066800234e-01
1.892483874198528648e-01
1.882995487104295873e-01
1.873876853118898733e-01
1.872998473045991152e-01
1.886370420019327920e-01
1.913328095197261713e-01
1.943025766343993155e-01
1.955475949142921888e-01
1.921665993912868853e-01
1.813917897643576027e-01
1.670974835727004337e-01
1.575925876167398876e-01
1.568514237433347169e-01
1.768783073249823590e-01
2.575345700529749204e-01
