2.411938357801837463e-01
1.612119039912085494e-01
1.387986319230415377e-01
1.437963727994028273e-01
1.616206380051253833e-01
1.793560750214872879e-01
1.892261795657715351e-01
1.905718132712797830e-01
1.865689090992865840e-01
1.812580976396374055e-01
1.774443285124875647e-01
1.761382559701180905e-01
1.769775136262556059e-01
1.788022779659262651e-01
1.803442992209473850e-01
1.809080946343487872e-01
1.805549855241620205e-01
1.797789436639207483e-01
1.790937209190075485e-01
1.787930410222617894e-01
1.788969516859932885e-01
1.792259021284415554e-01
1.795428430495740746e-01
1.796876822843370414e-01
1.796358370679948524e-01
1.794696786954057544e-01
1.793052395929178866e-01
1.792250633060399889e-01
1.792464840490416156e-01
1.793303233009122810e-01
1.794158833493252059e-01
1.794582532386761742e-01
1.794472806755063876e-01
1.794472806755063876e-01
1.794472806755063876e-01
1.794472806755063876e-01
1.794472806755063876e-01
1.794472806755063876e-01
1.794472806755063876e-01
1.794472806755063876e-01
1.794472806755063876e-01
1.794472806755063876e-01
1.794472806755063876e-01
1.794472806755063876e-01
1.794472806755063876e-01
1.794472806755063876e-01
1.794472806755063876e-01
1.794472806755063876e-01
1.794472806755063876e-01
1.794472806755063876e-01
1.794472806755063876e-01
1.794472806755063876e-01
1.794472806755063876e-01
1.794472806755063876e-01
1.794472806755063876e-01
1.794472806755063876e-01
1.794472806755063876e-01
1.794472806755063876e-01
1.794472806755063876e-01
1.794472806755063876e-01
1.794472806755063876e-01
1.794472806755063876e-01
1.794472806755063876e-01
1.794472806755063876e-01
1.794472806755063876e-01
1.794472806755063876e-01
1.794472806755063876e-01
1.794472806755063876e-01
1.794472806755063876e-01
1.794472806755063876e-01
1.794472806755063876e-01
1.794472806755063876e-01
1.794472806755063876e-01
1.794472806755063876e-01
1.794472806755063876e-01
1.794472806755063876e-01
1.794472806755063876e-01
1.794472806755063876e-01
1.794472806755063876e-01
1.794472806755063876e-01
1.794472806755063876e-01
1.794472806755063876e-01
1.794472806755063876e-01
1.794472806755063876e-01
1.794472806755063876e-01
1.794472806755063876e-01
1.794472806755063876e-01
1.794472806755063876e-01
1.794472806755063876e-01
1.794472806755063876e-01
1.794472806755063876e-01
1.794472806755063876e-01
1.794472806755063876e-01
1.794472806755063876e-01
1.794472806755063876e-01
1.794472806755063876e-01
1.794548495710147351e-01
1.794226349003320287e-01
1.793534352789331043e-01
1.792819454263211709e-01
1.792628051051676497e-01
1.793372237759376653e-01
1.794955212947973167e-01
1.796609809628472443e-01
1.797147540891979589e-01
1.795638358347576014e-01
1.792254814163345145e-01
1.788688392039763098e-01
1.787560650205021195e-01
1.790902123036110793e-01
1.798522692408356938e-01
1.807173564041387182e-01
1.811147521101533209e-01
1.804960828110315219e-01
1.787990270560506634e-01
1.768032347337025745e-01
1.758997396466887853e-01
1.773239790306612440e-01
1.814347711210534120e-01
1.871441399936564498e-01
1.914675809289268504e-01
1.900701711384254478e-01
1.796090442018174194e-01
1.610945406324586493e-01
1.428706430474674105e-01
1.378730841947978791e-01
1.603443604325131555e-01
2.399892213652969342e-01
