7.035670440368623213e-01
6.693183246814823351e-01
6.478918107817296379e-01
6.321374000809198979e-01
6.202926499449135100e-01
6.109211144021925444e-01
6.034652293185460703e-01
5.973080048728629521e-01
5.922500570797799568e-01
5.879775370491092668e-01
5.846507045125934887e-01
5.818517975430452793e-01
5.795061314953351417e-01
5.775342843565351991e-01
5.758708336661362281e-01
5.744626839184310274e-01
5.732667481319653202e-01
5.722476933272589994e-01
5.713766009643117538e-01
5.706293610281478745e-01
5.699858930948357161e-01
5.694293772417393651e-01
5.689455911954262035e-01
5.685224617605110220e-01
5.681512406872495369e-01
5.678254829675765114e-01
5.675395927946493835e-01
5.672886340923559700e-01
5.670682775289908051e-01
5.668747947038091928e-01
5.667048296553762743e-01
5.665555296559169340e-01
5.664244085548966190e-01
5.664244085548966190e-01
5.664244085548966190e-01
5.664244085548966190e-01
5.664244085548966190e-01
5.664244085548966190e-01
5.664244085548966190e-01
5.664244085548966190e-01
5.664244085548966190e-01
5.664244085548966190e-01
5.664244085548966190e-01
5.664244085548966190e-01
5.664244085548966190e-01
5.664244085548966190e-01
5.664244085548966190e-01
5.664244085548966190e-01
5.664244085548966190e-01
5.664244085548966190e-01
5.664244085548966190e-01
5.664244085548966190e-01
5.664244085548966190e-01
5.664244085548966190e-01
5.664244085548966190e-01
5.664244085548966190e-01
5.664244085548966190e-01
5.664244085548966190e-01
5.664244085548966190e-01
5.664244085548966190e-01
5.664244085548966190e-01
5.664244085548966190e-01
5.664244085548966190e-01
5.664244085548966190e-01
5.664244085548966190e-01
5.664244085548966190e-01
5.664244085548966190e-01
5.664244085548966190e-01
5.664244085548966190e-01
5.664244085548966190e-01
5.664244085548966190e-01
5.664244085548966190e-01
5.664244085548966190e-01
5.664244085548966190e-01
5.664244085548966190e-01
5.664244085548966190e-01
5.664244085548966190e-01
5.664244085548966190e-01
5.664244085548966190e-01
5.664244085548966190e-01
5.664244085548966190e-01
5.664244085548966190e-01
5.664244085548966190e-01
5.664244085548966190e-01
5.664244085548966190e-01
5.664244085548966190e-01
5.664244085548966190e-01
5.664244085548966190e-01
5.664244085548966190e-01
5.664244085548966190e-01
5.664244085548966190e-01
5.664244085548966190e-01
5.664244085548966190e-01
5.664244085548966190e-01
5.664244085548966190e-01
5.664244085548966190e-01
5.665180361681774190e-01
5.666329031830635854e-01
5.667719854419066561e-01
5.669386711999147010e-01
5.671369433162949392e-01
5.673713837660283588e-01
5.676473590390984647e-01
5.679712079116817636e-01
5.683503427382048390e-01
5.687934910853394976e-01
5.693109843160792938e-01
5.699150124591910727e-01
5.706201195758253686e-01
5.714435698495411442e-01
5.724060214086205134e-01
5.735322646603060459e-01
5.748522016297805681e-01
5.764020685769436492e-01
5.782261732988613900e-01
5.803788266385638828e-01
5.829270484160237187e-01
5.859516516587617296e-01
5.895292196557027076e-01
5.940800277369699955e-01
5.994426834221964207e-01
6.059363416226073440e-01
6.137586775139332040e-01
6.235367109768216176e-01
6.358212716966418210e-01
6.520712513765194451e-01
6.740259486468784811e-01
7.089294537948741537e-01
