1.131874218082165873e-01
8.748320497382838790e-02
7.366783352992828382e-02
6.545959310321687596e-02
6.026195440275781967e-02
5.682824594882421310e-02
5.449310127858165986e-02
5.287260192713137685e-02
5.173183644697638972e-02
5.092055576667124661e-02
5.033934737787082447e-02
4.992075710825130685e-02
4.961813420110876283e-02
4.939873806619347191e-02
4.923936433254627598e-02
4.912341662308278289e-02
4.903897270672945286e-02
4.897742541409459693e-02
4.893254108542399727e-02
4.889979494912975733e-02
4.887589721423045430e-02
4.885845308065492332e-02
4.884571769322566814e-02
4.883641891142126434e-02
4.882962879494442965e-02
4.882467023551301244e-02
4.882104902692913084e-02
4.881840439119386477e-02
4.881647291870316874e-02
4.881506227074621646e-02
4.881403199351848354e-02
4.881327951630527739e-02
4.881272993079568967e-02
4.881232852925174170e-02
4.881203535620090572e-02
4.881182122997770878e-02
4.881166483739629580e-02
4.881155061199725365e-02
4.881146718448578503e-02
4.881140625102672881e-02
4.881136174670254457e-02
4.881132924184012484e-02
4.881130550110810568e-02
4.881128816149457594e-02
4.881127549711042346e-02
4.881126624740743380e-02
4.881125949171308959e-02
4.881125455759350446e-02
4.881125095392428725e-02
4.881124832200733898e-02
4.881124639986837016e-02
4.881124499618152979e-02
4.881124397122584002e-02
4.881124322297816787e-02
4.881124267695816782e-02
4.881124227881489946e-02
4.881124198891688415e-02
4.881124177840727441e-02
4.881124162633158209e-02
4.881124151755183993e-02
4.881124144123979297e-02
4.881124138979908711e-02
4.881124135810914477e-02
4.881124134301541295e-02
4.881124134301541295e-02
4.881124135810914477e-02
4.881124138979908711e-02
4.881124144123979297e-02
4.881124151755183993e-02
4.881124162633158209e-02
4.881124177840727441e-02
4.881124198891688415e-02
4.881124227881489946e-02
4.881124267695816088e-02
4.881124322297816787e-02
4.881124397122584696e-02
4.881124499618153673e-02
4.881124639986837710e-02
4.881124832200733898e-02
4.881125095392428725e-02
4.881125455759350446e-02
4.881125949171308959e-02
4.881126624740743380e-02
4.881127549711041652e-02
4.881128816149458288e-02
4.881130550110811261e-02
4.881132924184013178e-02
4.881136174670255845e-02
4.881140625102672881e-02
4.881146718448578503e-02
4.881155061199724671e-02
4.881166483739628192e-02
4.881182122997770878e-02
4.881203535620090572e-02
4.881232852925172783e-02
4.881272993079570355e-02
4.881327951630527046e-02
4.881403199351847660e-02
4.881506227074621646e-02
4.881647291870316874e-02
4.881840439119386477e-02
4.882104902692913084e-02
4.882467023551301244e-02
4.882962879494442965e-02
4.883641891142125740e-02
4.884571769322566814e-02
4.885845308065492332e-02
4.887589721423045430e-02
4.889979494912975733e-02
4.893254108542399727e-02
4.897742541409459693e-02
4.903897270672945286e-02
4.912341662308278289e-02
4.923936433254627598e-02
4.939873806619347191e-02
4.961813420110876283e-02
4.992075710825130685e-02
5.033934737787082447e-02
5.092055576667124661e-02
5.173183644697638278e-02
5.287260192713136298e-02
5.449310127858165986e-02
5.682824594882419228e-02
6.026195440275780579e-02
6.545959310321686209e-02
7.366783352992829770e-02
8.748320497382838790e-02
1.131874218082165873e-01
