1.284616875807510494e-01
1.285109756705228312e-01
1.287020288571522619e-01
1.284613024857628738e-01
1.286883920948864723e-01
1.284498534030694139e-01
1.286083563215670300e-01
1.284218846637613376e-01
1.285027913866919613e-01
1.283635306580604152e-01
1.283602047874715657e-01
1.282404842619754848e-01
1.281674698494648656e-01
1.281101250896727328e-01
1.280681420375857082e-01
1.280381370788472584e-01
1.280178310906726624e-01
1.280051252543411844e-01
1.279982441378018365e-01
1.279957015391383623e-01
1.279963046237757029e-01
1.279991225740877148e-01
1.280034649301337590e-01
1.280089683447888926e-01
1.280151830325118034e-01
1.280215809589948517e-01
1.280278153114560724e-01
1.280336461844269191e-01
1.280389337886904955e-01
1.280435961584178162e-01
1.280476050532367294e-01
1.280509659307049186e-01
1.280537228896369562e-01
1.280537228896369562e-01
1.280537228896369562e-01
1.280537228896369562e-01
1.280537228896369562e-01
1.280537228896369562e-01
1.280537228896369562e-01
1.280537228896369562e-01
1.280537228896369562e-01
1.280537228896369562e-01
1.280537228896369562e-01
1.280537228896369562e-01
1.280537228896369562e-01
1.280537228896369562e-01
1.280537228896369562e-01
1.280537228896369562e-01
1.280537228896369562e-01
1.280537228896369562e-01
1.280537228896369562e-01
1.280537228896369562e-01
1.280537228896369562e-01
1.280537228896369562e-01
1.280537228896369562e-01
1.280537228896369562e-01
1.280537228896369562e-01
1.280537228896369562e-01
1.280537228896369562e-01
1.280537228896369562e-01
1.280537228896369562e-01
1.280537228896369562e-01
1.280537228896369562e-01
1.280537228896369562e-01
1.280537228896369562e-01
1.280537228896369562e-01
1.280537228896369562e-01
1.280537228896369562e-01
1.280537228896369562e-01
1.280537228896369562e-01
1.280537228896369562e-01
1.280537228896369562e-01
1.280537228896369562e-01
1.280537228896369562e-01
1.280537228896369562e-01
1.280537228896369562e-01
1.280537228896369562e-01
1.280537228896369562e-01
1.280537228896369562e-01
1.280537228896369562e-01
1.280537228896369562e-01
1.280537228896369562e-01
1.280537228896369562e-01
1.280537228896369562e-01
1.280537228896369562e-01
1.280537228896369562e-01
1.280537228896369562e-01
1.280537228896369562e-01
1.280537228896369562e-01
1.280537228896369562e-01
1.280537228896369562e-01
1.280537228896369562e-01
1.280537228896369562e-01
1.280537228896369562e-01
1.280537228896369562e-01
1.280537228896369562e-01
1.280523038410840975e-01
1.280503073036020067e-01
1.280476777005218336e-01
1.280443673251548675e-01
1.280403712414264761e-01
1.280357320776975283e-01
1.280305389037877661e-01
1.280249699310740952e-01
1.280192836357990083e-01
1.280138717259508563e-01
1.280092573019885049e-01
1.280061506620863709e-01
1.280054615649150740e-01
1.280083445528720776e-01
1.280162351973834767e-01
1.280308527623116033e-01
1.280542574251610777e-01
1.280887697041604156e-01
1.281369860781233216e-01
1.282023355898026518e-01
1.282851776318467141e-01
1.284137230376219962e-01
1.284328251547410260e-01
1.285974221706460419e-01
1.285452438102705763e-01
1.287750634424412732e-01
1.286601530364701873e-01
1.289663091068683209e-01
1.287992717969273782e-01
1.291439505156884160e-01
1.290244329112260058e-01
1.291422716334960363e-01
