1.300624859616944518e-01
9.956393802985516461e-02
8.781728287255484433e-02
7.932419965209291934e-02
7.344607206112743758e-02
6.993736602760640408e-02
6.712133414321429237e-02
6.511809726730563574e-02
6.379357484626789476e-02
6.276240412140093872e-02
6.199103946693820116e-02
6.144663169337417213e-02
6.107000915738280272e-02
6.081982164438120425e-02
6.066459397166191342e-02
6.057988830694526622e-02
6.054663447712106683e-02
6.054996803703763947e-02
6.057837893357466419e-02
6.062305499677270171e-02
6.067735534245429635e-02
6.073637803902431909e-02
6.079663884159249021e-02
6.085571399075938998e-02
6.091181299445268260e-02
6.096359549795189736e-02
6.101023468882536827e-02
6.105131738930358321e-02
6.108675200880818446e-02
6.111667712527554114e-02
6.114141689151727371e-02
6.116139653675234378e-02
6.117711460578961064e-02
6.117711460578961064e-02
6.117711460578961064e-02
6.117711460578961064e-02
6.117711460578961064e-02
6.117711460578961064e-02
6.117711460578961064e-02
6.117711460578961064e-02
6.117711460578961064e-02
6.117711460578961064e-02
6.117711460578961064e-02
6.117711460578961064e-02
6.117711460578961064e-02
6.117711460578961064e-02
6.117711460578961064e-02
6.117711460578961064e-02
6.117711460578961064e-02
6.117711460578961064e-02
6.117711460578961064e-02
6.117711460578961064e-02
6.117711460578961064e-02
6.117711460578961064e-02
6.117711460578961064e-02
6.117711460578961064e-02
6.117711460578961064e-02
6.117711460578961064e-02
6.117711460578961064e-02
6.117711460578961064e-02
6.117711460578961064e-02
6.117711460578961064e-02
6.117711460578961064e-02
6.117711460578961064e-02
6.117711460578961064e-02
6.117711460578961064e-02
6.117711460578961064e-02
6.117711460578961064e-02
6.117711460578961064e-02
6.117711460578961064e-02
6.117711460578961064e-02
6.117711460578961064e-02
6.117711460578961064e-02
6.117711460578961064e-02
6.117711460578961064e-02
6.117711460578961064e-02
6.117711460578961064e-02
6.117711460578961064e-02
6.117711460578961064e-02
6.117711460578961064e-02
6.117711460578961064e-02
6.117711460578961064e-02
6.117711460578961064e-02
6.117711460578961064e-02
6.117711460578961064e-02
6.117711460578961064e-02
6.117711460578961064e-02
6.117711460578961064e-02
6.117711460578961064e-02
6.117711460578961064e-02
6.117711460578961064e-02
6.117711460578961064e-02
6.117711460578961064e-02
6.117711460578961064e-02
6.117711460578961064e-02
6.117711460578961064e-02
6.116600944134645279e-02
6.115075535540932805e-02
6.113062948564001314e-02
6.110496749617340406e-02
6.107319555308873132e-02
6.103490864621308187e-02
6.098994140535678177e-02
6.093846807167713209e-02
6.088112142895676926e-02
6.081914785705529181e-02
6.075455997482676063e-02
6.069036619284813583e-02
6.063080468607029427e-02
6.058163955460214162e-02
6.055051204732331965e-02
6.054734922889234983e-02
6.058489113566287859e-02
6.067933713454592287e-02
6.085120743281369898e-02
6.112649835580945962e-02
6.153838944329960425e-02
6.213016341685548977e-02
6.296327764465721455e-02
6.407293034567580758e-02
6.549604744108064591e-02
6.762556247735589110e-02
7.060055659593304778e-02
7.430745657069633137e-02
8.046218369856635022e-02
8.932705155141465458e-02
1.015886383698949569e-01
1.332577391984894333e-01
