1.403602708398470345e-01
1.106046704121323998e-01
9.726854258809128351e-02
8.761059112545166450e-02
8.208917676964290477e-02
7.763780613606116598e-02
7.482557477228997389e-02
7.262246007918034263e-02
7.112120306262596781e-02
7.002274898177342222e-02
6.917997706705097949e-02
6.858475151405585279e-02
6.817210360999688412e-02
6.789717848869776529e-02
6.772579635827796762e-02
6.763137783059522401e-02
6.759317048344891388e-02
6.759499102837382423e-02
6.762430253013654302e-02
6.767150140395637725e-02
6.772934703946187351e-02
6.779249802254211366e-02
6.785713108218618950e-02
6.792061387271196293e-02
6.798097677449020659e-02
6.803674919166977086e-02
6.808703324131935852e-02
6.813135672916505181e-02
6.816961421940206933e-02
6.820195148986699096e-02
6.822870483072684955e-02
6.825033045645416407e-02
6.826736141692833770e-02
6.826736141692833770e-02
6.826736141692833770e-02
6.826736141692833770e-02
6.826736141692833770e-02
6.826736141692833770e-02
6.826736141692833770e-02
6.826736141692833770e-02
6.826736141692833770e-02
6.826736141692833770e-02
6.826736141692833770e-02
6.826736141692833770e-02
6.826736141692833770e-02
6.826736141692833770e-02
6.826736141692833770e-02
6.826736141692833770e-02
6.826736141692833770e-02
6.826736141692833770e-02
6.826736141692833770e-02
6.826736141692833770e-02
6.826736141692833770e-02
6.826736141692833770e-02
6.826736141692833770e-02
6.826736141692833770e-02
6.826736141692833770e-02
6.826736141692833770e-02
6.826736141692833770e-02
6.826736141692833770e-02
6.826736141692833770e-02
6.826736141692833770e-02
6.826736141692833770e-02
6.826736141692833770e-02
6.826736141692833770e-02
6.826736141692833770e-02
6.826736141692833770e-02
6.826736141692833770e-02
6.826736141692833770e-02
6.826736141692833770e-02
6.826736141692833770e-02
6.826736141692833770e-02
6.826736141692833770e-02
6.826736141692833770e-02
6.826736141692833770e-02
6.826736141692833770e-02
6.826736141692833770e-02
6.826736141692833770e-02
6.826736141692833770e-02
6.826736141692833770e-02
6.826736141692833770e-02
6.826736141692833770e-02
6.826736141692833770e-02
6.826736141692833770e-02
6.826736141692833770e-02
6.826736141692833770e-02
6.826736141692833770e-02
6.826736141692833770e-02
6.826736141692833770e-02
6.826736141692833770e-02
6.826736141692833770e-02
6.826736141692833770e-02
6.826736141692833770e-02
6.826736141692833770e-02
6.826736141692833770e-02
6.826736141692833770e-02
6.825532922696578297e-02
6.823881994661917805e-02
6.821706074865999114e-02
6.818933184324114938e-02
6.815502774648106443e-02
6.811372054198960857e-02
6.806524221173182454e-02
6.800979903136955551e-02
6.794809866062577475e-02
6.788150237466349102e-02
6.781222270741781022e-02
6.774354351660992479e-02
6.768009011956385712e-02
6.762815014353375231e-02
6.759604483433932776e-02
6.759458942889931543e-02
6.763765596013214532e-02
6.774288020277702271e-02
6.793258412294288229e-02
6.823504713679709455e-02
6.868629755000406345e-02
6.933325845410021060e-02
7.024338718269854120e-02
7.142713237260218950e-02
7.303649012862135914e-02
7.537603875908664708e-02
7.835816290605696066e-02
8.303302172619886345e-02
8.883318089058621359e-02
9.890455902369871266e-02
1.127955382603196000e-01
1.436928882955002262e-01
