1.230640650102593076e-01
1.179265150106602877e-01
1.171746629565838804e-01
1.170611341636471903e-01
1.170439109099570413e-01
1.170412961464000756e-01
1.170408991412858618e-01
1.170408388622210943e-01
1.170408297097660505e-01
1.170408283201063160e-01
1.170408281091079861e-01
1.170408280770711962e-01
1.170408280722069067e-01
1.170408280714683447e-01
1.170408280713562121e-01
1.170408280713391702e-01
1.170408280713365889e-01
1.170408280713362004e-01
1.170408280713361171e-01
1.170408280713361171e-01
1.170408280713361171e-01
1.170408280713361171e-01
1.170408280713361171e-01
1.170408280713361171e-01
1.170408280713361171e-01
1.170408280713361171e-01
1.170408280713361171e-01
1.170408280713361171e-01
1.170408280713361171e-01
1.170408280713361171e-01
1.170408280713361171e-01
1.170408280713361171e-01
1.170408280713361171e-01
1.170408280713361171e-01
1.170408280713361171e-01
1.170408280713361171e-01
1.170408280713361171e-01
1.170408280713361171e-01
1.170408280713361171e-01
1.170408280713361171e-01
1.170408280713361171e-01
1.170408280713361171e-01
1.170408280713361171e-01
1.170408280713361171e-01
1.170408280713361171e-01
1.170408280713361171e-01
1.170408280713361171e-01
1.170408280713361171e-01
1.170408280713361171e-01
1.170408280713361171e-01
1.170408280713361171e-01
1.170408280713361171e-01
1.170408280713361171e-01
1.170408280713361171e-01
1.170408280713361171e-01
1.170408280713361171e-01
1.170408280713361171e-01
1.170408280713361171e-01
1.170408280713361171e-01
1.170408280713361171e-01
1.170408280713361171e-01
1.170408280713361171e-01
1.170408280713361171e-01
1.170408280713361171e-01
1.170408280713361171e-01
1.170408280713361171e-01
1.170408280713361171e-01
1.170408280713361171e-01
1.170408280713361171e-01
1.170408280713361171e-01
1.170408280713361171e-01
1.170408280713361171e-01
1.170408280713361171e-01
1.170408280713361171e-01
1.170408280713361171e-01
1.170408280713361171e-01
1.170408280713361171e-01
1.170408280713361171e-01
1.170408280713361171e-01
1.170408280713361171e-01
1.170408280713361171e-01
1.170408280713361171e-01
1.170408280713361171e-01
1.170408280713361171e-01
1.170408280713361171e-01
1.170408280713361171e-01
1.170408280713361171e-01
1.170408280713361171e-01
1.170408280713361171e-01
1.170408280713361171e-01
1.170408280713361171e-01
1.170408280713361171e-01
1.170408280713361171e-01
1.170408280713361171e-01
1.170408280713361171e-01
1.170408280713361171e-01
1.170408280713361171e-01
1.170408280713361171e-01
1.170408280713361171e-01
1.170408280713361171e-01
1.170408280713361171e-01
1.170408280713361171e-01
1.170408280713361171e-01
1.170408280713361171e-01
1.170408280713361171e-01
1.170408280713361171e-01
1.170408280713361171e-01
1.170408280713361171e-01
1.170408280713361171e-01
1.170408280713361171e-01
1.170408280713362004e-01
1.170408280713365889e-01
1.170408280713391702e-01
1.170408280713561844e-01
1.170408280714683308e-01
1.170408280722069067e-01
1.170408280770711684e-01
1.170408281091079861e-01
1.170408283201063021e-01
1.170408297097660505e-01
1.170408388622210805e-01
1.170408991412858757e-01
1.170412961464001034e-01
1.170439109099570413e-01
1.170611341636471903e-01
1.171746629565838804e-01
1.179265150106602877e-01
1.230640650102593076e-01
