4.127487544079123105e-01
3.969236448122168692e-01
3.960271320708574350e-01
3.959752724794591283e-01
3.959722932663991557e-01
3.959721236190995031e-01
3.959721140485286117e-01
3.959721135139359638e-01
3.959721134843920409e-01
3.959721134827780542e-01
3.959721134826908462e-01
3.959721134826862388e-01
3.959721134826859057e-01
3.959721134826859057e-01
3.959721134826859057e-01
3.959721134826859057e-01
3.959721134826859057e-01
3.959721134826859057e-01
3.959721134826859057e-01
3.959721134826859057e-01
3.959721134826859057e-01
3.959721134826859057e-01
3.959721134826859057e-01
3.959721134826859057e-01
3.959721134826859057e-01
3.959721134826859057e-01
3.959721134826859057e-01
3.959721134826859057e-01
3.959721134826859057e-01
3.959721134826859057e-01
3.959721134826859057e-01
3.959721134826859057e-01
3.959721134826859057e-01
3.959721134826859057e-01
3.959721134826859057e-01
3.959721134826859057e-01
3.959721134826859057e-01
3.959721134826859057e-01
3.959721134826859057e-01
3.959721134826859057e-01
3.959721134826859057e-01
3.959721134826859057e-01
3.959721134826859057e-01
3.959721134826859057e-01
3.959721134826859057e-01
3.959721134826859057e-01
3.959721134826859057e-01
3.959721134826859057e-01
3.959721134826859057e-01
3.959721134826859057e-01
3.959721134826859057e-01
3.959721134826859057e-01
3.959721134826859057e-01
3.959721134826859057e-01
3.959721134826859057e-01
3.959721134826859057e-01
3.959721134826859057e-01
3.959721134826859057e-01
3.959721134826859057e-01
3.959721134826859057e-01
3.959721134826859057e-01
3.959721134826859057e-01
3.959721134826859057e-01
3.959721134826859057e-01
3.959721134826859057e-01
3.959721134826859057e-01
3.959721134826859057e-01
3.959721134826859057e-01
3.959721134826859057e-01
3.959721134826859057e-01
3.959721134826859057e-01
3.959721134826859057e-01
3.959721134826859057e-01
3.959721134826859057e-01
3.959721134826859057e-01
3.959721134826859057e-01
3.959721134826859057e-01
3.959721134826859057e-01
3.959721134826859057e-01
3.959721134826859057e-01
3.959721134826859057e-01
3.959721134826859057e-01
3.959721134826859057e-01
3.959721134826859057e-01
3.959721134826859057e-01
3.959721134826859057e-01
3.959721134826859057e-01
3.959721134826859057e-01
3.959721134826859057e-01
3.959721134826859057e-01
3.959721134826859057e-01
3.959721134826859057e-01
3.959721134826859057e-01
3.959721134826859057e-01
3.959721134826859057e-01
3.959721134826859057e-01
3.959721134826859057e-01
3.959721134826859057e-01
3.959721134826859057e-01
3.959721134826859057e-01
3.959721134826859057e-01
3.959721134826859057e-01
3.959721134826859057e-01
3.959721134826859057e-01
3.959721134826859057e-01
3.959721134826859057e-01
3.959721134826859057e-01
3.959721134826859057e-01
3.959721134826859057e-01
3.959721134826859057e-01
3.959721134826859057e-01
3.959721134826859057e-01
3.959721134826859057e-01
3.959721134826859057e-01
3.959721134826859057e-01
3.959721134826859057e-01
3.959721134826862388e-01
3.959721134826908462e-01
3.959721134827780542e-01
3.959721134843920409e-01
3.959721135139359638e-01
3.959721140485286117e-01
3.959721236190995031e-01
3.959722932663991557e-01
3.959752724794591283e-01
3.960271320708574350e-01
3.969236448122168692e-01
4.127487544079123105e-01
