2.942666430977483594e-01
1.953413159979908442e-01
1.646976330388099929e-01
1.602210501567633560e-01
1.659219759551102957e-01
1.778432673673691899e-01
1.947582040999756570e-01
2.124415546632478502e-01
2.257041947491883471e-01
2.321746195397409729e-01
2.323009690735001187e-01
2.279976278208313278e-01
2.216776240507767060e-01
2.153849616886803209e-01
2.104097333956415072e-01
2.073196563574181417e-01
2.061453053618071407e-01
2.065707539630959599e-01
2.080877165373259396e-01
2.101214492656015287e-01
2.121385413582847212e-01
2.137328246598494963e-01
2.146755529170614463e-01
2.149222839404759666e-01
2.145818865010506449e-01
2.138609941977358819e-01
2.129981508837653637e-01
2.122049192361200043e-01
2.116273493192845079e-01
2.113326175612821600e-01
2.113152892797410254e-01
2.115155622428970261e-01
2.118434000401206441e-01
2.118434000401206441e-01
2.118434000401206441e-01
2.118434000401206441e-01
2.118434000401206441e-01
2.118434000401206441e-01
2.118434000401206441e-01
2.118434000401206441e-01
2.118434000401206441e-01
2.118434000401206441e-01
2.118434000401206441e-01
2.118434000401206441e-01
2.118434000401206441e-01
2.118434000401206441e-01
2.118434000401206441e-01
2.118434000401206441e-01
2.118434000401206441e-01
2.118434000401206441e-01
2.118434000401206441e-01
2.118434000401206441e-01
2.118434000401206441e-01
2.118434000401206441e-01
2.118434000401206441e-01
2.118434000401206441e-01
2.118434000401206441e-01
2.118434000401206441e-01
2.118434000401206441e-01
2.118434000401206441e-01
2.118434000401206441e-01
2.118434000401206441e-01
2.118434000401206441e-01
2.118434000401206441e-01
2.118434000401206441e-01
2.118434000401206441e-01
2.118434000401206441e-01
2.118434000401206441e-01
2.118434000401206441e-01
2.118434000401206441e-01
2.118434000401206441e-01
2.118434000401206441e-01
2.118434000401206441e-01
2.118434000401206441e-01
2.118434000401206441e-01
2.118434000401206441e-01
2.118434000401206441e-01
2.118434000401206441e-01
2.118434000401206441e-01
2.118434000401206441e-01
2.118434000401206441e-01
2.118434000401206441e-01
2.118434000401206441e-01
2.118434000401206441e-01
2.118434000401206441e-01
2.118434000401206441e-01
2.118434000401206441e-01
2.118434000401206441e-01
2.118434000401206441e-01
2.118434000401206441e-01
2.118434000401206441e-01
2.118434000401206441e-01
2.118434000401206441e-01
2.118434000401206441e-01
2.118434000401206441e-01
2.118434000401206441e-01
2.116084090494134984e-01
2.114536538554084855e-01
2.114678891030628283e-01
2.117226241682116650e-01
2.122435926807170747e-01
2.129856142401044539e-01
2.138190749216241637e-01
2.145363483005783278e-01
2.148844374974086535e-01
2.146259224776670693e-01
2.136184113195886414e-01
2.118904316847460834e-01
2.096857052571299840e-01
2.074539350463414922e-01
2.057877036263970061e-01
2.053207663962909046e-01
2.066076182859034605e-01
2.099880478382974425e-01
2.154222400335819854e-01
2.222847986762678529e-01
2.291634187643328824e-01
2.338319993890153603e-01
2.336956626067807907e-01
2.267744459543076241e-01
2.127568439820201052e-01
1.942950733052463130e-01
1.767954347234284018e-01
1.645299024452998304e-01
1.587078288638492374e-01
1.632254811105574022e-01
1.938715034286581651e-01
2.922695395852369926e-01
