7.505088492422823387e-02
6.641303054030600617e-02
6.152373347132401860e-02
5.819928695794783502e-02
5.587219471961813594e-02
5.415641624816775607e-02
5.288846431848814172e-02
5.192197958275203418e-02
5.119587601318254660e-02
5.064164958057106730e-02
5.025759074024876288e-02
4.997555376743686995e-02
4.977440396918944576e-02
4.963530975957885366e-02
4.954333508211668929e-02
4.948673322059495699e-02
4.945629230080575423e-02
4.944480921200161000e-02
4.944669151373283500e-02
4.945763651938060029e-02
4.947438079979692149e-02
4.949449315210149858e-02
4.951620635704667012e-02
4.953827626106420412e-02
4.955977415537576175e-02
4.958000685651466066e-02
4.959851957565074992e-02
4.961505197252465832e-02
4.962949309760469191e-02
4.964184002001963830e-02
4.965217745634222662e-02
4.966064029233240029e-02
4.966739900700250371e-02
4.966739900700250371e-02
4.966739900700250371e-02
4.966739900700250371e-02
4.966739900700250371e-02
4.966739900700250371e-02
4.966739900700250371e-02
4.966739900700250371e-02
4.966739900700250371e-02
4.966739900700250371e-02
4.966739900700250371e-02
4.966739900700250371e-02
4.966739900700250371e-02
4.966739900700250371e-02
4.966739900700250371e-02
4.966739900700250371e-02
4.966739900700250371e-02
4.966739900700250371e-02
4.966739900700250371e-02
4.966739900700250371e-02
4.966739900700250371e-02
4.966739900700250371e-02
4.966739900700250371e-02
4.966739900700250371e-02
4.966739900700250371e-02
4.966739900700250371e-02
4.966739900700250371e-02
4.966739900700250371e-02
4.966739900700250371e-02
4.966739900700250371e-02
4.966739900700250371e-02
4.966739900700250371e-02
4.966739900700250371e-02
4.966739900700250371e-02
4.966739900700250371e-02
4.966739900700250371e-02
4.966739900700250371e-02
4.966739900700250371e-02
4.966739900700250371e-02
4.966739900700250371e-02
4.966739900700250371e-02
4.966739900700250371e-02
4.966739900700250371e-02
4.966739900700250371e-02
4.966739900700250371e-02
4.966739900700250371e-02
4.966739900700250371e-02
4.966739900700250371e-02
4.966739900700250371e-02
4.966739900700250371e-02
4.966739900700250371e-02
4.966739900700250371e-02
4.966739900700250371e-02
4.966739900700250371e-02
4.966739900700250371e-02
4.966739900700250371e-02
4.966739900700250371e-02
4.966739900700250371e-02
4.966739900700250371e-02
4.966739900700250371e-02
4.966739900700250371e-02
4.966739900700250371e-02
4.966739900700250371e-02
4.966739900700250371e-02
4.966257170361915163e-02
4.965605613820223141e-02
4.964758798127444361e-02
4.963693623799281945e-02
4.962392058081730589e-02
4.960844666356191424e-02
4.959053824002843114e-02
4.957037920266445241e-02
4.954837344128589643e-02
4.952520992600814576e-02
4.950194193900053774e-02
4.948008761295230595e-02
4.946174252172805264e-02
4.944972396120486668e-02
4.944773732461749810e-02
4.946058014630385496e-02
4.949439268860016117e-02
4.955696887904269959e-02
4.965815975260032267e-02
4.981038456764878136e-02
5.002930898397366793e-02
5.033451112888691348e-02
5.074795983029658369e-02
5.133883280449166170e-02
5.210941062913334448e-02
5.312988243153764917e-02
5.446221626337147820e-02
5.625625891292507924e-02
5.867684731306271884e-02
6.211935699991302101e-02
6.715480034177273572e-02
7.601540345036827961e-02
