9.467682544247943421e-02
7.771434358403615794e-02
7.105162106039315806e-02
7.075430707992431956e-02
7.324363723478322097e-02
7.588174086444515742e-02
7.755775029167104317e-02
7.816448667469115541e-02
7.795438253715132604e-02
7.739842243822329937e-02
7.690556778831636464e-02
7.668688189828748447e-02
7.674184607832089389e-02
7.694391359320215673e-02
7.713799898181859793e-02
7.722955840128453708e-02
7.721148279389185298e-02
7.713185444248368827e-02
7.705100038168079257e-02
7.700924136804808418e-02
7.701455687534147776e-02
7.704915702443948522e-02
7.708607163216625591e-02
7.710553010427528831e-02
7.710267833054189335e-02
7.708535585041696725e-02
7.706647885398193454e-02
7.705616522480614183e-02
7.705734131485622584e-02
7.706617830476472641e-02
7.707592019968292907e-02
7.708123057854569804e-02
7.708056186735114113e-02
7.708056186735114113e-02
7.708056186735114113e-02
7.708056186735114113e-02
7.708056186735114113e-02
7.708056186735114113e-02
7.708056186735114113e-02
7.708056186735114113e-02
7.708056186735114113e-02
7.708056186735114113e-02
7.708056186735114113e-02
7.708056186735114113e-02
7.708056186735114113e-02
7.708056186735114113e-02
7.708056186735114113e-02
7.708056186735114113e-02
7.708056186735114113e-02
7.708056186735114113e-02
7.708056186735114113e-02
7.708056186735114113e-02
7.708056186735114113e-02
7.708056186735114113e-02
7.708056186735114113e-02
7.708056186735114113e-02
7.708056186735114113e-02
7.708056186735114113e-02
7.708056186735114113e-02
7.708056186735114113e-02
7.708056186735114113e-02
7.708056186735114113e-02
7.708056186735114113e-02
7.708056186735114113e-02
7.708056186735114113e-02
7.708056186735114113e-02
7.708056186735114113e-02
7.708056186735114113e-02
7.708056186735114113e-02
7.708056186735114113e-02
7.708056186735114113e-02
7.708056186735114113e-02
7.708056186735114113e-02
7.708056186735114113e-02
7.708056186735114113e-02
7.708056186735114113e-02
7.708056186735114113e-02
7.708056186735114113e-02
7.708056186735114113e-02
7.708056186735114113e-02
7.708056186735114113e-02
7.708056186735114113e-02
7.708056186735114113e-02
7.708056186735114113e-02
7.708056186735114113e-02
7.708056186735114113e-02
7.708056186735114113e-02
7.708056186735114113e-02
7.708056186735114113e-02
7.708056186735114113e-02
7.708056186735114113e-02
7.708056186735114113e-02
7.708056186735114113e-02
7.708056186735114113e-02
7.708056186735114113e-02
7.708056186735114113e-02
7.708102018027110369e-02
7.707698813659061288e-02
7.706911336890130693e-02
7.706157899736754135e-02
7.706051542207403848e-02
7.707005906694505692e-02
7.708818906810992189e-02
7.710540373011383342e-02
7.710838696405071524e-02
7.708810541223524992e-02
7.704873261818238894e-02
7.701126649826074699e-02
7.700561479902279238e-02
7.705202199023374054e-02
7.714199723997718083e-02
7.723077610185753727e-02
7.725143321089250614e-02
7.715102236672187475e-02
7.693786280173807446e-02
7.671713143855939110e-02
7.665847868983517721e-02
7.689669022362208284e-02
7.742889949120328186e-02
7.802723787907651920e-02
7.825594488544670990e-02
7.760848580611690029e-02
7.584145779608024440e-02
7.309924463927201799e-02
7.055246074684419499e-02
7.086555271679116641e-02
7.758235792854725754e-02
9.457889951252401728e-02
