9.194076365662015582e-02
7.814600284968085953e-02
7.293614218265649651e-02
6.974988219703667780e-02
6.823329973828846928e-02
6.790395952397251800e-02
6.819102662818701810e-02
6.880552553008202621e-02
6.944772682072483660e-02
7.006898898179390878e-02
7.055897825536504298e-02
7.086657577162484845e-02
7.101117693206537851e-02
7.103264044116285036e-02
7.097737871141229782e-02
7.088747768856298870e-02
7.079495360866913667e-02
7.072003987445658890e-02
7.067209047268388500e-02
7.065187601114437943e-02
7.065447189868394318e-02
7.067210699038636856e-02
7.069657425565795128e-02
7.072090109529793889e-02
7.074019077718148030e-02
7.075193818950897828e-02
7.075589737985846228e-02
7.075347748502128220e-02
7.074697892228487550e-02
7.073887661364235135e-02
7.073126933553401663e-02
7.072557081506339327e-02
7.072241353384117746e-02
7.072241353384117746e-02
7.072241353384117746e-02
7.072241353384117746e-02
7.072241353384117746e-02
7.072241353384117746e-02
7.072241353384117746e-02
7.072241353384117746e-02
7.072241353384117746e-02
7.072241353384117746e-02
7.072241353384117746e-02
7.072241353384117746e-02
7.072241353384117746e-02
7.072241353384117746e-02
7.072241353384117746e-02
7.072241353384117746e-02
7.072241353384117746e-02
7.072241353384117746e-02
7.072241353384117746e-02
7.072241353384117746e-02
7.072241353384117746e-02
7.072241353384117746e-02
7.072241353384117746e-02
7.072241353384117746e-02
7.072241353384117746e-02
7.072241353384117746e-02
7.072241353384117746e-02
7.072241353384117746e-02
7.072241353384117746e-02
7.072241353384117746e-02
7.072241353384117746e-02
7.072241353384117746e-02
7.072241353384117746e-02
7.072241353384117746e-02
7.072241353384117746e-02
7.072241353384117746e-02
7.072241353384117746e-02
7.072241353384117746e-02
7.072241353384117746e-02
7.072241353384117746e-02
7.072241353384117746e-02
7.072241353384117746e-02
7.072241353384117746e-02
7.072241353384117746e-02
7.072241353384117746e-02
7.072241353384117746e-02
7.072241353384117746e-02
7.072241353384117746e-02
7.072241353384117746e-02
7.072241353384117746e-02
7.072241353384117746e-02
7.072241353384117746e-02
7.072241353384117746e-02
7.072241353384117746e-02
7.072241353384117746e-02
7.072241353384117746e-02
7.072241353384117746e-02
7.072241353384117746e-02
7.072241353384117746e-02
7.072241353384117746e-02
7.072241353384117746e-02
7.072241353384117746e-02
7.072241353384117746e-02
7.072241353384117746e-02
7.072464108386961046e-02
7.072897981720549510e-02
7.073514527423067910e-02
7.074205946367626008e-02
7.074784634411278306e-02
7.075006560192158289e-02
7.074623057807211124e-02
7.073456817776913041e-02
7.071490665018073662e-02
7.068948705149892542e-02
7.066340129058927555e-02
7.064439061571153866e-02
7.064175451432296027e-02
7.066433339046705731e-02
7.071770892837303535e-02
7.080099532889998215e-02
7.090370665699727293e-02
7.100338574826030313e-02
7.106488275390256126e-02
7.104251498260330533e-02
7.088666002233355579e-02
7.055581986432521435e-02
7.003184767338183070e-02
6.937072632585646048e-02
6.869036912522241689e-02
6.804971179696842065e-02
6.775721843255848309e-02
6.810565527668517583e-02
6.966925624242444048e-02
7.292545071972882098e-02
7.822908683302198796e-02
9.214111874239583333e-02
