4.051959829844303806e-01
2.906095658380096758e-01
2.906553830942300576e-01
3.295815780250628824e-01
3.952497332879054137e-01
4.378753833031388543e-01
4.377772961178850730e-01
4.074607037156846023e-01
3.749232366545973694e-01
3.586654388623842227e-01
3.587267212708749597e-01
3.699747232981500655e-01
3.840491633329721211e-01
3.928112069388949856e-01
3.927608873344982099e-01
3.863580210343381949e-01
3.788820098316943441e-01
3.744932082064527656e-01
3.745251875086972881e-01
3.777916011658876139e-01
3.818090132104624002e-01
3.842837115768266698e-01
3.842609865489955423e-01
3.823444484430265633e-01
3.800018411284067366e-01
3.785693865473837572e-01
3.785849705385466724e-01
3.797090320074392733e-01
3.811001263964470254e-01
3.819597552695351839e-01
3.819488951671973775e-01
3.812712981103425491e-01
3.804401749480488260e-01
3.804401749480488260e-01
3.804401749480488260e-01
3.804401749480488260e-01
3.804401749480488260e-01
3.804401749480488260e-01
3.804401749480488260e-01
3.804401749480488260e-01
3.804401749480488260e-01
3.804401749480488260e-01
3.804401749480488260e-01
3.804401749480488260e-01
3.804401749480488260e-01
3.804401749480488260e-01
3.804401749480488260e-01
3.804401749480488260e-01
3.804401749480488260e-01
3.804401749480488260e-01
3.804401749480488260e-01
3.804401749480488260e-01
3.804401749480488260e-01
3.804401749480488260e-01
3.804401749480488260e-01
3.804401749480488260e-01
3.804401749480488260e-01
3.804401749480488260e-01
3.804401749480488260e-01
3.804401749480488260e-01
3.804401749480488260e-01
3.804401749480488260e-01
3.804401749480488260e-01
3.804401749480488260e-01
3.804401749480488260e-01
3.804401749480488260e-01
3.804401749480488260e-01
3.804401749480488260e-01
3.804401749480488260e-01
3.804401749480488260e-01
3.804401749480488260e-01
3.804401749480488260e-01
3.804401749480488260e-01
3.804401749480488260e-01
3.804401749480488260e-01
3.804401749480488260e-01
3.804401749480488260e-01
3.804401749480488260e-01
3.804401749480488260e-01
3.804401749480488260e-01
3.804401749480488260e-01
3.804401749480488260e-01
3.804401749480488260e-01
3.804401749480488260e-01
3.804401749480488260e-01
3.804401749480488260e-01
3.804401749480488260e-01
3.804401749480488260e-01
3.804401749480488260e-01
3.804401749480488260e-01
3.804401749480488260e-01
3.804401749480488260e-01
3.804401749480488260e-01
3.804401749480488260e-01
3.804401749480488260e-01
3.804401749480488260e-01
3.810329621455087468e-01
3.815537339009349438e-01
3.815626081528436520e-01
3.808227280317966756e-01
3.795716634810644696e-01
3.785215180234762777e-01
3.785064710729632020e-01
3.799308618780745106e-01
3.823243467409549456e-01
3.843328037201697023e-01
3.843571249540977397e-01
3.816704258087191270e-01
3.772731822967061444e-01
3.736837033563767951e-01
3.736484978565772774e-01
3.784845545958319124e-01
3.867280136730336659e-01
3.937858341669911999e-01
3.938411422948422946e-01
3.842717855147676498e-01
3.690422556755640349e-01
3.569896791781191903e-01
3.569245008024687360e-01
3.741189278420934961e-01
4.083631537787714150e-01
4.402878364480325435e-01
4.403912571676794063e-01
3.960084192516104551e-01
3.286911566684938557e-01
2.890974160792177949e-01
2.890512254496067079e-01
4.035338797107164699e-01
