9.973544257634646241e-04
6.453253042925594443e-04
5.195398882932235514e-04
4.461821675499380536e-04
3.878056296732613041e-04
3.502559759205193645e-04
3.249565774761503916e-04
3.034551707131076049e-04
2.863988368707331847e-04
2.738746009304919593e-04
2.640800125171485378e-04
2.561055092687230736e-04
2.495907884206944542e-04
2.442306478364494274e-04
2.397896822047245054e-04
2.360872202545540206e-04
2.329829908131170852e-04
2.303670776820148584e-04
2.281518298293440253e-04
2.262667027828683638e-04
2.246545784091475849e-04
2.232687571222127614e-04
2.220700224975390624e-04
2.210265043978161927e-04
2.201146539056162733e-04
2.193171103785319042e-04
2.186193472624015620e-04
2.180085012892868314e-04
2.174733790707484606e-04
2.170044508087246038e-04
2.165932853141371755e-04
2.162326964610279136e-04
2.159163388330797011e-04
2.159163388330797282e-04
2.159163388330797553e-04
2.159163388330797282e-04
2.159163388330797011e-04
2.159163388330797282e-04
2.159163388330797553e-04
2.159163388330797282e-04
2.159163388330797011e-04
2.159163388330797282e-04
2.159163388330797553e-04
2.159163388330797282e-04
2.159163388330797011e-04
2.159163388330797282e-04
2.159163388330797553e-04
2.159163388330797282e-04
2.159163388330797011e-04
2.159163388330797282e-04
2.159163388330797553e-04
2.159163388330797282e-04
2.159163388330797011e-04
2.159163388330797282e-04
2.159163388330797553e-04
2.159163388330797282e-04
2.159163388330797011e-04
2.159163388330797282e-04
2.159163388330797553e-04
2.159163388330797282e-04
2.159163388330797011e-04
2.159163388330797282e-04
2.159163388330797553e-04
2.159163388330797282e-04
2.159163388330797011e-04
2.159163388330797282e-04
2.159163388330797553e-04
2.159163388330797282e-04
2.159163388330797011e-04
2.159163388330797282e-04
2.159163388330797553e-04
2.159163388330797282e-04
2.159163388330797011e-04
2.159163388330797282e-04
2.159163388330797553e-04
2.159163388330797282e-04
2.159163388330797011e-04
2.159163388330797282e-04
2.159163388330797553e-04
2.159163388330797282e-04
2.159163388330797011e-04
2.159163388330797282e-04
2.159163388330797553e-04
2.159163388330797282e-04
2.159163388330797011e-04
2.159163388330797282e-04
2.159163388330797553e-04
2.159163388330797282e-04
2.159163388330797011e-04
2.159163388330797282e-04
2.159163388330797553e-04
2.159163388330797282e-04
2.159163388330797011e-04
2.159163388330797282e-04
2.159163388330797553e-04
2.159163388330797282e-04
2.161420281264114156e-04
2.164193123688910370e-04
2.167554424892919327e-04
2.171589888965937457e-04
2.176397853819301664e-04
2.182095424840029745e-04
2.188819332911650338e-04
2.196733819142917318e-04
2.206031188011397582e-04
2.216943378272897517e-04
2.229747308440616711e-04
2.244776416862496809e-04
2.262435753398099147e-04
2.283215153916742421e-04
2.307719689626829885e-04
2.336693426853819310e-04
2.371067242604870903e-04
2.412009388177513848e-04
2.461010213882285709e-04
2.519993239046218036e-04
2.591466398827490841e-04
2.678692093765468142e-04
2.785539141253765374e-04
2.921583936987850972e-04
3.105674354754230115e-04
3.337462805734846380e-04
3.611057690205754294e-04
4.015283954066907967e-04
4.641560102363673831e-04
5.431794109894880727e-04
6.787792453104143572e-04
1.058810571073815062e-03
