9.841900492463342975e-02
7.991879585427941191e-02
7.248188631509354385e-02
7.274796238323870401e-02
7.770268474117462965e-02
1.150733342721558250e-01
1.425625722850046295e-01
8.907985493649091258e-02
8.858182961657305732e-02
8.738227730780442903e-02
8.631867657050333598e-02
8.580040528095024543e-02
8.583194033803676071e-02
8.616331248613712246e-02
8.651205651806738450e-02
8.671132621076414748e-02
8.667197278732242938e-02
8.653284056615746789e-02
8.638493027646886036e-02
8.630298402111805101e-02
8.630761043448520464e-02
8.636855230665085870e-02
8.643402919510964622e-02
8.646689432923798657e-02
8.646099734044572493e-02
8.643147237652987203e-02
8.639923914732271226e-02
8.638116085402237909e-02
8.638296154058883181e-02
8.639827371595536210e-02
8.641500717375596996e-02
8.642375484167562349e-02
8.642223428308075384e-02
8.642223428308073996e-02
8.642223428308073996e-02
8.642223428308075384e-02
8.642223428308075384e-02
8.642223428308073996e-02
8.642223428308073996e-02
8.642223428308075384e-02
8.642223428308075384e-02
8.642223428308073996e-02
8.642223428308073996e-02
8.642223428308075384e-02
8.642223428308075384e-02
8.642223428308073996e-02
8.642223428308073996e-02
8.642223428308075384e-02
8.642223428308075384e-02
8.642223428308073996e-02
8.642223428308073996e-02
8.642223428308075384e-02
8.642223428308075384e-02
8.642223428308073996e-02
8.642223428308073996e-02
8.642223428308075384e-02
8.642223428308075384e-02
8.642223428308073996e-02
8.642223428308073996e-02
8.642223428308075384e-02
8.642223428308075384e-02
8.642223428308073996e-02
8.642223428308073996e-02
8.642223428308075384e-02
8.642223428308075384e-02
8.642223428308073996e-02
8.642223428308073996e-02
8.642223428308075384e-02
8.642223428308075384e-02
8.642223428308073996e-02
8.642223428308073996e-02
8.642223428308075384e-02
8.642223428308075384e-02
8.642223428308073996e-02
8.642223428308073996e-02
8.642223428308075384e-02
8.642223428308075384e-02
8.642223428308073996e-02
8.642223428308073996e-02
8.642223428308075384e-02
8.642223428308075384e-02
8.642223428308073996e-02
8.642223428308073996e-02
8.642223428308075384e-02
8.642223428308075384e-02
8.642223428308073996e-02
8.642223428308073996e-02
8.642223428308075384e-02
8.642223428308075384e-02
8.642223428308073996e-02
8.642223428308073996e-02
8.642223428308075384e-02
8.642223428308075384e-02
8.642223428308073996e-02
8.642223428308073996e-02
8.642223428308075384e-02
8.642330072503540128e-02
8.641642876025713849e-02
8.640256649289933255e-02
8.638924302472276995e-02
8.638759214639524231e-02
8.640464774476577792e-02
8.643615570839839612e-02
8.646599179831905568e-02
8.647239123216499124e-02
8.643813155704301032e-02
8.636822941429979361e-02
8.630241774214740536e-02
8.629792562392567257e-02
8.638865427365796656e-02
8.655213981033321735e-02
8.670559113024102482e-02
8.675134396457839792e-02
8.652583604152427887e-02
8.614901249962497731e-02
8.579457410957846974e-02
8.576279745208197081e-02
8.632131826360631144e-02
8.745912573120470657e-02
8.873689743193083346e-02
8.849192692439185326e-02
1.492002092642378541e-01
1.188707652233066819e-01
7.752591032291794582e-02
7.249221566559674312e-02
7.222993183205848877e-02
7.969452572899478338e-02
9.818034508620697431e-02
