1.911181308416614877e-01
1.456763204401237133e-01
1.254995594636998113e-01
1.155018213675281930e-01
1.103285603864261194e-01
1.076404702763201493e-01
1.062791566075867444e-01
1.056290325322073592e-01
1.053523810093433405e-01
1.052631796474262499e-01
1.052607098389282403e-01
1.052924070270564588e-01
1.053324788909736215e-01
1.053695587834005132e-01
1.053996777962444426e-01
1.054223743221182064e-01
1.054386281721680779e-01
1.054498286563412685e-01
1.054573076724618919e-01
1.054621664588286239e-01
1.054652440861795493e-01
1.054671461819980255e-01
1.054682926496709194e-01
1.054689653248987447e-01
1.054693481495859037e-01
1.054695581429562906e-01
1.054696679402157972e-01
1.054697215188025727e-01
1.054697448096095502e-01
1.054697526549624731e-01
1.054697532545403604e-01
1.054697509369267733e-01
1.054697478451507714e-01
1.054697449353727279e-01
1.054697425517004405e-01
1.054697407459185415e-01
1.054697394478037592e-01
1.054697385505764390e-01
1.054697379499162091e-01
1.054697375587803632e-01
1.054697373104749314e-01
1.054697371566683806e-01
1.054697370637449616e-01
1.054697370090817016e-01
1.054697369778781757e-01
1.054697369606972385e-01
1.054697369516680444e-01
1.054697369472277629e-01
1.054697369452702177e-01
1.054697369445863064e-01
1.054697369445056765e-01
1.054697369446726957e-01
1.054697369449101724e-01
1.054697369451379069e-01
1.054697369453262284e-01
1.054697369454697387e-01
1.054697369455733225e-01
1.054697369456451816e-01
1.054697369456933792e-01
1.054697369457247846e-01
1.054697369457446854e-01
1.054697369457567591e-01
1.054697369457635453e-01
1.054697369457665845e-01
1.054697369457665845e-01
1.054697369457635453e-01
1.054697369457567591e-01
1.054697369457446576e-01
1.054697369457247846e-01
1.054697369456933514e-01
1.054697369456451816e-01
1.054697369455733225e-01
1.054697369454697109e-01
1.054697369453262007e-01
1.054697369451378652e-01
1.054697369449101446e-01
1.054697369446726957e-01
1.054697369445056349e-01
1.054697369445863064e-01
1.054697369452702177e-01
1.054697369472277629e-01
1.054697369516680444e-01
1.054697369606972385e-01
1.054697369778781757e-01
1.054697370090817016e-01
1.054697370637449616e-01
1.054697371566683806e-01
1.054697373104749314e-01
1.054697375587803632e-01
1.054697379499162091e-01
1.054697385505764390e-01
1.054697394478037592e-01
1.054697407459185415e-01
1.054697425517004405e-01
1.054697449353727279e-01
1.054697478451507714e-01
1.054697509369267733e-01
1.054697532545403604e-01
1.054697526549624315e-01
1.054697448096095502e-01
1.054697215188025727e-01
1.054696679402157972e-01
1.054695581429562629e-01
1.054693481495859037e-01
1.054689653248987447e-01
1.054682926496709194e-01
1.054671461819980255e-01
1.054652440861795493e-01
1.054621664588286239e-01
1.054573076724618919e-01
1.054498286563412685e-01
1.054386281721680779e-01
1.054223743221182064e-01
1.053996777962444426e-01
1.053695587834004993e-01
1.053324788909736215e-01
1.052924070270564588e-01
1.052607098389282403e-01
1.052631796474262360e-01
1.053523810093433405e-01
1.056290325322073592e-01
1.062791566075867583e-01
1.076404702763201493e-01
1.103285603864261194e-01
1.155018213675281930e-01
1.254995594636998113e-01
1.456763204401237133e-01
1.911181308416614877e-01
