4.777342819136735641e-01
2.837262908343586854e-01
2.176837772826067108e-01
2.046697071983143434e-01
2.284710826077051282e-01
2.947547995579006819e-01
4.258214514017839569e-01
6.572736456252913362e-01
9.886821474828848544e-01
8.099310114409006278e-01
8.061885065977343334e-01
9.659017971276254722e-01
7.634844000868736824e-01
5.638434026414017586e-01
4.454963373334049348e-01
3.840457327973381685e-01
3.620206454921395811e-01
3.704258009931751250e-01
4.054539575746700653e-01
4.646591872769456621e-01
5.420602371269316322e-01
6.227910695243525918e-01
6.828397592690477191e-01
7.010100595073436303e-01
6.750006571767643848e-01
6.218220900144022512e-01
5.631844964540771992e-01
5.138422921825089862e-01
4.801558676853089902e-01
4.633344628732989912e-01
4.622550302210902129e-01
4.746848883076964509e-01
4.973619930316137694e-01
5.256506031125937062e-01
5.535455766212630246e-01
5.746971598202529341e-01
5.844267030131273799e-01
5.815670260116339030e-01
5.686922169754164980e-01
5.505890753708815311e-01
5.322093372632009656e-01
5.173115347548956633e-01
5.080532997413230722e-01
5.051489758269464003e-01
5.081743135993791460e-01
5.158288936889270371e-01
5.261653324616943905e-01
5.368787297258083013e-01
5.457209752150529170e-01
5.509909053137779233e-01
5.519316964168291539e-01
5.488523302142428451e-01
5.429185347728561206e-01
5.357308149196622349e-01
5.288839545352472804e-01
5.236497725458650887e-01
5.208202150329270808e-01
5.206749570973910890e-01
5.230207643774772430e-01
5.272680329947773137e-01
5.325348637292066645e-01
5.377830531792822111e-01
5.419872128541817213e-01
5.443206436368870360e-01
5.443206436368870360e-01
5.419872128541818324e-01
5.377830531792822111e-01
5.325348637292066645e-01
5.272680329947773137e-01
5.230207643774772430e-01
5.206749570973910890e-01
5.208202150329270808e-01
5.236497725458649777e-01
5.288839545352471694e-01
5.357308149196621239e-01
5.429185347728561206e-01
5.488523302142426230e-01
5.519316964168289319e-01
5.509909053137779233e-01
5.457209752150528059e-01
5.368787297258083013e-01
5.261653324616942795e-01
5.158288936889270371e-01
5.081743135993791460e-01
5.051489758269464003e-01
5.080532997413230722e-01
5.173115347548957743e-01
5.322093372632010766e-01
5.505890753708815311e-01
5.686922169754166090e-01
5.815670260116339030e-01
5.844267030131274909e-01
5.746971598202529341e-01
5.535455766212632467e-01
5.256506031125937062e-01
4.973619930316138804e-01
4.746848883076964509e-01
4.622550302210903239e-01
4.633344628732991022e-01
4.801558676853089902e-01
5.138422921825090972e-01
5.631844964540774212e-01
6.218220900144024732e-01
6.750006571767643848e-01
7.010100595073437413e-01
6.828397592690477191e-01
6.227910695243525918e-01
5.420602371269316322e-01
4.646591872769456066e-01
4.054539575746700653e-01
3.704258009931750695e-01
3.620206454921395811e-01
3.840457327973381685e-01
4.454963373334049348e-01
5.638434026414017586e-01
7.634844000868739045e-01
9.659017971276250281e-01
8.061885065977343334e-01
8.099310114409006278e-01
9.886821474828846323e-01
6.572736456252915582e-01
4.258214514017841790e-01
2.947547995579007929e-01
2.284710826077051837e-01
2.046697071983143434e-01
2.176837772826067663e-01
2.837262908343587964e-01
4.777342819136737306e-01
