2.373383002231573835e-01
1.608349023922344689e-01
1.392345879575917489e-01
1.415459971976198716e-01
1.525940805402855316e-01
1.640094576084545064e-01
1.719111298493899154e-01
1.742350130738389569e-01
1.720216146022862658e-01
1.683731959140448431e-01
1.655807704032020711e-01
1.644623503531313091e-01
1.648361240387382354e-01
1.659492545879336922e-01
1.669515938458037974e-01
1.673532157375621499e-01
1.671570842656892042e-01
1.666653003188479920e-01
1.662126962678773245e-01
1.660004075309371996e-01
1.660511553210158309e-01
1.662541196330782622e-01
1.664572010447593342e-01
1.665546260466966855e-01
1.665264568844666837e-01
1.664226655136037958e-01
1.663171269060084445e-01
1.662637479337998048e-01
1.662750257458103231e-01
1.663270048931906608e-01
1.663813615818371117e-01
1.664091315732212084e-01
1.664031012240640706e-01
1.664031012240640706e-01
1.664031012240640706e-01
1.664031012240640706e-01
1.664031012240640706e-01
1.664031012240640706e-01
1.664031012240640706e-01
1.664031012240640706e-01
1.664031012240640706e-01
1.664031012240640706e-01
1.664031012240640706e-01
1.664031012240640706e-01
1.664031012240640706e-01
1.664031012240640706e-01
1.664031012240640706e-01
1.664031012240640706e-01
1.664031012240640706e-01
1.664031012240640706e-01
1.664031012240640706e-01
1.664031012240640706e-01
1.664031012240640706e-01
1.664031012240640706e-01
1.664031012240640706e-01
1.664031012240640706e-01
1.664031012240640706e-01
1.664031012240640706e-01
1.664031012240640706e-01
1.664031012240640706e-01
1.664031012240640706e-01
1.664031012240640706e-01
1.664031012240640706e-01
1.664031012240640706e-01
1.664031012240640706e-01
1.664031012240640706e-01
1.664031012240640706e-01
1.664031012240640706e-01
1.664031012240640706e-01
1.664031012240640706e-01
1.664031012240640706e-01
1.664031012240640706e-01
1.664031012240640706e-01
1.664031012240640706e-01
1.664031012240640706e-01
1.664031012240640706e-01
1.664031012240640706e-01
1.664031012240640706e-01
1.664031012240640706e-01
1.664031012240640706e-01
1.664031012240640706e-01
1.664031012240640706e-01
1.664031012240640706e-01
1.664031012240640706e-01
1.664031012240640706e-01
1.664031012240640706e-01
1.664031012240640706e-01
1.664031012240640706e-01
1.664031012240640706e-01
1.664031012240640706e-01
1.664031012240640706e-01
1.664031012240640706e-01
1.664031012240640706e-01
1.664031012240640706e-01
1.664031012240640706e-01
1.664031012240640706e-01
1.664073365385036751e-01
1.663858638972295634e-01
1.663412549105038607e-01
1.662963726463876357e-01
1.662861454389429894e-01
1.663359838694465909e-01
1.664380139000123382e-01
1.665416754520827325e-01
1.665710951227049041e-01
1.664696564300826576e-01
1.662531329039874661e-01
1.660336244919514148e-01
1.659792063766704351e-01
1.662147920340514562e-01
1.667168874126297440e-01
1.672634216786355044e-01
1.674841232839265615e-01
1.670459969414027912e-01
1.659500781910908385e-01
1.647410240183127261e-01
1.643443817528559003e-01
1.655559233782757933e-01
1.685452037040174600e-01
1.724302169898631609e-01
1.747971972710008481e-01
1.723712139853940950e-01
1.640461572914084787e-01
1.521008411263655435e-01
1.407459607279543667e-01
1.384400792785050183e-01
1.601509613113071551e-01
2.365149950524119693e-01
