2.155852982847789590e-01
1.562335862009730236e-01
1.374215675111731816e-01
1.271193293629127308e-01
1.230128992177186159e-01
1.229231034780842169e-01
1.251334108959485658e-01
1.284554612584576372e-01
1.316532979518023339e-01
1.346064607443631655e-01
1.368184090772245343e-01
1.380879151697586849e-01
1.385538952583121874e-01
1.384478273611738641e-01
1.380161763130088315e-01
1.374674850545818117e-01
1.369505130285909311e-01
1.365525499151568067e-01
1.363081841970652519e-01
1.362122453890207974e-01
1.362340398657095331e-01
1.363308666651631140e-01
1.364594732658897802e-01
1.365840462829545909e-01
1.366801624245152502e-01
1.367360937478080685e-01
1.367517654478009326e-01
1.367353461895551014e-01
1.366991675408648910e-01
1.366560483889023847e-01
1.366165791144754726e-01
1.365876834050309685e-01
1.365722466365963950e-01
1.365722466365963950e-01
1.365722466365963950e-01
1.365722466365963950e-01
1.365722466365963950e-01
1.365722466365963950e-01
1.365722466365963950e-01
1.365722466365963950e-01
1.365722466365963950e-01
1.365722466365963950e-01
1.365722466365963950e-01
1.365722466365963950e-01
1.365722466365963950e-01
1.365722466365963950e-01
1.365722466365963950e-01
1.365722466365963950e-01
1.365722466365963950e-01
1.365722466365963950e-01
1.365722466365963950e-01
1.365722466365963950e-01
1.365722466365963950e-01
1.365722466365963950e-01
1.365722466365963950e-01
1.365722466365963950e-01
1.365722466365963950e-01
1.365722466365963950e-01
1.365722466365963950e-01
1.365722466365963950e-01
1.365722466365963950e-01
1.365722466365963950e-01
1.365722466365963950e-01
1.365722466365963950e-01
1.365722466365963950e-01
1.365722466365963950e-01
1.365722466365963950e-01
1.365722466365963950e-01
1.365722466365963950e-01
1.365722466365963950e-01
1.365722466365963950e-01
1.365722466365963950e-01
1.365722466365963950e-01
1.365722466365963950e-01
1.365722466365963950e-01
1.365722466365963950e-01
1.365722466365963950e-01
1.365722466365963950e-01
1.365722466365963950e-01
1.365722466365963950e-01
1.365722466365963950e-01
1.365722466365963950e-01
1.365722466365963950e-01
1.365722466365963950e-01
1.365722466365963950e-01
1.365722466365963950e-01
1.365722466365963950e-01
1.365722466365963950e-01
1.365722466365963950e-01
1.365722466365963950e-01
1.365722466365963950e-01
1.365722466365963950e-01
1.365722466365963950e-01
1.365722466365963950e-01
1.365722466365963950e-01
1.365722466365963950e-01
1.365831323127420505e-01
1.366051164647667793e-01
1.366370773148188056e-01
1.366738364992801102e-01
1.367060169243262679e-01
1.367210845645602524e-01
1.367058611221849962e-01
1.366503730850841258e-01
1.365525275395076399e-01
1.364225801855167008e-01
1.362857959593307688e-01
1.361818336904853655e-01
1.361595791387086585e-01
1.362674213280464786e-01
1.365399174049810038e-01
1.369825803280804999e-01
1.375564548106996410e-01
1.381645310348397770e-01
1.386431976462981497e-01
1.387651793730577676e-01
1.382650648873354482e-01
1.368988821454969473e-01
1.345305108473751898e-01
1.313850513880064075e-01
1.279973997751474302e-01
1.245366310812929950e-01
1.222723425136590381e-01
1.223956338835934660e-01
1.266270734049011748e-01
1.371256601704851363e-01
1.562234629817099707e-01
2.159390534316118215e-01
