4.979018132483287729e-01
4.638842733478724112e-01
4.351163869555200181e-01
4.114770043634060626e-01
3.925138075600043130e-01
3.775854993625496481e-01
3.659800640333530364e-01
3.570033570950379431e-01
3.500387195938261531e-01
3.445793139681107564e-01
3.402355994751242729e-01
3.367262333252805107e-01
3.338509162970600963e-01
3.314727609311252654e-01
3.294918711707095493e-01
3.278322771841957195e-01
3.264348803844117075e-01
3.252529318091861299e-01
3.242489899820373278e-01
3.233928100015776019e-01
3.226597517783715841e-01
3.220296491187287780e-01
3.214860136781426680e-01
3.210152837755098076e-01
3.206063390477440489e-01
3.202500397089087514e-01
3.199388600414405093e-01
3.196665737478964209e-01
3.194279738423321247e-01
3.192186862017995508e-01
3.190350070841694863e-01
3.188737447262353086e-01
3.187321384667751167e-01
3.187321384667751167e-01
3.187321384667751167e-01
3.187321384667751167e-01
3.187321384667751167e-01
3.187321384667751167e-01
3.187321384667751167e-01
3.187321384667751167e-01
3.187321384667751167e-01
3.187321384667751167e-01
3.187321384667751167e-01
3.187321384667751167e-01
3.187321384667751167e-01
3.187321384667751167e-01
3.187321384667751167e-01
3.187321384667751167e-01
3.187321384667751167e-01
3.187321384667751167e-01
3.187321384667751167e-01
3.187321384667751167e-01
3.187321384667751167e-01
3.187321384667751167e-01
3.187321384667751167e-01
3.187321384667751167e-01
3.187321384667751167e-01
3.187321384667751167e-01
3.187321384667751167e-01
3.187321384667751167e-01
3.187321384667751167e-01
3.187321384667751167e-01
3.187321384667751167e-01
3.187321384667751167e-01
3.187321384667751167e-01
3.187321384667751167e-01
3.187321384667751167e-01
3.187321384667751167e-01
3.187321384667751167e-01
3.187321384667751167e-01
3.187321384667751167e-01
3.187321384667751167e-01
3.187321384667751167e-01
3.187321384667751167e-01
3.187321384667751167e-01
3.187321384667751167e-01
3.187321384667751167e-01
3.187321384667751167e-01
3.187321384667751167e-01
3.187321384667751167e-01
3.187321384667751167e-01
3.187321384667751167e-01
3.187321384667751167e-01
3.187321384667751167e-01
3.187321384667751167e-01
3.187321384667751167e-01
3.187321384667751167e-01
3.187321384667751167e-01
3.187321384667751167e-01
3.187321384667751167e-01
3.187321384667751167e-01
3.187321384667751167e-01
3.187321384667751167e-01
3.187321384667751167e-01
3.187321384667751167e-01
3.187321384667751167e-01
3.188389698234833647e-01
3.189688007534133840e-01
3.191250295067560860e-01
3.193115825584121881e-01
3.195329971369291200e-01
3.197945818134069196e-01
3.201025241396019960e-01
3.204641390881017848e-01
3.208880795502782046e-01
3.213845780996786305e-01
3.219658206755005581e-01
3.226463641192656717e-01
3.234437064085217139e-01
3.243789419695208842e-01
3.254776348817473020e-01
3.267710960775304097e-01
3.282978860738191007e-01
3.301060139158282225e-01
3.322561027020773938e-01
3.348258755951556420e-01
3.379173150279793925e-01
3.416697965894179290e-01
3.462868900398852201e-01
3.520537512374748434e-01
3.593648754037276349e-01
3.687331866138810477e-01
3.807826100342512898e-01
3.962151390199751266e-01
4.157499465798848437e-01
4.400320879118622686e-01
4.695105232887226698e-01
5.042921879041938338e-01
