1.637207015266494703e-01
1.200692561744688691e-01
1.036916320228239013e-01
9.423048674213284348e-02
8.701562125401257619e-02
8.273155821361531659e-02
8.020957152721723549e-02
7.846725141037261264e-02
7.747098596177084961e-02
7.707385955126802579e-02
7.705946326526708079e-02
7.731050047523062296e-02
7.774210591038627216e-02
7.828769663173029691e-02
7.889567881295743434e-02
7.952639452940442333e-02
8.014994168025668664e-02
8.074450834006428879e-02
8.129504975878122652e-02
8.179217658287031567e-02
8.223090525653883875e-02
8.260983505121632930e-02
8.293035136375559446e-02
8.319543802649596864e-02
8.340855869160562763e-02
8.357362259329946530e-02
8.369535760914202649e-02
8.377910138924854477e-02
8.383040130029820181e-02
8.385473868631948546e-02
8.385735795331787645e-02
8.384310604987256499e-02
8.381634547709726490e-02
8.381634547709726490e-02
8.381634547709726490e-02
8.381634547709726490e-02
8.381634547709726490e-02
8.381634547709726490e-02
8.381634547709726490e-02
8.381634547709726490e-02
8.381634547709726490e-02
8.381634547709726490e-02
8.381634547709726490e-02
8.381634547709726490e-02
8.381634547709726490e-02
8.381634547709726490e-02
8.381634547709726490e-02
8.381634547709726490e-02
8.381634547709726490e-02
8.381634547709726490e-02
8.381634547709726490e-02
8.381634547709726490e-02
8.381634547709726490e-02
8.381634547709726490e-02
8.381634547709726490e-02
8.381634547709726490e-02
8.381634547709726490e-02
8.381634547709726490e-02
8.381634547709726490e-02
8.381634547709726490e-02
8.381634547709726490e-02
8.381634547709726490e-02
8.381634547709726490e-02
8.381634547709726490e-02
8.381634547709726490e-02
8.381634547709726490e-02
8.381634547709726490e-02
8.381634547709726490e-02
8.381634547709726490e-02
8.381634547709726490e-02
8.381634547709726490e-02
8.381634547709726490e-02
8.381634547709726490e-02
8.381634547709726490e-02
8.381634547709726490e-02
8.381634547709726490e-02
8.381634547709726490e-02
8.381634547709726490e-02
8.381634547709726490e-02
8.381634547709726490e-02
8.381634547709726490e-02
8.381634547709726490e-02
8.381634547709726490e-02
8.381634547709726490e-02
8.381634547709726490e-02
8.381634547709726490e-02
8.381634547709726490e-02
8.381634547709726490e-02
8.381634547709726490e-02
8.381634547709726490e-02
8.381634547709726490e-02
8.381634547709726490e-02
8.381634547709726490e-02
8.381634547709726490e-02
8.381634547709726490e-02
8.381634547709726490e-02
8.383543975985624508e-02
8.384640501106263577e-02
8.384426176698830946e-02
8.382329010243318168e-02
8.377712013233865052e-02
8.369885124951757793e-02
8.358127093632154725e-02
8.341707040725793165e-02
8.319925930737820385e-02
8.292149873468999954e-02
8.257868405171579773e-02
8.216757496993286336e-02
8.168744434208802252e-02
8.114090755481881412e-02
8.053472618774099034e-02
7.988072853457262035e-02
7.919678825877805861e-02
7.850786578205520838e-02
7.784719651905877558e-02
7.725776124512399867e-02
7.679434197026813180e-02
7.652647645537641319e-02
7.654174780254741073e-02
7.695990477643860350e-02
7.799900649357836835e-02
7.980860582868926079e-02
8.242865353505141046e-02
8.684598107952135049e-02
9.423604070669402977e-02
1.039332224035863783e-01
1.206617371902625468e-01
1.649799502346833424e-01
