2.881494548746849071e-01
2.108473602113284107e-01
1.929311724219329172e-01
1.930337816519605287e-01
2.036016435589326490e-01
2.176703456858999908e-01
2.286374364131232573e-01
2.324858252011761661e-01
2.314239853469277630e-01
2.283489073474342101e-01
2.256689820894236531e-01
2.243132560110644436e-01
2.243615503729156357e-01
2.252168268483920321e-01
2.261107970791588484e-01
2.265472125023391403e-01
2.264580308506135842e-01
2.260684374698663235e-01
2.256694653157448049e-01
2.254559310525549032e-01
2.254692823782580569e-01
2.256270381792600810e-01
2.258008733504395515e-01
2.258945143758533947e-01
2.258820391877408573e-01
2.257999234521196885e-01
2.257097882172820202e-01
2.256597688498356846e-01
2.256640615053180643e-01
2.257050631445939870e-01
2.257510714326110557e-01
2.257765680326187796e-01
2.257737658957654492e-01
2.257737658957654492e-01
2.257737658957654492e-01
2.257737658957654769e-01
2.257737658957654492e-01
2.257737658957654492e-01
2.257737658957654492e-01
2.257737658957654769e-01
2.257737658957654492e-01
2.257737658957654492e-01
2.257737658957654492e-01
2.257737658957654769e-01
2.257737658957654492e-01
2.257737658957654492e-01
2.257737658957654492e-01
2.257737658957654769e-01
2.257737658957654492e-01
2.257737658957654492e-01
2.257737658957654492e-01
2.257737658957654769e-01
2.257737658957654492e-01
2.257737658957654492e-01
2.257737658957654492e-01
2.257737658957654769e-01
2.257737658957654492e-01
2.257737658957654492e-01
2.257737658957654492e-01
2.257737658957654769e-01
2.257737658957654492e-01
2.257737658957654492e-01
2.257737658957654492e-01
2.257737658957654769e-01
2.257737658957654492e-01
2.257737658957654492e-01
2.257737658957654492e-01
2.257737658957654769e-01
2.257737658957654492e-01
2.257737658957654492e-01
2.257737658957654492e-01
2.257737658957654769e-01
2.257737658957654492e-01
2.257737658957654492e-01
2.257737658957654492e-01
2.257737658957654769e-01
2.257737658957654492e-01
2.257737658957654492e-01
2.257737658957654492e-01
2.257737658957654769e-01
2.257737658957654492e-01
2.257737658957654492e-01
2.257737658957654492e-01
2.257737658957654769e-01
2.257737658957654492e-01
2.257737658957654492e-01
2.257737658957654492e-01
2.257737658957654769e-01
2.257737658957654492e-01
2.257737658957654492e-01
2.257737658957654492e-01
2.257737658957654769e-01
2.257737658957654492e-01
2.257737658957654492e-01
2.257737658957654492e-01
2.257737658957654769e-01
2.257757148682690007e-01
2.257559272905479142e-01
2.257180258964097963e-01
2.256824521815332107e-01
2.256784496260140493e-01
2.257252714730400567e-01
2.258126578888992597e-01
2.258948702474185832e-01
2.259082721010159944e-01
2.258108397310326365e-01
2.256255459130652730e-01
2.254552125875610713e-01
2.254419088296885920e-01
2.256788470283833392e-01
2.261215754392151556e-01
2.265550156080348432e-01
2.266575596577747320e-01
2.261817799386218741e-01
2.252063005509540305e-01
2.242796773359662932e-01
2.242357068120709451e-01
2.257039671012031068e-01
2.285808679073292049e-01
2.318599972639114604e-01
2.330058662697692129e-01
2.289768776554084451e-01
2.175540284228075216e-01
2.029988682390737320e-01
1.921657438172840460e-01
1.920910304086174691e-01
2.102179066240933147e-01
2.877452498091566113e-01
