5.807346521524248822e-02
4.955326701477263257e-02
4.508806523441083458e-02
4.273703613227927689e-02
4.099244531944544467e-02
3.942557981345122531e-02
3.818922342808347276e-02
3.732668688543367558e-02
3.669424017732390159e-02
3.617259227588780213e-02
3.572897880364708789e-02
3.535709864676489511e-02
3.504590401958739693e-02
3.478473096070079651e-02
3.456479966742678073e-02
3.437895634983914595e-02
3.422137771972572073e-02
3.408730085959924688e-02
3.397281516862075967e-02
3.387469967184073699e-02
3.379026767505427520e-02
3.371725407252890161e-02
3.365374604982551698e-02
3.359820402418420976e-02
3.354945571745607258e-02
3.350662840965549366e-02
3.346901950121411451e-02
3.343599926506644199e-02
3.340700398036288571e-02
3.338152946733605880e-02
3.335915450901356938e-02
3.333950530204148749e-02
3.332225473806446625e-02
3.332225473806446625e-02
3.332225473806446625e-02
3.332225473806446625e-02
3.332225473806446625e-02
3.332225473806446625e-02
3.332225473806446625e-02
3.332225473806446625e-02
3.332225473806446625e-02
3.332225473806446625e-02
3.332225473806446625e-02
3.332225473806446625e-02
3.332225473806446625e-02
3.332225473806446625e-02
3.332225473806446625e-02
3.332225473806446625e-02
3.332225473806446625e-02
3.332225473806446625e-02
3.332225473806446625e-02
3.332225473806446625e-02
3.332225473806446625e-02
3.332225473806446625e-02
3.332225473806446625e-02
3.332225473806446625e-02
3.332225473806446625e-02
3.332225473806446625e-02
3.332225473806446625e-02
3.332225473806446625e-02
3.332225473806446625e-02
3.332225473806446625e-02
3.332225473806446625e-02
3.332225473806446625e-02
3.332225473806446625e-02
3.332225473806446625e-02
3.332225473806446625e-02
3.332225473806446625e-02
3.332225473806446625e-02
3.332225473806446625e-02
3.332225473806446625e-02
3.332225473806446625e-02
3.332225473806446625e-02
3.332225473806446625e-02
3.332225473806446625e-02
3.332225473806446625e-02
3.332225473806446625e-02
3.332225473806446625e-02
3.332225473806446625e-02
3.332225473806446625e-02
3.332225473806446625e-02
3.332225473806446625e-02
3.332225473806446625e-02
3.332225473806446625e-02
3.332225473806446625e-02
3.332225473806446625e-02
3.332225473806446625e-02
3.332225473806446625e-02
3.332225473806446625e-02
3.332225473806446625e-02
3.332225473806446625e-02
3.332225473806446625e-02
3.332225473806446625e-02
3.332225473806446625e-02
3.332225473806446625e-02
3.332225473806446625e-02
3.333434250554994510e-02
3.334923440825671853e-02
3.336731089885210111e-02
3.338901909604068824e-02
3.341487374115491293e-02
3.344547820711006592e-02
3.348154106910380956e-02
3.352389827949977391e-02
3.357352629914467368e-02
3.363159119920298284e-02
3.369946471605823196e-02
3.377877743415656081e-02
3.387148041340697774e-02
3.397989636936443736e-02
3.410681755810913984e-02
3.425561317117777060e-02
3.443036531443222775e-02
3.463603420512643971e-02
3.487870271556126750e-02
3.516584051628062618e-02
3.550660273559807373e-02
3.591212311334452539e-02
3.639403495712385805e-02
3.695929169997785868e-02
3.764179861588823339e-02
3.856319314955644617e-02
3.987008809798456288e-02
4.151952882832646297e-02
4.335793397442375824e-02
4.582637193125003311e-02
5.047278698039801142e-02
5.929596866721510706e-02
