5.829098162300411223e-01
5.408647392990884040e-01
5.080152680521003994e-01
4.839653616088608334e-01
4.671970849945837334e-01
4.557580404230042737e-01
4.478021942443952685e-01
4.419224275412000358e-01
4.372475305385060684e-01
4.333438127743534096e-01
4.300313663011573473e-01
4.272249404864534861e-01
4.248584146100496950e-01
4.228614819228528887e-01
4.211725790038570727e-01
4.197403911907631180e-01
4.185224555428923021e-01
4.174836329772075860e-01
4.165946933735820146e-01
4.158312787615320305e-01
4.151730339166396777e-01
4.146030351831020977e-01
4.141072636681428776e-01
4.136742803223746323e-01
4.132948386019262843e-01
4.129615501739704597e-01
4.126684154670812177e-01
4.124105284968955787e-01
4.121837059199280895e-01
4.119842854380454389e-01
4.118090649341075160e-01
4.116551337032211544e-01
4.115199232773980587e-01
4.115199232773980587e-01
4.115199232773980587e-01
4.115199232773980587e-01
4.115199232773980587e-01
4.115199232773980587e-01
4.115199232773980587e-01
4.115199232773980587e-01
4.115199232773980587e-01
4.115199232773980587e-01
4.115199232773980587e-01
4.115199232773980587e-01
4.115199232773980587e-01
4.115199232773980587e-01
4.115199232773980587e-01
4.115199232773980587e-01
4.115199232773980587e-01
4.115199232773980587e-01
4.115199232773980587e-01
4.115199232773980587e-01
4.115199232773980587e-01
4.115199232773980587e-01
4.115199232773980587e-01
4.115199232773980587e-01
4.115199232773980587e-01
4.115199232773980587e-01
4.115199232773980587e-01
4.115199232773980587e-01
4.115199232773980587e-01
4.115199232773980587e-01
4.115199232773980587e-01
4.115199232773980587e-01
4.115199232773980587e-01
4.115199232773980587e-01
4.115199232773980587e-01
4.115199232773980587e-01
4.115199232773980587e-01
4.115199232773980587e-01
4.115199232773980587e-01
4.115199232773980587e-01
4.115199232773980587e-01
4.115199232773980587e-01
4.115199232773980587e-01
4.115199232773980587e-01
4.115199232773980587e-01
4.115199232773980587e-01
4.115199232773980587e-01
4.115199232773980587e-01
4.115199232773980587e-01
4.115199232773980587e-01
4.115199232773980587e-01
4.115199232773980587e-01
4.115199232773980587e-01
4.115199232773980587e-01
4.115199232773980587e-01
4.115199232773980587e-01
4.115199232773980587e-01
4.115199232773980587e-01
4.115199232773980587e-01
4.115199232773980587e-01
4.115199232773980587e-01
4.115199232773980587e-01
4.115199232773980587e-01
4.115199232773980587e-01
4.116149930381407529e-01
4.117319932669432081e-01
4.118739291664912372e-01
4.120442597050330558e-01
4.122470126719770533e-01
4.124868746289609422e-01
4.127693360083962704e-01
4.131008688976852694e-01
4.134890258553709508e-01
4.139427384566500279e-01
4.144725456667398555e-01
4.150909326560934254e-01
4.158126669686129651e-01
4.166553877809503481e-01
4.176400605093992802e-01
4.187918184008810885e-01
4.201408647599260693e-01
4.217235642490715919e-01
4.235838586922422433e-01
4.257747674003216076e-01
4.283599588283495962e-01
4.314121694023004827e-01
4.350000885911944337e-01
4.392125486600585438e-01
4.442340755407618857e-01
4.505052677024374286e-01
4.589077220162832704e-01
4.708633085664780671e-01
4.882362838374516567e-01
5.129955287609151426e-01
5.466629763812294041e-01
5.896089114260403274e-01
