1.249825057214443980e-01
1.211097386758540340e-01
1.206913650565065721e-01
1.206451005748417904e-01
1.206399714399113282e-01
1.206394026347280407e-01
1.206393395540625441e-01
1.206393325583795945e-01
1.206393317825546208e-01
1.206393316965152784e-01
1.206393316869734944e-01
1.206393316859153131e-01
1.206393316857979625e-01
1.206393316857849451e-01
1.206393316857835019e-01
1.206393316857833353e-01
1.206393316857833214e-01
1.206393316857833214e-01
1.206393316857833214e-01
1.206393316857833214e-01
1.206393316857833214e-01
1.206393316857833214e-01
1.206393316857833214e-01
1.206393316857833214e-01
1.206393316857833214e-01
1.206393316857833214e-01
1.206393316857833214e-01
1.206393316857833214e-01
1.206393316857833214e-01
1.206393316857833214e-01
1.206393316857833214e-01
1.206393316857833214e-01
1.206393316857833214e-01
1.206393316857833214e-01
1.206393316857833214e-01
1.206393316857833214e-01
1.206393316857833214e-01
1.206393316857833214e-01
1.206393316857833214e-01
1.206393316857833214e-01
1.206393316857833214e-01
1.206393316857833214e-01
1.206393316857833214e-01
1.206393316857833214e-01
1.206393316857833214e-01
1.206393316857833214e-01
1.206393316857833214e-01
1.206393316857833214e-01
1.206393316857833214e-01
1.206393316857833214e-01
1.206393316857833214e-01
1.206393316857833214e-01
1.206393316857833214e-01
1.206393316857833214e-01
1.206393316857833214e-01
1.206393316857833214e-01
1.206393316857833214e-01
1.206393316857833214e-01
1.206393316857833214e-01
1.206393316857833214e-01
1.206393316857833214e-01
1.206393316857833214e-01
1.206393316857833214e-01
1.206393316857833214e-01
1.206393316857833214e-01
1.206393316857833214e-01
1.206393316857833214e-01
1.206393316857833214e-01
1.206393316857833214e-01
1.206393316857833214e-01
1.206393316857833214e-01
1.206393316857833214e-01
1.206393316857833214e-01
1.206393316857833214e-01
1.206393316857833214e-01
1.206393316857833214e-01
1.206393316857833214e-01
1.206393316857833214e-01
1.206393316857833214e-01
1.206393316857833214e-01
1.206393316857833214e-01
1.206393316857833214e-01
1.206393316857833214e-01
1.206393316857833214e-01
1.206393316857833214e-01
1.206393316857833214e-01
1.206393316857833214e-01
1.206393316857833214e-01
1.206393316857833214e-01
1.206393316857833214e-01
1.206393316857833214e-01
1.206393316857833214e-01
1.206393316857833214e-01
1.206393316857833214e-01
1.206393316857833214e-01
1.206393316857833214e-01
1.206393316857833214e-01
1.206393316857833214e-01
1.206393316857833214e-01
1.206393316857833214e-01
1.206393316857833214e-01
1.206393316857833214e-01
1.206393316857833214e-01
1.206393316857833214e-01
1.206393316857833214e-01
1.206393316857833214e-01
1.206393316857833214e-01
1.206393316857833214e-01
1.206393316857833214e-01
1.206393316857833214e-01
1.206393316857833214e-01
1.206393316857833214e-01
1.206393316857833353e-01
1.206393316857835019e-01
1.206393316857849451e-01
1.206393316857979486e-01
1.206393316859152992e-01
1.206393316869734944e-01
1.206393316965152784e-01
1.206393317825546208e-01
1.206393325583795945e-01
1.206393395540625441e-01
1.206394026347280407e-01
1.206399714399113421e-01
1.206451005748417904e-01
1.206913650565065721e-01
1.211097386758540340e-01
1.249825057214443980e-01
