1.240769251022900699e-01
9.504267864738666360e-02
7.978701637663417057e-02
7.094252617419812001e-02
6.550522957010063152e-02
6.204383125463296816e-02
5.979692327065916357e-02
5.832543991227412405e-02
5.736080561405174083e-02
5.673169663555511361e-02
5.632570775528846635e-02
5.606782141758839128e-02
5.590755651785418723e-02
5.581089590782237903e-02
5.575500823287028035e-02
5.572470050213641779e-02
5.570998716929534411e-02
5.570441246005669589e-02
5.570389020118384632e-02
5.570590409361386025e-02
5.570896072519636311e-02
5.571221952095794377e-02
5.571524579932719823e-02
5.571784867188841334e-02
5.571997676864343108e-02
5.572165281688561123e-02
5.572293389885480536e-02
5.572388835266917778e-02
5.572458320609528087e-02
5.572507807854657630e-02
5.572542289759434969e-02
5.572565773633766234e-02
5.572581372076328837e-02
5.572591437882613158e-02
5.572597707491651342e-02
5.572601434379068075e-02
5.572603504125209217e-02
5.572604528849081640e-02
5.572604921902332697e-02
5.572604955229740892e-02
5.572604802321668577e-02
5.572604569654553142e-02
5.572604319215032631e-02
5.572604084295924159e-02
5.572603880331767484e-02
5.572603712155535516e-02
5.572603578727356594e-02
5.572603476115918497e-02
5.572603399299595056e-02
5.572603343190993264e-02
5.572603303165848260e-02
5.572603275287753982e-02
5.572603256355779938e-02
5.572603243857050109e-02
5.572603235875433353e-02
5.572603230986590550e-02
5.572603228156348260e-02
5.572603226650518077e-02
5.572603225959515960e-02
5.572603225737757238e-02
5.572603225756768419e-02
5.572603225869951493e-02
5.572603225987165371e-02
5.572603226057265546e-02
5.572603226057265546e-02
5.572603225987167452e-02
5.572603225869951493e-02
5.572603225756768419e-02
5.572603225737757238e-02
5.572603225959515960e-02
5.572603226650518077e-02
5.572603228156348260e-02
5.572603230986591244e-02
5.572603235875434047e-02
5.572603243857051497e-02
5.572603256355779938e-02
5.572603275287753982e-02
5.572603303165848260e-02
5.572603343190993264e-02
5.572603399299595056e-02
5.572603476115919885e-02
5.572603578727355900e-02
5.572603712155535516e-02
5.572603880331767484e-02
5.572604084295925547e-02
5.572604319215032631e-02
5.572604569654553142e-02
5.572604802321668577e-02
5.572604955229741586e-02
5.572604921902332697e-02
5.572604528849081640e-02
5.572603504125209217e-02
5.572601434379068075e-02
5.572597707491650648e-02
5.572591437882613852e-02
5.572581372076326756e-02
5.572565773633766234e-02
5.572542289759434969e-02
5.572507807854657630e-02
5.572458320609528087e-02
5.572388835266918472e-02
5.572293389885480536e-02
5.572165281688561123e-02
5.571997676864342414e-02
5.571784867188842028e-02
5.571524579932719823e-02
5.571221952095795765e-02
5.570896072519636311e-02
5.570590409361386025e-02
5.570389020118383938e-02
5.570441246005669589e-02
5.570998716929533717e-02
5.572470050213641779e-02
5.575500823287028035e-02
5.581089590782237903e-02
5.590755651785419417e-02
5.606782141758839128e-02
5.632570775528846635e-02
5.673169663555512748e-02
5.736080561405173389e-02
5.832543991227412405e-02
5.979692327065915664e-02
6.204383125463296816e-02
6.550522957010063152e-02
7.094252617419810614e-02
7.978701637663417057e-02
9.504267864738666360e-02
1.240769251022900976e-01
