1.683313968924224358e-01
1.666447238614631454e-01
1.655885629909032430e-01
1.649717637685759186e-01
1.644826260348199176e-01
1.640179455262766317e-01
1.636327692218852714e-01
1.633536441850598486e-01
1.631432268462860713e-01
1.629658511545590271e-01
1.628121964368325347e-01
1.626813368482673272e-01
1.625703577145072576e-01
1.624761587706013977e-01
1.623960718867142883e-01
1.623278459207120883e-01
1.622695950012595645e-01
1.622197385147003679e-01
1.621769514943736390e-01
1.621401232349910515e-01
1.621083125717623918e-01
1.620807148771596928e-01
1.620566425567407376e-01
1.620355379055359868e-01
1.620169746877793693e-01
1.620006351556657620e-01
1.619862625266149658e-01
1.619736249012977414e-01
1.619625133143138274e-01
1.619527397948329894e-01
1.619441467943916191e-01
1.619365939021266132e-01
1.619299578224063230e-01
1.619299578224063230e-01
1.619299578224063230e-01
1.619299578224063230e-01
1.619299578224063230e-01
1.619299578224063230e-01
1.619299578224063230e-01
1.619299578224063230e-01
1.619299578224063230e-01
1.619299578224063230e-01
1.619299578224063230e-01
1.619299578224063230e-01
1.619299578224063230e-01
1.619299578224063230e-01
1.619299578224063230e-01
1.619299578224063230e-01
1.619299578224063230e-01
1.619299578224063230e-01
1.619299578224063230e-01
1.619299578224063230e-01
1.619299578224063230e-01
1.619299578224063230e-01
1.619299578224063230e-01
1.619299578224063230e-01
1.619299578224063230e-01
1.619299578224063230e-01
1.619299578224063230e-01
1.619299578224063230e-01
1.619299578224063230e-01
1.619299578224063230e-01
1.619299578224063230e-01
1.619299578224063230e-01
1.619299578224063230e-01
1.619299578224063230e-01
1.619299578224063230e-01
1.619299578224063230e-01
1.619299578224063230e-01
1.619299578224063230e-01
1.619299578224063230e-01
1.619299578224063230e-01
1.619299578224063230e-01
1.619299578224063230e-01
1.619299578224063230e-01
1.619299578224063230e-01
1.619299578224063230e-01
1.619299578224063230e-01
1.619299578224063230e-01
1.619299578224063230e-01
1.619299578224063230e-01
1.619299578224063230e-01
1.619299578224063230e-01
1.619299578224063230e-01
1.619299578224063230e-01
1.619299578224063230e-01
1.619299578224063230e-01
1.619299578224063230e-01
1.619299578224063230e-01
1.619299578224063230e-01
1.619299578224063230e-01
1.619299578224063230e-01
1.619299578224063230e-01
1.619299578224063230e-01
1.619299578224063230e-01
1.619299578224063230e-01
1.619346083352140586e-01
1.619403343716862564e-01
1.619472800347789010e-01
1.619556141244057335e-01
1.619655301676299897e-01
1.619772540316473386e-01
1.619910496585702797e-01
1.620072267150245438e-01
1.620261444761322833e-01
1.620482290072509657e-01
1.620739771349571090e-01
1.621039737509188949e-01
1.621389110978057047e-01
1.621796025065428137e-01
1.622270114776307448e-01
1.622822810186962950e-01
1.623467690243559081e-01
1.624220879497656478e-01
1.625101641716107936e-01
1.626132907210874334e-01
1.627341736801038719e-01
1.628759515756557086e-01
1.630415796633438164e-01
1.632320197046211729e-01
1.634566478233508979e-01
1.637510862654220356e-01
1.641523515247948761e-01
1.646334231990294050e-01
1.651391852217089784e-01
1.657730694267199878e-01
1.668457681024154704e-01
1.685597279818940586e-01
