4.183092026585203960e-01
4.069459758778973812e-01
4.065367156338133836e-01
4.065238453659861806e-01
4.065235508326510705e-01
4.065235506495128437e-01
4.065235511844789151e-01
4.065235512288065678e-01
4.065235512314523958e-01
4.065235512315870658e-01
4.065235512315932276e-01
4.065235512315934496e-01
4.065235512315934496e-01
4.065235512315934496e-01
4.065235512315934496e-01
4.065235512315934496e-01
4.065235512315934496e-01
4.065235512315934496e-01
4.065235512315934496e-01
4.065235512315934496e-01
4.065235512315934496e-01
4.065235512315934496e-01
4.065235512315934496e-01
4.065235512315934496e-01
4.065235512315934496e-01
4.065235512315934496e-01
4.065235512315934496e-01
4.065235512315934496e-01
4.065235512315934496e-01
4.065235512315934496e-01
4.065235512315934496e-01
4.065235512315934496e-01
4.065235512315934496e-01
4.065235512315934496e-01
4.065235512315934496e-01
4.065235512315934496e-01
4.065235512315934496e-01
4.065235512315934496e-01
4.065235512315934496e-01
4.065235512315934496e-01
4.065235512315934496e-01
4.065235512315934496e-01
4.065235512315934496e-01
4.065235512315934496e-01
4.065235512315934496e-01
4.065235512315934496e-01
4.065235512315934496e-01
4.065235512315934496e-01
4.065235512315934496e-01
4.065235512315934496e-01
4.065235512315934496e-01
4.065235512315934496e-01
4.065235512315934496e-01
4.065235512315934496e-01
4.065235512315934496e-01
4.065235512315934496e-01
4.065235512315934496e-01
4.065235512315934496e-01
4.065235512315934496e-01
4.065235512315934496e-01
4.065235512315934496e-01
4.065235512315934496e-01
4.065235512315934496e-01
4.065235512315934496e-01
4.065235512315934496e-01
4.065235512315934496e-01
4.065235512315934496e-01
4.065235512315934496e-01
4.065235512315934496e-01
4.065235512315934496e-01
4.065235512315934496e-01
4.065235512315934496e-01
4.065235512315934496e-01
4.065235512315934496e-01
4.065235512315934496e-01
4.065235512315934496e-01
4.065235512315934496e-01
4.065235512315934496e-01
4.065235512315934496e-01
4.065235512315934496e-01
4.065235512315934496e-01
4.065235512315934496e-01
4.065235512315934496e-01
4.065235512315934496e-01
4.065235512315934496e-01
4.065235512315934496e-01
4.065235512315934496e-01
4.065235512315934496e-01
4.065235512315934496e-01
4.065235512315934496e-01
4.065235512315934496e-01
4.065235512315934496e-01
4.065235512315934496e-01
4.065235512315934496e-01
4.065235512315934496e-01
4.065235512315934496e-01
4.065235512315934496e-01
4.065235512315934496e-01
4.065235512315934496e-01
4.065235512315934496e-01
4.065235512315934496e-01
4.065235512315934496e-01
4.065235512315934496e-01
4.065235512315934496e-01
4.065235512315934496e-01
4.065235512315934496e-01
4.065235512315934496e-01
4.065235512315934496e-01
4.065235512315934496e-01
4.065235512315934496e-01
4.065235512315934496e-01
4.065235512315934496e-01
4.065235512315934496e-01
4.065235512315934496e-01
4.065235512315934496e-01
4.065235512315934496e-01
4.065235512315934496e-01
4.065235512315932276e-01
4.065235512315870658e-01
4.065235512314523958e-01
4.065235512288065678e-01
4.065235511844789151e-01
4.065235506495128437e-01
4.065235508326510705e-01
4.065238453659861806e-01
4.065367156338133836e-01
4.069459758778973812e-01
4.183092026585203960e-01
