2.212137143488286661e-02
2.212136515316185520e-02
2.212136515316090457e-02
2.212136515316090457e-02
2.212136515316090457e-02
2.212136515316090457e-02
2.212136515316090457e-02
2.212136515316090457e-02
2.212136515316090457e-02
2.212136515316090457e-02
2.212136515316090457e-02
2.212136515316090457e-02
2.212136515316090457e-02
2.212136515316090457e-02
2.212136515316090457e-02
2.212136515316090457e-02
2.212136515316090457e-02
2.212136515316090457e-02
2.212136515316090457e-02
2.212136515316090457e-02
2.212136515316090457e-02
2.212136515316090457e-02
2.212136515316090457e-02
2.212136515316090457e-02
2.212136515316090457e-02
2.212136515316090457e-02
2.212136515316090457e-02
2.212136515316090457e-02
2.212136515316090457e-02
2.212136515316090457e-02
2.212136515316090457e-02
2.212136515316090457e-02
2.212136515316090457e-02
2.212136515316090457e-02
2.212136515316090457e-02
2.212136515316090457e-02
2.212136515316090457e-02
2.212136515316090457e-02
2.212136515316090457e-02
2.212136515316090457e-02
2.212136515316090457e-02
2.212136515316090457e-02
2.212136515316090457e-02
2.212136515316090457e-02
2.212136515316090457e-02
2.212136515316090457e-02
2.212136515316090457e-02
2.212136515316090457e-02
2.212136515316090457e-02
2.212136515316090457e-02
2.212136515316090457e-02
2.212136515316090457e-02
2.212136515316090457e-02
2.212136515316090457e-02
2.212136515316090457e-02
2.212136515316090457e-02
2.212136515316090457e-02
2.212136515316090457e-02
2.212136515316090457e-02
2.212136515316090457e-02
2.212136515316090457e-02
2.212136515316090457e-02
2.212136515316090457e-02
2.212136515316090457e-02
2.212136515316090457e-02
2.212136515316090457e-02
2.212136515316090457e-02
2.212136515316090457e-02
2.212136515316090457e-02
2.212136515316090457e-02
2.212136515316090457e-02
2.212136515316090457e-02
2.212136515316090457e-02
2.212136515316090457e-02
2.212136515316090457e-02
2.212136515316090457e-02
2.212136515316090457e-02
2.212136515316090457e-02
2.212136515316090457e-02
2.212136515316090457e-02
2.212136515316090457e-02
2.212136515316090457e-02
2.212136515316090457e-02
2.212136515316090457e-02
2.212136515316090457e-02
2.212136515316090457e-02
2.212136515316090457e-02
2.212136515316090457e-02
2.212136515316090457e-02
2.212136515316090457e-02
2.212136515316090457e-02
2.212136515316090457e-02
2.212136515316090457e-02
2.212136515316090457e-02
2.212136515316090457e-02
2.212136515316090457e-02
2.212136515316090457e-02
2.212136515316090457e-02
2.212136515316090457e-02
2.212136515316090457e-02
2.212136515316090457e-02
2.212136515316090457e-02
2.212136515316090457e-02
2.212136515316090457e-02
2.212136515316090457e-02
2.212136515316090457e-02
2.212136515316090457e-02
2.212136515316090457e-02
2.212136515316090457e-02
2.212136515316090457e-02
2.212136515316090457e-02
2.212136515316090457e-02
2.212136515316090457e-02
2.212136515316090457e-02
2.212136515316090457e-02
2.212136515316090457e-02
2.212136515316090457e-02
2.212136515316090457e-02
2.212136515316090457e-02
2.212136515316090457e-02
2.212136515316090457e-02
2.212136515316090457e-02
2.212136515316090457e-02
2.212136515316090457e-02
2.212136515316090457e-02
2.212136515316090457e-02
2.212136515316185520e-02
2.212137143488286661e-02
