2.925472424478759437e-01
2.185817835605946835e-01
1.995933903096541451e-01
1.996563866127897824e-01
2.096568344277395246e-01
2.242626755521648085e-01
2.336445251060169093e-01
2.373435951319349813e-01
2.363237936460929611e-01
2.335329485380656933e-01
2.309057189363744600e-01
2.296496969660578036e-01
2.297660659074546585e-01
2.306518657623912727e-01
2.315546604125690577e-01
2.319945849216538958e-01
2.319110176486684771e-01
2.315288961139939372e-01
2.311368019104140803e-01
2.309275483679447682e-01
2.309419821767290937e-01
2.310986354242416940e-01
2.312709358408638338e-01
2.313639268117916592e-01
2.313519092961625057e-01
2.312708185053197751e-01
2.311816115157087070e-01
2.311320676353167958e-01
2.311363161928789989e-01
2.311769510026384089e-01
2.312225667954265762e-01
2.312478702121665564e-01
2.312451435132192035e-01
2.312451435132192312e-01
2.312451435132192312e-01
2.312451435132192035e-01
2.312451435132192035e-01
2.312451435132192312e-01
2.312451435132192312e-01
2.312451435132192035e-01
2.312451435132192035e-01
2.312451435132192312e-01
2.312451435132192312e-01
2.312451435132192035e-01
2.312451435132192035e-01
2.312451435132192312e-01
2.312451435132192312e-01
2.312451435132192035e-01
2.312451435132192035e-01
2.312451435132192312e-01
2.312451435132192312e-01
2.312451435132192035e-01
2.312451435132192035e-01
2.312451435132192312e-01
2.312451435132192312e-01
2.312451435132192035e-01
2.312451435132192035e-01
2.312451435132192312e-01
2.312451435132192312e-01
2.312451435132192035e-01
2.312451435132192035e-01
2.312451435132192312e-01
2.312451435132192312e-01
2.312451435132192035e-01
2.312451435132192035e-01
2.312451435132192312e-01
2.312451435132192312e-01
2.312451435132192035e-01
2.312451435132192035e-01
2.312451435132192312e-01
2.312451435132192312e-01
2.312451435132192035e-01
2.312451435132192035e-01
2.312451435132192312e-01
2.312451435132192312e-01
2.312451435132192035e-01
2.312451435132192035e-01
2.312451435132192312e-01
2.312451435132192312e-01
2.312451435132192035e-01
2.312451435132192035e-01
2.312451435132192312e-01
2.312451435132192312e-01
2.312451435132192035e-01
2.312451435132192035e-01
2.312451435132192312e-01
2.312451435132192312e-01
2.312451435132192035e-01
2.312451435132192035e-01
2.312451435132192312e-01
2.312451435132192312e-01
2.312451435132192035e-01
2.312451435132192035e-01
2.312451435132192312e-01
2.312451435132192312e-01
2.312451435132192035e-01
2.312470213053552659e-01
2.312275747156411765e-01
2.311903091743069405e-01
2.311553040037336026e-01
2.311513746879042819e-01
2.311975140490136194e-01
2.312836153363451164e-01
2.313645135473498538e-01
2.313773463582240730e-01
2.312806066996610233e-01
2.310968712231027122e-01
2.309275041385276117e-01
2.309128510008437163e-01
2.311452664342299179e-01
2.315810119248867538e-01
2.320068177640257634e-01
2.321030268720162271e-01
2.316219297718548342e-01
2.306341321154223578e-01
2.296714693704289545e-01
2.295527786444548635e-01
2.309160183666230381e-01
2.337394052338895578e-01
2.367365961743452540e-01
2.378443061557946048e-01
2.339742759841641484e-01
2.241436115634903581e-01
2.090477845609947372e-01
1.987849036266153835e-01
1.987555399576245163e-01
2.179591000901255071e-01
2.921959596583182384e-01
