5.356828199650693657e-04
3.398323217359789858e-04
2.400659423680937964e-04
1.880357969681641767e-04
1.599678683263113074e-04
1.437283487078384599e-04
1.330559363757267727e-04
1.249957680335206302e-04
1.184229486385342885e-04
1.129983158443532802e-04
1.085640863655098359e-04
1.049533026316462473e-04
1.019912274256824054e-04
9.954388200315306817e-05
9.750945516270813330e-05
9.580885324478781385e-05
9.438005276312874670e-05
9.317385145896173800e-05
9.215067287937647538e-05
9.127848502932440523e-05
9.053109606669361279e-05
8.988702500523841447e-05
8.932888970624584715e-05
8.884274125063761269e-05
8.841757650985364032e-05
8.804482146513935943e-05
8.771766560045200659e-05
8.743055449525847383e-05
8.717868964880645742e-05
8.695782424394368814e-05
8.676420585950092546e-05
8.659441390634312367e-05
8.644546423799565071e-05
8.644546423799561005e-05
8.644546423799565071e-05
8.644546423799561005e-05
8.644546423799565071e-05
8.644546423799561005e-05
8.644546423799565071e-05
8.644546423799561005e-05
8.644546423799565071e-05
8.644546423799561005e-05
8.644546423799565071e-05
8.644546423799561005e-05
8.644546423799565071e-05
8.644546423799561005e-05
8.644546423799565071e-05
8.644546423799561005e-05
8.644546423799565071e-05
8.644546423799561005e-05
8.644546423799565071e-05
8.644546423799561005e-05
8.644546423799565071e-05
8.644546423799561005e-05
8.644546423799565071e-05
8.644546423799561005e-05
8.644546423799565071e-05
8.644546423799561005e-05
8.644546423799565071e-05
8.644546423799561005e-05
8.644546423799565071e-05
8.644546423799561005e-05
8.644546423799565071e-05
8.644546423799561005e-05
8.644546423799565071e-05
8.644546423799561005e-05
8.644546423799565071e-05
8.644546423799561005e-05
8.644546423799565071e-05
8.644546423799561005e-05
8.644546423799565071e-05
8.644546423799561005e-05
8.644546423799565071e-05
8.644546423799561005e-05
8.644546423799565071e-05
8.644546423799561005e-05
8.644546423799565071e-05
8.644546423799561005e-05
8.644546423799565071e-05
8.644546423799561005e-05
8.644546423799565071e-05
8.644546423799561005e-05
8.644546423799565071e-05
8.644546423799561005e-05
8.644546423799565071e-05
8.644546423799561005e-05
8.644546423799565071e-05
8.644546423799561005e-05
8.644546423799565071e-05
8.644546423799561005e-05
8.644546423799565071e-05
8.644546423799561005e-05
8.644546423799565071e-05
8.644546423799561005e-05
8.644546423799565071e-05
8.644546423799561005e-05
8.654928902651160081e-05
8.667737628428112890e-05
8.683310629605119849e-05
8.702040292802707452e-05
8.724385154162000468e-05
8.750878950191686204e-05
8.782162296872388692e-05
8.818983785734506016e-05
8.862237798655094663e-05
8.912990988552256467e-05
8.972522429733404163e-05
9.042370726909401094e-05
9.124387926168403063e-05
9.220831384534555427e-05
9.334457229950041211e-05
9.468656219544345910e-05
9.627638085132477234e-05
9.816670552004105182e-05
1.004240179836152474e-04
1.031332358497593087e-04
1.064038056610308407e-04
1.103800395726324670e-04
1.152507894696073185e-04
1.212007902946449570e-04
1.284105642786972533e-04
1.372546674393727969e-04
1.489331874615649803e-04
1.665803513719769729e-04
1.968688907231608374e-04
2.528490230893333740e-04
3.603800087281005876e-04
5.727711368976989284e-04
