3.749700666572274854e-01
3.084640896650007735e-01
3.452906963254245842e-01
3.781315992141136562e-01
3.746215820772410554e-01
3.669060096212040656e-01
3.668584067690198736e-01
3.686786490129161376e-01
3.685642524368533124e-01
3.679675227392086301e-01
3.679779336019177172e-01
3.681609515188034587e-01
3.681555484987351634e-01
3.680943381264435432e-01
3.680955176761532277e-01
3.681160338891492079e-01
3.681156277456385517e-01
3.681085576545582994e-01
3.681086746790099840e-01
3.681111356027153558e-01
3.681110974468349561e-01
3.681102296285160835e-01
3.681102417313985575e-01
3.681105503485307406e-01
3.681105463592566629e-01
3.681104357302158459e-01
3.681104370503393008e-01
3.681104769591171944e-01
3.681104765153367375e-01
3.681104620379881953e-01
3.681104621884884187e-01
3.681104674654843145e-01
3.681104674140038835e-01
3.681104654824776667e-01
3.681104655002336301e-01
3.681104662098546032e-01
3.681104662036982500e-01
3.681104659421408076e-01
3.681104659442899774e-01
3.681104660409835194e-01
3.681104660402302886e-01
3.681104660043900689e-01
3.681104660046566335e-01
3.681104660179722043e-01
3.681104660178789456e-01
3.681104660129204120e-01
3.681104660129542738e-01
3.681104660148035723e-01
3.681104660147918595e-01
3.681104660141008011e-01
3.681104660141050755e-01
3.681104660143627583e-01
3.681104660143625362e-01
3.681104660142651697e-01
3.681104660142656693e-01
3.681104660143019180e-01
3.681104660143018625e-01
3.681104660142877072e-01
3.681104660142884288e-01
3.681104660142934804e-01
3.681104660142930363e-01
3.681104660142909268e-01
3.681104660142910379e-01
3.681104660142923146e-01
3.681104660142923146e-01
3.681104660142910934e-01
3.681104660142909268e-01
3.681104660142930363e-01
3.681104660142934804e-01
3.681104660142883178e-01
3.681104660142877072e-01
3.681104660143018625e-01
3.681104660143019180e-01
3.681104660142656138e-01
3.681104660142651697e-01
3.681104660143625362e-01
3.681104660143628138e-01
3.681104660141050755e-01
3.681104660141008011e-01
3.681104660147918595e-01
3.681104660148035168e-01
3.681104660129542738e-01
3.681104660129204675e-01
3.681104660178789456e-01
3.681104660179722043e-01
3.681104660046566890e-01
3.681104660043900134e-01
3.681104660402302886e-01
3.681104660409835194e-01
3.681104659442899774e-01
3.681104659421408076e-01
3.681104662036983055e-01
3.681104662098545477e-01
3.681104655002336301e-01
3.681104654824776667e-01
3.681104674140039390e-01
3.681104674654843145e-01
3.681104621884884742e-01
3.681104620379881953e-01
3.681104765153366820e-01
3.681104769591171944e-01
3.681104370503393008e-01
3.681104357302159014e-01
3.681105463592566629e-01
3.681105503485307406e-01
3.681102417313985575e-01
3.681102296285160835e-01
3.681110974468350117e-01
3.681111356027153558e-01
3.681086746790100395e-01
3.681085576545582994e-01
3.681156277456385517e-01
3.681160338891492634e-01
3.680955176761533387e-01
3.680943381264435432e-01
3.681555484987351634e-01
3.681609515188034587e-01
3.679779336019177172e-01
3.679675227392086856e-01
3.685642524368533124e-01
3.686786490129161376e-01
3.668584067690198736e-01
3.669060096212040656e-01
3.746215820772410554e-01
3.781315992141136562e-01
3.452906963254245842e-01
3.084640896650007180e-01
3.749700666572275964e-01
