3.235545790188921744e-01
2.695598996809049352e-01
2.561428895414427642e-01
2.527202821709087499e-01
2.519306693011689191e-01
2.517855760784426522e-01
2.517733076709632867e-01
2.517789091501921872e-01
2.517829344344000853e-01
2.517845992599657134e-01
2.517851371115322756e-01
2.517852774258647619e-01
2.517853042504255012e-01
2.517853057940271366e-01
2.517853040886237070e-01
2.517853029914765006e-01
2.517853025449250937e-01
2.517853024023649633e-01
2.517853023663555456e-01
2.517853023602312779e-01
2.517853023603701113e-01
2.517853023610636121e-01
2.517853023614434194e-01
2.517853023615888031e-01
2.517853023616333230e-01
2.517853023616435926e-01
2.517853023616451469e-01
2.517853023616443697e-01
2.517853023616442032e-01
2.517853023616440922e-01
2.517853023616440367e-01
2.517853023616440367e-01
2.517853023616440367e-01
2.517853023616440367e-01
2.517853023616440367e-01
2.517853023616440367e-01
2.517853023616440367e-01
2.517853023616440367e-01
2.517853023616440367e-01
2.517853023616440367e-01
2.517853023616440367e-01
2.517853023616440367e-01
2.517853023616440367e-01
2.517853023616440367e-01
2.517853023616440367e-01
2.517853023616440367e-01
2.517853023616440367e-01
2.517853023616440367e-01
2.517853023616440367e-01
2.517853023616440367e-01
2.517853023616440367e-01
2.517853023616440367e-01
2.517853023616440367e-01
2.517853023616440367e-01
2.517853023616440367e-01
2.517853023616440367e-01
2.517853023616440367e-01
2.517853023616440367e-01
2.517853023616440367e-01
2.517853023616440367e-01
2.517853023616440367e-01
2.517853023616440367e-01
2.517853023616440367e-01
2.517853023616440367e-01
2.517853023616440367e-01
2.517853023616440367e-01
2.517853023616440367e-01
2.517853023616440367e-01
2.517853023616440367e-01
2.517853023616440367e-01
2.517853023616440367e-01
2.517853023616440367e-01
2.517853023616440367e-01
2.517853023616440367e-01
2.517853023616440367e-01
2.517853023616440367e-01
2.517853023616440367e-01
2.517853023616440367e-01
2.517853023616440367e-01
2.517853023616440367e-01
2.517853023616440367e-01
2.517853023616440367e-01
2.517853023616440367e-01
2.517853023616440367e-01
2.517853023616440367e-01
2.517853023616440367e-01
2.517853023616440367e-01
2.517853023616440367e-01
2.517853023616440367e-01
2.517853023616440367e-01
2.517853023616440367e-01
2.517853023616440367e-01
2.517853023616440367e-01
2.517853023616440367e-01
2.517853023616440367e-01
2.517853023616440367e-01
2.517853023616440367e-01
2.517853023616440922e-01
2.517853023616440922e-01
2.517853023616442032e-01
2.517853023616443697e-01
2.517853023616450914e-01
2.517853023616435926e-01
2.517853023616332675e-01
2.517853023615888586e-01
2.517853023614434194e-01
2.517853023610636121e-01
2.517853023603701113e-01
2.517853023602312779e-01
2.517853023663556011e-01
2.517853024023649633e-01
2.517853025449250381e-01
2.517853029914765006e-01
2.517853040886237070e-01
2.517853057940271366e-01
2.517853042504255567e-01
2.517852774258647619e-01
2.517851371115322756e-01
2.517845992599656579e-01
2.517829344344000853e-01
2.517789091501921317e-01
2.517733076709632867e-01
2.517855760784426522e-01
2.519306693011689191e-01
2.527202821709087499e-01
2.561428895414427642e-01
2.695598996809049352e-01
3.235545790188921744e-01
