2.236740823571586045e-01
1.647587229877415793e-01
1.450175471449078601e-01
1.334947516267385170e-01
1.296417343482183793e-01
1.295932191068730477e-01
1.321260018342823306e-01
1.357012948682562170e-01
1.399385687595651184e-01
1.435333502272881367e-01
1.460310104449142610e-01
1.474793627649934324e-01
1.480047714586099905e-01
1.478735061528707317e-01
1.473705491021708447e-01
1.467355998802830630e-01
1.461386064575688759e-01
1.456787824589970415e-01
1.453951574559321502e-01
1.452816087485244712e-01
1.453030273315081555e-01
1.454106973469902753e-01
1.455552551976763698e-01
1.456958840452273196e-01
1.458047325348199308e-01
1.458684294799372783e-01
1.458867938679539733e-01
1.458689620889298821e-01
1.458287697170212449e-01
1.457805915508716132e-01
1.457363468378681526e-01
1.457038333636764271e-01
1.456863401706435801e-01
1.456863401706435801e-01
1.456863401706435801e-01
1.456863401706435801e-01
1.456863401706435801e-01
1.456863401706435801e-01
1.456863401706435801e-01
1.456863401706435801e-01
1.456863401706435801e-01
1.456863401706435801e-01
1.456863401706435801e-01
1.456863401706435801e-01
1.456863401706435801e-01
1.456863401706435801e-01
1.456863401706435801e-01
1.456863401706435801e-01
1.456863401706435801e-01
1.456863401706435801e-01
1.456863401706435801e-01
1.456863401706435801e-01
1.456863401706435801e-01
1.456863401706435801e-01
1.456863401706435801e-01
1.456863401706435801e-01
1.456863401706435801e-01
1.456863401706435801e-01
1.456863401706435801e-01
1.456863401706435801e-01
1.456863401706435801e-01
1.456863401706435801e-01
1.456863401706435801e-01
1.456863401706435801e-01
1.456863401706435801e-01
1.456863401706435801e-01
1.456863401706435801e-01
1.456863401706435801e-01
1.456863401706435801e-01
1.456863401706435801e-01
1.456863401706435801e-01
1.456863401706435801e-01
1.456863401706435801e-01
1.456863401706435801e-01
1.456863401706435801e-01
1.456863401706435801e-01
1.456863401706435801e-01
1.456863401706435801e-01
1.456863401706435801e-01
1.456863401706435801e-01
1.456863401706435801e-01
1.456863401706435801e-01
1.456863401706435801e-01
1.456863401706435801e-01
1.456863401706435801e-01
1.456863401706435801e-01
1.456863401706435801e-01
1.456863401706435801e-01
1.456863401706435801e-01
1.456863401706435801e-01
1.456863401706435801e-01
1.456863401706435801e-01
1.456863401706435801e-01
1.456863401706435801e-01
1.456863401706435801e-01
1.456863401706435801e-01
1.456988136546430168e-01
1.457237783052114100e-01
1.457598841930739519e-01
1.458012288883767382e-01
1.458371897779084103e-01
1.458536338895586315e-01
1.458357371011872738e-01
1.457723645228941878e-01
1.456613494675053633e-01
1.455145273094226865e-01
1.453607861153982383e-01
1.452453253253919718e-01
1.452237645541185340e-01
1.453511269016785068e-01
1.456667670298687489e-01
1.461771562531596624e-01
1.468383456319747593e-01
1.475403327715356094e-01
1.480966196573623717e-01
1.482465755530472662e-01
1.476839215155782425e-01
1.461283253980991959e-01
1.434567312258340499e-01
1.396491903587024630e-01
1.352107067975623633e-01
1.314878200271086817e-01
1.288967072204403319e-01
1.289802270178584953e-01
1.329571807491399804e-01
1.446776637463369763e-01
1.646950536600532145e-01
2.239648394341025028e-01
