6.910997681402282211e-01
6.525414874940014265e-01
6.329909128051567357e-01
6.155174822067446261e-01
6.039066079341797177e-01
5.944495013081977364e-01
5.865018804661711327e-01
5.805534423494131957e-01
5.751839940360302661e-01
5.709011436416406848e-01
5.675008406836108410e-01
5.646493892755756194e-01
5.622618464427673324e-01
5.602559524194378193e-01
5.585644203559886334e-01
5.571329148678644261e-01
5.559174548170101593e-01
5.548820372308598259e-01
5.539970651192570594e-01
5.532380524455606796e-01
5.525845239732867231e-01
5.520193936355980435e-01
5.515281583012199285e-01
5.510985917396979961e-01
5.507217737110000622e-01
5.503911153484015717e-01
5.501009281988591404e-01
5.498461980506714752e-01
5.496225770566283142e-01
5.494262065429978970e-01
5.492537549895066817e-01
5.491022869509563087e-01
5.489692171579763080e-01
5.489692171579763080e-01
5.489692171579763080e-01
5.489692171579763080e-01
5.489692171579763080e-01
5.489692171579763080e-01
5.489692171579763080e-01
5.489692171579763080e-01
5.489692171579763080e-01
5.489692171579763080e-01
5.489692171579763080e-01
5.489692171579763080e-01
5.489692171579763080e-01
5.489692171579763080e-01
5.489692171579763080e-01
5.489692171579763080e-01
5.489692171579763080e-01
5.489692171579763080e-01
5.489692171579763080e-01
5.489692171579763080e-01
5.489692171579763080e-01
5.489692171579763080e-01
5.489692171579763080e-01
5.489692171579763080e-01
5.489692171579763080e-01
5.489692171579763080e-01
5.489692171579763080e-01
5.489692171579763080e-01
5.489692171579763080e-01
5.489692171579763080e-01
5.489692171579763080e-01
5.489692171579763080e-01
5.489692171579763080e-01
5.489692171579763080e-01
5.489692171579763080e-01
5.489692171579763080e-01
5.489692171579763080e-01
5.489692171579763080e-01
5.489692171579763080e-01
5.489692171579763080e-01
5.489692171579763080e-01
5.489692171579763080e-01
5.489692171579763080e-01
5.489692171579763080e-01
5.489692171579763080e-01
5.489692171579763080e-01
5.489692171579763080e-01
5.489692171579763080e-01
5.489692171579763080e-01
5.489692171579763080e-01
5.489692171579763080e-01
5.489692171579763080e-01
5.489692171579763080e-01
5.489692171579763080e-01
5.489692171579763080e-01
5.489692171579763080e-01
5.489692171579763080e-01
5.489692171579763080e-01
5.489692171579763080e-01
5.489692171579763080e-01
5.489692171579763080e-01
5.489692171579763080e-01
5.489692171579763080e-01
5.489692171579763080e-01
5.490642497819693268e-01
5.491808506062942907e-01
5.493220288645924709e-01
5.494912302714880514e-01
5.496924687246157459e-01
5.499304596029934711e-01
5.502106255250492906e-01
5.505393618030972602e-01
5.509242197012715891e-01
5.513740950142892450e-01
5.518995091853267088e-01
5.525128510466226217e-01
5.532288970160740282e-01
5.540652572027819911e-01
5.550429333535753518e-01
5.561872141448194196e-01
5.575285374554194151e-01
5.591039423934911490e-01
5.609586778299999743e-01
5.631484062340460506e-01
5.657419103946599304e-01
5.688231496785480790e-01
5.724786897419579246e-01
5.770453163058482104e-01
5.827270229997604245e-01
5.890163884218975188e-01
5.973450229739759587e-01
6.072135280719802575e-01
6.192817957514482607e-01
6.372739998849055176e-01
6.573594556269166667e-01
6.966470444050278932e-01
