2.001395581831379167e-01
1.342109659655623399e-01
1.030555920867460840e-01
8.890159224983157360e-02
8.377098670198777908e-02
8.371678558264850079e-02
8.656566271366016030e-02
9.104898531309918441e-02
9.638917717176000155e-02
1.020102314566545820e-01
1.073732680548031143e-01
1.119843586112344164e-01
1.154841570295868092e-01
1.177288760790870803e-01
1.187716428232057919e-01
1.188091066779444344e-01
1.181131059689659729e-01
1.169676907716529629e-01
1.156248971181501051e-01
1.142821987188382127e-01
1.130772533831162635e-01
1.120929421340688958e-01
1.113674264477132192e-01
1.109049735888498200e-01
1.106854465610482147e-01
1.106723351511762071e-01
1.108193290578620149e-01
1.110759649081155126e-01
1.113925495997035719e-01
1.117243817965277025e-01
1.120349904131074936e-01
1.122979233637825397e-01
1.124973930519645032e-01
1.124973930519645032e-01
1.124973930519645032e-01
1.124973930519645310e-01
1.124973930519645032e-01
1.124973930519645032e-01
1.124973930519645032e-01
1.124973930519645310e-01
1.124973930519645032e-01
1.124973930519645032e-01
1.124973930519645032e-01
1.124973930519645310e-01
1.124973930519645032e-01
1.124973930519645032e-01
1.124973930519645032e-01
1.124973930519645310e-01
1.124973930519645032e-01
1.124973930519645032e-01
1.124973930519645032e-01
1.124973930519645310e-01
1.124973930519645032e-01
1.124973930519645032e-01
1.124973930519645032e-01
1.124973930519645310e-01
1.124973930519645032e-01
1.124973930519645032e-01
1.124973930519645032e-01
1.124973930519645310e-01
1.124973930519645032e-01
1.124973930519645032e-01
1.124973930519645032e-01
1.124973930519645310e-01
1.124973930519645032e-01
1.124973930519645032e-01
1.124973930519645032e-01
1.124973930519645310e-01
1.124973930519645032e-01
1.124973930519645032e-01
1.124973930519645032e-01
1.124973930519645310e-01
1.124973930519645032e-01
1.124973930519645032e-01
1.124973930519645032e-01
1.124973930519645310e-01
1.124973930519645032e-01
1.124973930519645032e-01
1.124973930519645032e-01
1.124973930519645310e-01
1.124973930519645032e-01
1.124973930519645032e-01
1.124973930519645032e-01
1.124973930519645310e-01
1.124973930519645032e-01
1.124973930519645032e-01
1.124973930519645032e-01
1.124973930519645310e-01
1.124973930519645032e-01
1.124973930519645032e-01
1.124973930519645032e-01
1.124973930519645310e-01
1.124973930519645032e-01
1.124973930519645032e-01
1.124973930519645032e-01
1.124973930519645310e-01
1.123530072139062030e-01
1.121481783274540234e-01
1.118909881769745152e-01
1.116017383267585705e-01
1.113134076922547705e-01
1.110705884605485139e-01
1.109267855823336674e-01
1.109399906685485659e-01
1.111667397773307003e-01
1.116547016947294496e-01
1.124336820277881399e-01
1.135050906464121628e-01
1.148300510977523503e-01
1.163167638317793295e-01
1.178098685667761242e-01
1.190856892424129038e-01
1.198604949369271311e-01
1.198188997720949500e-01
1.186666369238222468e-01
1.162028227704419714e-01
1.123938562918986722e-01
1.074245124623892655e-01
1.017058311245355590e-01
9.577799144062933145e-02
9.021072814454071664e-02
8.559136062626923613e-02
8.268866449445541611e-02
8.274337270623313700e-02
8.788625695523862025e-02
1.020080582414773784e-01
1.329871834944582332e-01
1.983045742795619404e-01
