6.532765154209455374e-03
4.048114124238127824e-03
3.339019131237409323e-03
3.071535679884093706e-03
2.959217942385743757e-03
2.909856228466730504e-03
2.887720623698570091e-03
2.877703962586033136e-03
2.873152761331344233e-03
2.871080984060976615e-03
2.870137070216286813e-03
2.869706849367447115e-03
2.869510726687738659e-03
2.869421313986376433e-03
2.869380549086660622e-03
2.869361963318373381e-03
2.869353489529680081e-03
2.869349626074429484e-03
2.869347864607660597e-03
2.869347061501505668e-03
2.869346695341240799e-03
2.869346528397880187e-03
2.869346452283496295e-03
2.869346417580743037e-03
2.869346401758764327e-03
2.869346394545079382e-03
2.869346391256159031e-03
2.869346389756650614e-03
2.869346389072984383e-03
2.869346388761282330e-03
2.869346388619169012e-03
2.869346388554377091e-03
2.869346388524835617e-03
2.869346388511366790e-03
2.869346388505228038e-03
2.869346388502427327e-03
2.869346388501151437e-03
2.869346388500568137e-03
2.869346388500304025e-03
2.869346388500182594e-03
2.869346388500127517e-03
2.869346388500101930e-03
2.869346388500090654e-03
2.869346388500085450e-03
2.869346388500082848e-03
2.869346388500081980e-03
2.869346388500081980e-03
2.869346388500081980e-03
2.869346388500081980e-03
2.869346388500081113e-03
2.869346388500081113e-03
2.869346388500080679e-03
2.869346388500081113e-03
2.869346388500081113e-03
2.869346388500081113e-03
2.869346388500080679e-03
2.869346388500081113e-03
2.869346388500081113e-03
2.869346388500081113e-03
2.869346388500080679e-03
2.869346388500081113e-03
2.869346388500081113e-03
2.869346388500081113e-03
2.869346388500080679e-03
2.869346388500081113e-03
2.869346388500081113e-03
2.869346388500081113e-03
2.869346388500080679e-03
2.869346388500081113e-03
2.869346388500081113e-03
2.869346388500081113e-03
2.869346388500080679e-03
2.869346388500081113e-03
2.869346388500081113e-03
2.869346388500081113e-03
2.869346388500080679e-03
2.869346388500081113e-03
2.869346388500081113e-03
2.869346388500081113e-03
2.869346388500080679e-03
2.869346388500081113e-03
2.869346388500081980e-03
2.869346388500081980e-03
2.869346388500082848e-03
2.869346388500085450e-03
2.869346388500090654e-03
2.869346388500101930e-03
2.869346388500127951e-03
2.869346388500181727e-03
2.869346388500302724e-03
2.869346388500568137e-03
2.869346388501150570e-03
2.869346388502427327e-03
2.869346388505226303e-03
2.869346388511366357e-03
2.869346388524834750e-03
2.869346388554376223e-03
2.869346388619169012e-03
2.869346388761281896e-03
2.869346389072983516e-03
2.869346389756649747e-03
2.869346391256158597e-03
2.869346394545078949e-03
2.869346401758763460e-03
2.869346417580742603e-03
2.869346452283495427e-03
2.869346528397878886e-03
2.869346695341240799e-03
2.869347061501504800e-03
2.869347864607660163e-03
2.869349626074429050e-03
2.869353489529679647e-03
2.869361963318372948e-03
2.869380549086659755e-03
2.869421313986374698e-03
2.869510726687738225e-03
2.869706849367446681e-03
2.870137070216285946e-03
2.871080984060974013e-03
2.873152761331343799e-03
2.877703962586033136e-03
2.887720623698570091e-03
2.909856228466730504e-03
2.959217942385743323e-03
3.071535679884093706e-03
3.339019131237408455e-03
4.048114124238127824e-03
6.532765154209453640e-03
