1.073836740560032560e-01
9.426548666140142918e-02
8.943108288488063606e-02
8.859592564412260840e-02
8.987501889378318731e-02
9.182864757807973621e-02
9.337459846924821283e-02
9.410379113009070817e-02
9.414169730212144926e-02
9.383960941489408181e-02
9.353564371974952552e-02
9.337902015006782630e-02
9.339659100883861143e-02
9.351699296069219958e-02
9.364260542446570246e-02
9.370878360380549554e-02
9.370537142056228896e-02
9.365938040390231478e-02
9.360886405377434605e-02
9.358090740175520339e-02
9.358217548166504474e-02
9.360260211071085024e-02
9.362565224030382216e-02
9.363864573572887318e-02
9.363786441152975593e-02
9.362768799732881786e-02
9.361603999541945331e-02
9.360935185438185036e-02
9.360968138939666783e-02
9.361487661320828935e-02
9.362086035242368764e-02
9.362428223459610954e-02
9.362405530414011356e-02
9.362405530414011356e-02
9.362405530414011356e-02
9.362405530414011356e-02
9.362405530414011356e-02
9.362405530414011356e-02
9.362405530414011356e-02
9.362405530414011356e-02
9.362405530414011356e-02
9.362405530414011356e-02
9.362405530414011356e-02
9.362405530414011356e-02
9.362405530414011356e-02
9.362405530414011356e-02
9.362405530414011356e-02
9.362405530414011356e-02
9.362405530414011356e-02
9.362405530414011356e-02
9.362405530414011356e-02
9.362405530414011356e-02
9.362405530414011356e-02
9.362405530414011356e-02
9.362405530414011356e-02
9.362405530414011356e-02
9.362405530414011356e-02
9.362405530414011356e-02
9.362405530414011356e-02
9.362405530414011356e-02
9.362405530414011356e-02
9.362405530414011356e-02
9.362405530414011356e-02
9.362405530414011356e-02
9.362405530414011356e-02
9.362405530414011356e-02
9.362405530414011356e-02
9.362405530414011356e-02
9.362405530414011356e-02
9.362405530414011356e-02
9.362405530414011356e-02
9.362405530414011356e-02
9.362405530414011356e-02
9.362405530414011356e-02
9.362405530414011356e-02
9.362405530414011356e-02
9.362405530414011356e-02
9.362405530414011356e-02
9.362405530414011356e-02
9.362405530414011356e-02
9.362405530414011356e-02
9.362405530414011356e-02
9.362405530414011356e-02
9.362405530414011356e-02
9.362405530414011356e-02
9.362405530414011356e-02
9.362405530414011356e-02
9.362405530414011356e-02
9.362405530414011356e-02
9.362405530414011356e-02
9.362405530414011356e-02
9.362405530414011356e-02
9.362405530414011356e-02
9.362405530414011356e-02
9.362405530414011356e-02
9.362405530414011356e-02
9.362421281342374335e-02
9.362156595501294754e-02
9.361664902105995556e-02
9.361215142574356995e-02
9.361183829464460315e-02
9.361808326070381048e-02
9.362934227681589394e-02
9.363948967350070596e-02
9.364032966153784665e-02
9.362677145210164531e-02
9.360217485152862171e-02
9.358009541891001981e-02
9.357884599045741825e-02
9.360983150198733116e-02
9.366587488646054005e-02
9.371700337113030022e-02
9.372123471055331112e-02
9.364906973040962312e-02
9.351202551851124645e-02
9.338151033359541608e-02
9.336346546768040100e-02
9.353330578214108515e-02
9.386018847660915210e-02
9.418254325207486843e-02
9.414697138149666356e-02
9.338380296487237830e-02
9.177467785967306779e-02
8.975523402524890337e-02
8.844658558396591153e-02
8.930483650651194205e-02
9.420513868188108708e-02
1.074198985931543726e-01
