6.276969909629763755e-01
5.824518188377774131e-01
5.508656677325404205e-01
5.311568473306265137e-01
5.192356511838702726e-01
5.111097578256754703e-01
5.043600261598784051e-01
4.982451528587440448e-01
4.928726472729170749e-01
4.883962050348849560e-01
4.847515219966477273e-01
4.817648567325055198e-01
4.792828013462572811e-01
4.772047219787165506e-01
4.754559536212455417e-01
4.739781163833518551e-01
4.727246073501291113e-01
4.716576540477006585e-01
4.707463539252826901e-01
4.699651006492121530e-01
4.692924750178784077e-01
4.687105563968713140e-01
4.682045164687252958e-01
4.677623609773020608e-01
4.673746438300641071e-01
4.670340957185111774e-01
4.667348997726012971e-01
4.664721795192805498e-01
4.662415875045620162e-01
4.660392318336078477e-01
4.658616375808277699e-01
4.657056761550401047e-01
4.655686944818691053e-01
4.655686944818692163e-01
4.655686944818692163e-01
4.655686944818692163e-01
4.655686944818691053e-01
4.655686944818692163e-01
4.655686944818692163e-01
4.655686944818692163e-01
4.655686944818691053e-01
4.655686944818692163e-01
4.655686944818692163e-01
4.655686944818692163e-01
4.655686944818691053e-01
4.655686944818692163e-01
4.655686944818692163e-01
4.655686944818692163e-01
4.655686944818691053e-01
4.655686944818692163e-01
4.655686944818692163e-01
4.655686944818692163e-01
4.655686944818691053e-01
4.655686944818692163e-01
4.655686944818692163e-01
4.655686944818692163e-01
4.655686944818691053e-01
4.655686944818692163e-01
4.655686944818692163e-01
4.655686944818692163e-01
4.655686944818691053e-01
4.655686944818692163e-01
4.655686944818692163e-01
4.655686944818692163e-01
4.655686944818691053e-01
4.655686944818692163e-01
4.655686944818692163e-01
4.655686944818692163e-01
4.655686944818691053e-01
4.655686944818692163e-01
4.655686944818692163e-01
4.655686944818692163e-01
4.655686944818691053e-01
4.655686944818692163e-01
4.655686944818692163e-01
4.655686944818692163e-01
4.655686944818691053e-01
4.655686944818692163e-01
4.655686944818692163e-01
4.655686944818692163e-01
4.655686944818691053e-01
4.655686944818692163e-01
4.655686944818692163e-01
4.655686944818692163e-01
4.655686944818691053e-01
4.655686944818692163e-01
4.655686944818692163e-01
4.655686944818692163e-01
4.655686944818691053e-01
4.655686944818692163e-01
4.655686944818692163e-01
4.655686944818692163e-01
4.655686944818691053e-01
4.655686944818692163e-01
4.655686944818692163e-01
4.655686944818692163e-01
4.656661438285295551e-01
4.657858210970964308e-01
4.659308072845026460e-01
4.661046267877961835e-01
4.663114178307108393e-01
4.665560048671377191e-01
4.668440062514762623e-01
4.671820446420830164e-01
4.675778627387348063e-01
4.680406779633671799e-01
4.685813066337852772e-01
4.692126057347283385e-01
4.699498671238059866e-01
4.708113491623147073e-01
4.718189316806752354e-01
4.729989256331795233e-01
4.743832748910325470e-01
4.760109304334158020e-01
4.779298922272268157e-01
4.802001134687117201e-01
4.828979974419640997e-01
4.861261942743990705e-01
4.900406565029045147e-01
4.948174019322774120e-01
5.005227792152076027e-01
5.070049436517426455e-01
5.141607039601597817e-01
5.227439923285104317e-01
5.352002931495684068e-01
5.555585845204571438e-01
5.879353295179388095e-01
6.340885939303381180e-01
