1.029119099594599518e-01
9.173348763750194257e-02
8.723257898178889136e-02
8.528966568736617848e-02
8.442530096482819824e-02
8.403556188292542195e-02
8.385876159226893223e-02
8.377833750633882637e-02
8.374170790075051440e-02
8.372501524979886200e-02
8.371740619729793609e-02
8.371393733832355188e-02
8.371235585173006366e-02
8.371163481990576138e-02
8.371130608366522674e-02
8.371115620413810410e-02
8.371108787004821750e-02
8.371105671471977538e-02
8.371104251019131914e-02
8.371103603398370729e-02
8.371103308131920551e-02
8.371103173512778328e-02
8.371103112136732416e-02
8.371103084153985741e-02
8.371103071396027162e-02
8.371103065579399427e-02
8.371103062927477689e-02
8.371103061718412897e-02
8.371103061167176063e-02
8.371103060915854877e-02
8.371103060801275697e-02
8.371103060749035540e-02
8.371103060725219869e-02
8.371103060714359112e-02
8.371103060709411681e-02
8.371103060707153765e-02
8.371103060706124033e-02
8.371103060705654964e-02
8.371103060705442633e-02
8.371103060705342713e-02
8.371103060705298304e-02
8.371103060705278875e-02
8.371103060705269161e-02
8.371103060705264998e-02
8.371103060705263610e-02
8.371103060705262222e-02
8.371103060705262222e-02
8.371103060705262222e-02
8.371103060705262222e-02
8.371103060705262222e-02
8.371103060705262222e-02
8.371103060705262222e-02
8.371103060705262222e-02
8.371103060705262222e-02
8.371103060705262222e-02
8.371103060705262222e-02
8.371103060705262222e-02
8.371103060705262222e-02
8.371103060705262222e-02
8.371103060705262222e-02
8.371103060705262222e-02
8.371103060705262222e-02
8.371103060705262222e-02
8.371103060705262222e-02
8.371103060705262222e-02
8.371103060705262222e-02
8.371103060705262222e-02
8.371103060705262222e-02
8.371103060705262222e-02
8.371103060705262222e-02
8.371103060705262222e-02
8.371103060705262222e-02
8.371103060705262222e-02
8.371103060705262222e-02
8.371103060705262222e-02
8.371103060705262222e-02
8.371103060705262222e-02
8.371103060705262222e-02
8.371103060705262222e-02
8.371103060705262222e-02
8.371103060705262222e-02
8.371103060705262222e-02
8.371103060705262222e-02
8.371103060705263610e-02
8.371103060705264998e-02
8.371103060705269161e-02
8.371103060705278875e-02
8.371103060705298304e-02
8.371103060705342713e-02
8.371103060705438470e-02
8.371103060705654964e-02
8.371103060706124033e-02
8.371103060707153765e-02
8.371103060709410293e-02
8.371103060714359112e-02
8.371103060725219869e-02
8.371103060749034153e-02
8.371103060801275697e-02
8.371103060915854877e-02
8.371103061167174675e-02
8.371103061718410121e-02
8.371103062927476302e-02
8.371103065579399427e-02
8.371103071396027162e-02
8.371103084153985741e-02
8.371103112136732416e-02
8.371103173512778328e-02
8.371103308131920551e-02
8.371103603398370729e-02
8.371104251019131914e-02
8.371105671471977538e-02
8.371108787004821750e-02
8.371115620413810410e-02
8.371130608366518511e-02
8.371163481990573363e-02
8.371235585173002203e-02
8.371393733832355188e-02
8.371740619729790833e-02
8.372501524979882037e-02
8.374170790075048665e-02
8.377833750633882637e-02
8.385876159226893223e-02
8.403556188292542195e-02
8.442530096482819824e-02
8.528966568736617848e-02
8.723257898178889136e-02
9.173348763750194257e-02
1.029119099594599518e-01
