3.732976349407681194e-01
2.979010756816254379e-01
3.294911072808437980e-01
3.711494640772831644e-01
3.697797138098268821e-01
3.591686349344766493e-01
3.591963685958358132e-01
3.646874283278132567e-01
3.640773416581499222e-01
3.608798028253465962e-01
3.608582629802008501e-01
3.625991327018315835e-01
3.624840353953754923e-01
3.613653231309566505e-01
3.613378906884744390e-01
3.619780456137984825e-01
3.619432941062687981e-01
3.615015898925578175e-01
3.614954047423279970e-01
3.617699384709373023e-01
3.617592487705794113e-01
3.615643862036785339e-01
3.615634388120374521e-01
3.616942809401884062e-01
3.616905479862004280e-01
3.615946449447042244e-01
3.615947761318999421e-01
3.616617220968898483e-01
3.616600806721551598e-01
3.616108107854947296e-01
3.616113132242697592e-01
3.616468469553902332e-01
3.616464005335738863e-01
3.616464005335738863e-01
3.616464005335738863e-01
3.616464005335738308e-01
3.616464005335738863e-01
3.616464005335738863e-01
3.616464005335738863e-01
3.616464005335738308e-01
3.616464005335738863e-01
3.616464005335738863e-01
3.616464005335738863e-01
3.616464005335738308e-01
3.616464005335738863e-01
3.616464005335738863e-01
3.616464005335738863e-01
3.616464005335738308e-01
3.616464005335738863e-01
3.616464005335738863e-01
3.616464005335738863e-01
3.616464005335738308e-01
3.616464005335738863e-01
3.616464005335738863e-01
3.616464005335738863e-01
3.616464005335738308e-01
3.616464005335738863e-01
3.616464005335738863e-01
3.616464005335738863e-01
3.616464005335738308e-01
3.616464005335738863e-01
3.616464005335738863e-01
3.616464005335738863e-01
3.616464005335738308e-01
3.616464005335738863e-01
3.616464005335738863e-01
3.616464005335738863e-01
3.616464005335738308e-01
3.616464005335738863e-01
3.616464005335738863e-01
3.616464005335738863e-01
3.616464005335738308e-01
3.616464005335738863e-01
3.616464005335738863e-01
3.616464005335738863e-01
3.616464005335738308e-01
3.616464005335738863e-01
3.616464005335738863e-01
3.616464005335738863e-01
3.616464005335738308e-01
3.616464005335738863e-01
3.616464005335738863e-01
3.616464005335738863e-01
3.616464005335738308e-01
3.616464005335738863e-01
3.616464005335738863e-01
3.616464005335738863e-01
3.616464005335738308e-01
3.616464005335738863e-01
3.616464005335738863e-01
3.616464005335738863e-01
3.616464005335738308e-01
3.616464005335738863e-01
3.616464005335738863e-01
3.616464005335738863e-01
3.616464005335738308e-01
3.616465825150918523e-01
3.616191969818117191e-01
3.616186668731264930e-01
3.616610103686852540e-01
3.616626639601345783e-01
3.616004590519085737e-01
3.616004390559640624e-01
3.616959060956548844e-01
3.617001909246782554e-01
3.615636793409429117e-01
3.615653678564922369e-01
3.617781352026733233e-01
3.617912587499091948e-01
3.614894662592281205e-01
3.614979324901527735e-01
3.619887664218486290e-01
3.620302013287213239e-01
3.613273749724409400e-01
3.613613030419072780e-01
3.625867268815411992e-01
3.627184927826780925e-01
3.608440452321393099e-01
3.608768260757829194e-01
3.642974314143775927e-01
3.649622114952525975e-01
3.591945408696407549e-01
3.591898719391205530e-01
3.702320557559278802e-01
3.716766867154485676e-01
3.290724203998504627e-01
2.969588373539145953e-01
3.725162922076179495e-01
