6.232493538200012395e-01
6.229975818257582620e-01
8.819979911745934320e-01
8.814424126953850358e-01
8.745687926672623957e-01
8.740519859154906035e-01
9.313572939261401951e-01
9.307162188969188010e-01
9.256299457423338151e-01
9.250845873899432581e-01
9.790281371288703793e-01
9.785432521022057184e-01
9.530657547892962267e-01
9.526673214382777033e-01
9.985268262387368976e-01
9.981823268779825842e-01
9.662399569927733189e-01
9.659630488863817366e-01
9.918643254201859882e-01
9.920988891999255044e-01
9.728275896193945282e-01
9.726380739347633142e-01
9.871300512079010936e-01
9.872907003199443698e-01
9.761441722147035094e-01
9.760111825213921843e-01
9.846032982677137557e-01
9.847152121029729699e-01
9.780826671955534790e-01
9.779906814845423790e-01
9.831041363673457267e-01
9.831804798520492605e-01
9.792287298543735918e-01
9.792287298543740359e-01
9.792287298543735918e-01
9.792287298543740359e-01
9.792287298543735918e-01
9.792287298543740359e-01
9.792287298543735918e-01
9.792287298543740359e-01
9.792287298543735918e-01
9.792287298543740359e-01
9.792287298543735918e-01
9.792287298543740359e-01
9.792287298543735918e-01
9.792287298543740359e-01
9.792287298543735918e-01
9.792287298543740359e-01
9.792287298543735918e-01
9.792287298543740359e-01
9.792287298543735918e-01
9.792287298543740359e-01
9.792287298543735918e-01
9.792287298543740359e-01
9.792287298543735918e-01
9.792287298543740359e-01
9.792287298543735918e-01
9.792287298543740359e-01
9.792287298543735918e-01
9.792287298543740359e-01
9.792287298543735918e-01
9.792287298543740359e-01
9.792287298543735918e-01
9.792287298543740359e-01
9.792287298543735918e-01
9.792287298543740359e-01
9.792287298543735918e-01
9.792287298543740359e-01
9.792287298543735918e-01
9.792287298543740359e-01
9.792287298543735918e-01
9.792287298543740359e-01
9.792287298543735918e-01
9.792287298543740359e-01
9.792287298543735918e-01
9.792287298543740359e-01
9.792287298543735918e-01
9.792287298543740359e-01
9.792287298543735918e-01
9.792287298543740359e-01
9.792287298543735918e-01
9.792287298543740359e-01
9.792287298543735918e-01
9.792287298543740359e-01
9.792287298543735918e-01
9.792287298543740359e-01
9.792287298543735918e-01
9.792287298543740359e-01
9.792287298543735918e-01
9.792287298543740359e-01
9.792287298543735918e-01
9.792287298543740359e-01
9.792287298543735918e-01
9.792287298543740359e-01
9.792287298543735918e-01
9.792287298543740359e-01
9.820586404910254252e-01
9.819997741249960610e-01
9.778059871472102316e-01
9.778854102049234776e-01
9.838617220176555378e-01
9.837571741486572652e-01
9.754625639322080932e-01
9.755948414224487886e-01
9.869910684614293661e-01
9.868227486524034919e-01
9.713402910386617073e-01
9.715456514004012778e-01
9.926502455999277608e-01
9.923918403698956947e-01
9.638272450442340045e-01
9.641321107285031333e-01
9.967070289643309433e-01
9.970848817626850602e-01
9.496089232412877612e-01
9.500409125975664004e-01
9.760637452692650928e-01
9.765838771886916625e-01
9.211345064100201485e-01
9.217100850317020422e-01
9.274807739522979988e-01
9.281476310250765804e-01
8.698490955126886304e-01
8.703828896070882060e-01
8.779033982336189590e-01
8.784685071540832002e-01
6.211787054115411877e-01
6.214306224408233659e-01
