1.202009230640503357e-01
1.134859503470879855e-01
1.121608080851503181e-01
1.118882533993970918e-01
1.118317197580059319e-01
1.118199730058534319e-01
1.118175313408664578e-01
1.118170237815828416e-01
1.118169182715126470e-01
1.118168963383085329e-01
1.118168917788826683e-01
1.118168908310800541e-01
1.118168906340532565e-01
1.118168905930958523e-01
1.118168905845817601e-01
1.118168905828118703e-01
1.118168905824439563e-01
1.118168905823674758e-01
1.118168905823515857e-01
1.118168905823482551e-01
1.118168905823475889e-01
1.118168905823474502e-01
1.118168905823474224e-01
1.118168905823473946e-01
1.118168905823473946e-01
1.118168905823473946e-01
1.118168905823473946e-01
1.118168905823473946e-01
1.118168905823473946e-01
1.118168905823473946e-01
1.118168905823473946e-01
1.118168905823473946e-01
1.118168905823473946e-01
1.118168905823473946e-01
1.118168905823473946e-01
1.118168905823473946e-01
1.118168905823473946e-01
1.118168905823473946e-01
1.118168905823473946e-01
1.118168905823473946e-01
1.118168905823473946e-01
1.118168905823473946e-01
1.118168905823473946e-01
1.118168905823473946e-01
1.118168905823473946e-01
1.118168905823473946e-01
1.118168905823473946e-01
1.118168905823473946e-01
1.118168905823473946e-01
1.118168905823473946e-01
1.118168905823473946e-01
1.118168905823473946e-01
1.118168905823473946e-01
1.118168905823473946e-01
1.118168905823473946e-01
1.118168905823473946e-01
1.118168905823473946e-01
1.118168905823473946e-01
1.118168905823473946e-01
1.118168905823473946e-01
1.118168905823473946e-01
1.118168905823473946e-01
1.118168905823473946e-01
1.118168905823473946e-01
1.118168905823473946e-01
1.118168905823473946e-01
1.118168905823473946e-01
1.118168905823473946e-01
1.118168905823473946e-01
1.118168905823473946e-01
1.118168905823473946e-01
1.118168905823473946e-01
1.118168905823473946e-01
1.118168905823473946e-01
1.118168905823473946e-01
1.118168905823473946e-01
1.118168905823473946e-01
1.118168905823473946e-01
1.118168905823473946e-01
1.118168905823473946e-01
1.118168905823473946e-01
1.118168905823473946e-01
1.118168905823473946e-01
1.118168905823473946e-01
1.118168905823473946e-01
1.118168905823473946e-01
1.118168905823473946e-01
1.118168905823473946e-01
1.118168905823473946e-01
1.118168905823473946e-01
1.118168905823473946e-01
1.118168905823473946e-01
1.118168905823473946e-01
1.118168905823473946e-01
1.118168905823473946e-01
1.118168905823473946e-01
1.118168905823473946e-01
1.118168905823473946e-01
1.118168905823473946e-01
1.118168905823473946e-01
1.118168905823473946e-01
1.118168905823473946e-01
1.118168905823473946e-01
1.118168905823473946e-01
1.118168905823473946e-01
1.118168905823474085e-01
1.118168905823474502e-01
1.118168905823475612e-01
1.118168905823482828e-01
1.118168905823515857e-01
1.118168905823674758e-01
1.118168905824439563e-01
1.118168905828118564e-01
1.118168905845817601e-01
1.118168905930958523e-01
1.118168906340532565e-01
1.118168908310800402e-01
1.118168917788826683e-01
1.118168963383085190e-01
1.118169182715126470e-01
1.118170237815828416e-01
1.118175313408664578e-01
1.118199730058534180e-01
1.118317197580059319e-01
1.118882533993970779e-01
1.121608080851503042e-01
1.134859503470879855e-01
1.202009230640503218e-01
