2.905785112790056079e-03
1.784894530739380807e-03
1.364633299254391962e-03
1.166559855873576176e-03
1.061607154398325941e-03
1.002229825063972318e-03
9.673225230637816927e-04
9.463219032702040439e-04
9.335089393833928984e-04
9.256232019517964156e-04
9.207441999077024038e-04
9.177151684675552727e-04
9.158308156568309953e-04
9.146570697009257303e-04
9.139253699778487070e-04
9.134690088159493591e-04
9.131842874773026409e-04
9.130066167336851240e-04
9.128957338528602547e-04
9.128265275206970918e-04
9.127833311291149235e-04
9.127563685372699562e-04
9.127395385617782667e-04
9.127290332250490501e-04
9.127224757110302808e-04
9.127183824442278420e-04
9.127158273806155499e-04
9.127142324795112444e-04
9.127132369230587551e-04
9.127126154848740980e-04
9.127122275759428846e-04
9.127119854388342354e-04
9.127118342942429265e-04
9.127117399482345987e-04
9.127116810565350305e-04
9.127116442957919264e-04
9.127116213494166578e-04
9.127116070261018796e-04
9.127115980853803441e-04
9.127115925045183997e-04
9.127115890209087316e-04
9.127115868464182177e-04
9.127115854890897970e-04
9.127115846418389251e-04
9.127115841129813684e-04
9.127115837828664183e-04
9.127115835768078323e-04
9.127115834481852423e-04
9.127115833678985535e-04
9.127115833177838018e-04
9.127115832865020754e-04
9.127115832669764617e-04
9.127115832547882945e-04
9.127115832471808816e-04
9.127115832424320761e-04
9.127115832394689515e-04
9.127115832376191942e-04
9.127115832364659283e-04
9.127115832357475360e-04
9.127115832353016036e-04
9.127115832350269752e-04
9.127115832348622849e-04
9.127115832347693688e-04
9.127115832347275186e-04
9.127115832347274102e-04
9.127115832347693688e-04
9.127115832348622849e-04
9.127115832350271921e-04
9.127115832353016036e-04
9.127115832357475360e-04
9.127115832364659283e-04
9.127115832376191942e-04
9.127115832394687347e-04
9.127115832424321845e-04
9.127115832471808816e-04
9.127115832547880777e-04
9.127115832669762448e-04
9.127115832865025091e-04
9.127115833177838018e-04
9.127115833678985535e-04
9.127115834481852423e-04
9.127115835768078323e-04
9.127115837828660930e-04
9.127115841129813684e-04
9.127115846418387083e-04
9.127115854890895802e-04
9.127115868464182177e-04
9.127115890209084063e-04
9.127115925045183997e-04
9.127115980853801273e-04
9.127116070261018796e-04
9.127116213494164410e-04
9.127116442957919264e-04
9.127116810565350305e-04
9.127117399482345987e-04
9.127118342942429265e-04
9.127119854388341270e-04
9.127122275759428846e-04
9.127126154848735559e-04
9.127132369230587551e-04
9.127142324795107023e-04
9.127158273806152246e-04
9.127183824442272999e-04
9.127224757110302808e-04
9.127290332250486164e-04
9.127395385617782667e-04
9.127563685372699562e-04
9.127833311291149235e-04
9.128265275206965497e-04
9.128957338528600378e-04
9.130066167336851240e-04
9.131842874773026409e-04
9.134690088159493591e-04
9.139253699778487070e-04
9.146570697009257303e-04
9.158308156568304532e-04
9.177151684675552727e-04
9.207441999077024038e-04
9.256232019517961988e-04
9.335089393833926816e-04
9.463219032702040439e-04
9.673225230637813674e-04
1.002229825063972318e-03
1.061607154398325941e-03
1.166559855873576176e-03
1.364633299254391745e-03
1.784894530739380373e-03
2.905785112790055212e-03
