2.648645268288624677e-01
1.839156341140132100e-01
1.650423041884564179e-01
1.654627935900389313e-01
1.756873489571377511e-01
1.902191294158790125e-01
1.998049629814478423e-01
2.029715027224451296e-01
2.017933019565133490e-01
1.987284725334762803e-01
1.960735886043352694e-01
1.948167266636360306e-01
1.949303426894629654e-01
1.958037440407956742e-01
1.966856845772217144e-01
1.971025725578633148e-01
1.970018214417045832e-01
1.966123474650833536e-01
1.962204612475299537e-01
1.960142848558462381e-01
1.960311558183867875e-01
1.961881425083420449e-01
1.963589726230626220e-01
1.964497669523746215e-01
1.964362016958760004e-01
1.963548405279307574e-01
1.962663770151551745e-01
1.962177969897355712e-01
1.962225863292997308e-01
1.962631671058751581e-01
1.963083312511171574e-01
1.963331444002663351e-01
1.963301623806141538e-01
1.963301623806141261e-01
1.963301623806141261e-01
1.963301623806141261e-01
1.963301623806141538e-01
1.963301623806141261e-01
1.963301623806141261e-01
1.963301623806141261e-01
1.963301623806141538e-01
1.963301623806141261e-01
1.963301623806141261e-01
1.963301623806141261e-01
1.963301623806141538e-01
1.963301623806141261e-01
1.963301623806141261e-01
1.963301623806141261e-01
1.963301623806141538e-01
1.963301623806141261e-01
1.963301623806141261e-01
1.963301623806141261e-01
1.963301623806141538e-01
1.963301623806141261e-01
1.963301623806141261e-01
1.963301623806141261e-01
1.963301623806141538e-01
1.963301623806141261e-01
1.963301623806141261e-01
1.963301623806141261e-01
1.963301623806141538e-01
1.963301623806141261e-01
1.963301623806141261e-01
1.963301623806141261e-01
1.963301623806141538e-01
1.963301623806141261e-01
1.963301623806141261e-01
1.963301623806141261e-01
1.963301623806141538e-01
1.963301623806141261e-01
1.963301623806141261e-01
1.963301623806141261e-01
1.963301623806141538e-01
1.963301623806141261e-01
1.963301623806141261e-01
1.963301623806141261e-01
1.963301623806141538e-01
1.963301623806141261e-01
1.963301623806141261e-01
1.963301623806141261e-01
1.963301623806141538e-01
1.963301623806141261e-01
1.963301623806141261e-01
1.963301623806141261e-01
1.963301623806141538e-01
1.963301623806141261e-01
1.963301623806141261e-01
1.963301623806141261e-01
1.963301623806141538e-01
1.963301623806141261e-01
1.963301623806141261e-01
1.963301623806141261e-01
1.963301623806141538e-01
1.963301623806141261e-01
1.963301623806141261e-01
1.963301623806141261e-01
1.963322376446487161e-01
1.963130205310807674e-01
1.962758906793767855e-01
1.962407501715587865e-01
1.962363193357685998e-01
1.962817427431780559e-01
1.963673875978546590e-01
1.964487392470676275e-01
1.964632146391256107e-01
1.963687527668969979e-01
1.961866745054280936e-01
1.960170658906345287e-01
1.959998133269432452e-01
1.962285923208857696e-01
1.966634770054414283e-01
1.970967673708071688e-01
1.972119199163488990e-01
1.967571935175934650e-01
1.957942784519274837e-01
1.948473486010356970e-01
1.947321976788763120e-01
1.960927213964633598e-01
1.989367531108386100e-01
2.022045833313244612e-01
2.034762970188057629e-01
2.001504852055884243e-01
1.901299521631519551e-01
1.751307909272798169e-01
1.646687749667384848e-01
1.642617982900154427e-01
1.833279091300197006e-01
2.643712697709909576e-01
