3.826251528560654647e-01
3.478415783802726868e-01
3.430331924626102702e-01
3.423265433805423585e-01
3.422225379381767518e-01
3.422073435535585850e-01
3.422051439571554554e-01
3.422048286718437082e-01
3.422047839597381902e-01
3.422047776925077334e-01
3.422047768253692057e-01
3.422047767071447755e-01
3.422047766912997280e-01
3.422047766892192810e-01
3.422047766889528275e-01
3.422047766889196874e-01
3.422047766889159126e-01
3.422047766889153575e-01
3.422047766889153575e-01
3.422047766889153020e-01
3.422047766889153020e-01
3.422047766889153020e-01
3.422047766889153020e-01
3.422047766889153020e-01
3.422047766889153020e-01
3.422047766889153020e-01
3.422047766889153020e-01
3.422047766889153020e-01
3.422047766889153020e-01
3.422047766889153020e-01
3.422047766889153020e-01
3.422047766889153020e-01
3.422047766889153020e-01
3.422047766889153020e-01
3.422047766889153020e-01
3.422047766889153020e-01
3.422047766889153020e-01
3.422047766889153020e-01
3.422047766889153020e-01
3.422047766889153020e-01
3.422047766889153020e-01
3.422047766889153020e-01
3.422047766889153020e-01
3.422047766889153020e-01
3.422047766889153020e-01
3.422047766889153020e-01
3.422047766889153020e-01
3.422047766889153020e-01
3.422047766889153020e-01
3.422047766889153020e-01
3.422047766889153020e-01
3.422047766889153020e-01
3.422047766889153020e-01
3.422047766889153020e-01
3.422047766889153020e-01
3.422047766889153020e-01
3.422047766889153020e-01
3.422047766889153020e-01
3.422047766889153020e-01
3.422047766889153020e-01
3.422047766889153020e-01
3.422047766889153020e-01
3.422047766889153020e-01
3.422047766889153020e-01
3.422047766889153020e-01
3.422047766889153020e-01
3.422047766889153020e-01
3.422047766889153020e-01
3.422047766889153020e-01
3.422047766889153020e-01
3.422047766889153020e-01
3.422047766889153020e-01
3.422047766889153020e-01
3.422047766889153020e-01
3.422047766889153020e-01
3.422047766889153020e-01
3.422047766889153020e-01
3.422047766889153020e-01
3.422047766889153020e-01
3.422047766889153020e-01
3.422047766889153020e-01
3.422047766889153020e-01
3.422047766889153020e-01
3.422047766889153020e-01
3.422047766889153020e-01
3.422047766889153020e-01
3.422047766889153020e-01
3.422047766889153020e-01
3.422047766889153020e-01
3.422047766889153020e-01
3.422047766889153020e-01
3.422047766889153020e-01
3.422047766889153020e-01
3.422047766889153020e-01
3.422047766889153020e-01
3.422047766889153020e-01
3.422047766889153020e-01
3.422047766889153020e-01
3.422047766889153020e-01
3.422047766889153020e-01
3.422047766889153020e-01
3.422047766889153020e-01
3.422047766889153020e-01
3.422047766889153020e-01
3.422047766889153020e-01
3.422047766889153020e-01
3.422047766889153020e-01
3.422047766889153020e-01
3.422047766889153020e-01
3.422047766889153575e-01
3.422047766889153575e-01
3.422047766889159126e-01
3.422047766889196874e-01
3.422047766889528275e-01
3.422047766892192810e-01
3.422047766912997280e-01
3.422047767071447200e-01
3.422047768253692057e-01
3.422047776925077334e-01
3.422047839597381902e-01
3.422048286718437082e-01
3.422051439571554554e-01
3.422073435535585850e-01
3.422225379381767518e-01
3.423265433805424141e-01
3.430331924626102702e-01
3.478415783802726868e-01
3.826251528560654647e-01
