5.551712516149072130e-01
5.549980894611515891e-01
8.881088942491398575e-01
8.886669194718103126e-01
6.819424886771756622e-01
6.816045024869752389e-01
7.818532905208751549e-01
7.821635196330671835e-01
7.260822502133403855e-01
7.258917486136462482e-01
7.550247088388173378e-01
7.551564629462631517e-01
7.393966618284699699e-01
7.393161663732551458e-01
7.476605680757740791e-01
7.477109560927663878e-01
7.432414614211690918e-01
7.432112673206187070e-01
7.455905320204065934e-01
7.456086213330870294e-01
7.443378640586831851e-01
7.443272249413097619e-01
7.450047322215631596e-01
7.450109570346201693e-01
7.446494006348159944e-01
7.446457936290151736e-01
7.448386427044528801e-01
7.448407217341184161e-01
7.447378309800719576e-01
7.447366399359760525e-01
7.447915271988867492e-01
7.447922064984600077e-01
7.447629245465055003e-01
7.447625387927779839e-01
7.447781598309034523e-01
7.447783781036890760e-01
7.447700445756089138e-01
7.447699214785468147e-01
7.447743671995403769e-01
7.447744364202384393e-01
7.447720647315019260e-01
7.447720259097816431e-01
7.447732911440819725e-01
7.447733128652253010e-01
7.447726378963877014e-01
7.447726257694616825e-01
7.447729858443402629e-01
7.447729926015761448e-01
7.447728005171887489e-01
7.447727967585808795e-01
7.447728992192199637e-01
7.447729013068375981e-01
7.447728466677470127e-01
7.447728455092291755e-01
7.447728746186615956e-01
7.447728752621054493e-01
7.447728598060890937e-01
7.447728594465613527e-01
7.447728675550230326e-01
7.447728677604406045e-01
7.447728636913704126e-01
7.447728635655337381e-01
7.447728652553533557e-01
7.447728653474836591e-01
7.447728653474835481e-01
7.447728652553532447e-01
7.447728635655337381e-01
7.447728636913704126e-01
7.447728677604403824e-01
7.447728675550229216e-01
7.447728594465612417e-01
7.447728598060889826e-01
7.447728752621055603e-01
7.447728746186617066e-01
7.447728455092290645e-01
7.447728466677467907e-01
7.447729013068374870e-01
7.447728992192199637e-01
7.447727967585808795e-01
7.447728005171887489e-01
7.447729926015759228e-01
7.447729858443400408e-01
7.447726257694616825e-01
7.447726378963874794e-01
7.447733128652249679e-01
7.447732911440819725e-01
7.447720259097815321e-01
7.447720647315019260e-01
7.447744364202384393e-01
7.447743671995402659e-01
7.447699214785467037e-01
7.447700445756089138e-01
7.447783781036890760e-01
7.447781598309032303e-01
7.447625387927777618e-01
7.447629245465055003e-01
7.447922064984598967e-01
7.447915271988865271e-01
7.447366399359758304e-01
7.447378309800719576e-01
7.448407217341181941e-01
7.448386427044527691e-01
7.446457936290151736e-01
7.446494006348158834e-01
7.450109570346201693e-01
7.450047322215631596e-01
7.443272249413097619e-01
7.443378640586830741e-01
7.456086213330870294e-01
7.455905320204065934e-01
7.432112673206187070e-01
7.432414614211690918e-01
7.477109560927663878e-01
7.476605680757740791e-01
7.393161663732549238e-01
7.393966618284698589e-01
7.551564629462629297e-01
7.550247088388171157e-01
7.258917486136461372e-01
7.260822502133401635e-01
7.821635196330670725e-01
7.818532905208749328e-01
6.816045024869749058e-01
6.819424886771755512e-01
8.886669194718100906e-01
8.881088942491396354e-01
5.549980894611514781e-01
5.551712516149072130e-01
