4.126635727903963380e-01
3.967800901024372551e-01
3.958692064319827009e-01
3.958154127021547564e-01
3.958122303755909899e-01
3.958120420967500830e-01
3.958120309573831541e-01
3.958120302983317851e-01
3.958120302593396422e-01
3.958120302570327098e-01
3.958120302568961524e-01
3.958120302568881033e-01
3.958120302568876037e-01
3.958120302568876037e-01
3.958120302568876037e-01
3.958120302568876037e-01
3.958120302568876037e-01
3.958120302568876037e-01
3.958120302568876037e-01
3.958120302568876037e-01
3.958120302568876037e-01
3.958120302568876037e-01
3.958120302568876037e-01
3.958120302568876037e-01
3.958120302568876037e-01
3.958120302568876037e-01
3.958120302568876037e-01
3.958120302568876037e-01
3.958120302568876037e-01
3.958120302568876037e-01
3.958120302568876037e-01
3.958120302568876037e-01
3.958120302568876037e-01
3.958120302568876037e-01
3.958120302568876037e-01
3.958120302568876037e-01
3.958120302568876037e-01
3.958120302568876037e-01
3.958120302568876037e-01
3.958120302568876037e-01
3.958120302568876037e-01
3.958120302568876037e-01
3.958120302568876037e-01
3.958120302568876037e-01
3.958120302568876037e-01
3.958120302568876037e-01
3.958120302568876037e-01
3.958120302568876037e-01
3.958120302568876037e-01
3.958120302568876037e-01
3.958120302568876037e-01
3.958120302568876037e-01
3.958120302568876037e-01
3.958120302568876037e-01
3.958120302568876037e-01
3.958120302568876037e-01
3.958120302568876037e-01
3.958120302568876037e-01
3.958120302568876037e-01
3.958120302568876037e-01
3.958120302568876037e-01
3.958120302568876037e-01
3.958120302568876037e-01
3.958120302568876037e-01
3.958120302568876037e-01
3.958120302568876037e-01
3.958120302568876037e-01
3.958120302568876037e-01
3.958120302568876037e-01
3.958120302568876037e-01
3.958120302568876037e-01
3.958120302568876037e-01
3.958120302568876037e-01
3.958120302568876037e-01
3.958120302568876037e-01
3.958120302568876037e-01
3.958120302568876037e-01
3.958120302568876037e-01
3.958120302568876037e-01
3.958120302568876037e-01
3.958120302568876037e-01
3.958120302568876037e-01
3.958120302568876037e-01
3.958120302568876037e-01
3.958120302568876037e-01
3.958120302568876037e-01
3.958120302568876037e-01
3.958120302568876037e-01
3.958120302568876037e-01
3.958120302568876037e-01
3.958120302568876037e-01
3.958120302568876037e-01
3.958120302568876037e-01
3.958120302568876037e-01
3.958120302568876037e-01
3.958120302568876037e-01
3.958120302568876037e-01
3.958120302568876037e-01
3.958120302568876037e-01
3.958120302568876037e-01
3.958120302568876037e-01
3.958120302568876037e-01
3.958120302568876037e-01
3.958120302568876037e-01
3.958120302568876037e-01
3.958120302568876037e-01
3.958120302568876037e-01
3.958120302568876037e-01
3.958120302568876037e-01
3.958120302568876037e-01
3.958120302568876037e-01
3.958120302568876037e-01
3.958120302568876037e-01
3.958120302568876037e-01
3.958120302568876037e-01
3.958120302568876037e-01
3.958120302568881033e-01
3.958120302568961524e-01
3.958120302570327098e-01
3.958120302593396422e-01
3.958120302983317851e-01
3.958120309573831541e-01
3.958120420967500830e-01
3.958122303755909899e-01
3.958154127021547564e-01
3.958692064319827009e-01
3.967800901024372551e-01
4.126635727903963380e-01
