6.292143632553438837e-02
5.311908846455681843e-02
4.777550877121891637e-02
4.500517255350038048e-02
4.323131314180967549e-02
4.174183696205345517e-02
4.049774368842653377e-02
3.958534164504302205e-02
3.895977436537649552e-02
3.851757740769262695e-02
3.819190603481290025e-02
3.795358100970703391e-02
3.778430467715436503e-02
3.766814653990654960e-02
3.759232802887037261e-02
3.754676268392648925e-02
3.752351954087372599e-02
3.751639142695065154e-02
3.752055552540688177e-02
3.753230169701923802e-02
3.754881813032322907e-02
3.756802111308384790e-02
3.758840319417350306e-02
3.760888251559964951e-02
3.762867356349344078e-02
3.764720747932433220e-02
3.766409467110163473e-02
3.767911634762165229e-02
3.769218770212596353e-02
3.770333169873655438e-02
3.771263189437729785e-02
3.772022112245337899e-02
3.772626097059723904e-02
3.772626097059723904e-02
3.772626097059723904e-02
3.772626097059723904e-02
3.772626097059723904e-02
3.772626097059723904e-02
3.772626097059723904e-02
3.772626097059723904e-02
3.772626097059723904e-02
3.772626097059723904e-02
3.772626097059723904e-02
3.772626097059723904e-02
3.772626097059723904e-02
3.772626097059723904e-02
3.772626097059723904e-02
3.772626097059723904e-02
3.772626097059723904e-02
3.772626097059723904e-02
3.772626097059723904e-02
3.772626097059723904e-02
3.772626097059723904e-02
3.772626097059723904e-02
3.772626097059723904e-02
3.772626097059723904e-02
3.772626097059723904e-02
3.772626097059723904e-02
3.772626097059723904e-02
3.772626097059723904e-02
3.772626097059723904e-02
3.772626097059723904e-02
3.772626097059723904e-02
3.772626097059723904e-02
3.772626097059723904e-02
3.772626097059723904e-02
3.772626097059723904e-02
3.772626097059723904e-02
3.772626097059723904e-02
3.772626097059723904e-02
3.772626097059723904e-02
3.772626097059723904e-02
3.772626097059723904e-02
3.772626097059723904e-02
3.772626097059723904e-02
3.772626097059723904e-02
3.772626097059723904e-02
3.772626097059723904e-02
3.772626097059723904e-02
3.772626097059723904e-02
3.772626097059723904e-02
3.772626097059723904e-02
3.772626097059723904e-02
3.772626097059723904e-02
3.772626097059723904e-02
3.772626097059723904e-02
3.772626097059723904e-02
3.772626097059723904e-02
3.772626097059723904e-02
3.772626097059723904e-02
3.772626097059723904e-02
3.772626097059723904e-02
3.772626097059723904e-02
3.772626097059723904e-02
3.772626097059723904e-02
3.772626097059723904e-02
3.772196224673642073e-02
3.771613342708471373e-02
3.770852790078543793e-02
3.769892615100965683e-02
3.768715526253661741e-02
3.767310999944205319e-02
3.765678726594279963e-02
3.763832752802709347e-02
3.761806042618958540e-02
3.759656103831367918e-02
3.757472580500092335e-02
3.755385401014602054e-02
3.753574855074977984e-02
3.752284035764965470e-02
3.751833043516984018e-02
3.752636615563177680e-02
3.755225496915007288e-02
3.760273167993631593e-02
3.768629296794659411e-02
3.781363026535561334e-02
3.799817208080791958e-02
3.825655116331152378e-02
3.860781470440786955e-02
3.908206867745459001e-02
3.974737404924916923e-02
4.070866618877136411e-02
4.201194652306399629e-02
4.357147249625703544e-02
4.542923804581314173e-02
4.831030334698375311e-02
5.382014885988545966e-02
6.388182824489874179e-02
