3.977246084357978773e-01
3.711813210708059807e-01
3.687050987510379629e-01
3.684832248080119332e-01
3.684655298168708071e-01
3.684643728604873880e-01
3.684643278377855435e-01
3.684643304187082968e-01
3.684643312844943508e-01
3.684643314122760249e-01
3.684643314265166336e-01
3.684643314277922799e-01
3.684643314278769344e-01
3.684643314278790993e-01
3.684643314278787662e-01
3.684643314278786552e-01
3.684643314278787107e-01
3.684643314278787107e-01
3.684643314278787107e-01
3.684643314278787107e-01
3.684643314278787107e-01
3.684643314278787107e-01
3.684643314278787107e-01
3.684643314278787107e-01
3.684643314278787107e-01
3.684643314278787107e-01
3.684643314278787107e-01
3.684643314278787107e-01
3.684643314278787107e-01
3.684643314278787107e-01
3.684643314278787107e-01
3.684643314278787107e-01
3.684643314278787107e-01
3.684643314278787107e-01
3.684643314278787107e-01
3.684643314278787107e-01
3.684643314278787107e-01
3.684643314278787107e-01
3.684643314278787107e-01
3.684643314278787107e-01
3.684643314278787107e-01
3.684643314278787107e-01
3.684643314278787107e-01
3.684643314278787107e-01
3.684643314278787107e-01
3.684643314278787107e-01
3.684643314278787107e-01
3.684643314278787107e-01
3.684643314278787107e-01
3.684643314278787107e-01
3.684643314278787107e-01
3.684643314278787107e-01
3.684643314278787107e-01
3.684643314278787107e-01
3.684643314278787107e-01
3.684643314278787107e-01
3.684643314278787107e-01
3.684643314278787107e-01
3.684643314278787107e-01
3.684643314278787107e-01
3.684643314278787107e-01
3.684643314278787107e-01
3.684643314278787107e-01
3.684643314278787107e-01
3.684643314278787107e-01
3.684643314278787107e-01
3.684643314278787107e-01
3.684643314278787107e-01
3.684643314278787107e-01
3.684643314278787107e-01
3.684643314278787107e-01
3.684643314278787107e-01
3.684643314278787107e-01
3.684643314278787107e-01
3.684643314278787107e-01
3.684643314278787107e-01
3.684643314278787107e-01
3.684643314278787107e-01
3.684643314278787107e-01
3.684643314278787107e-01
3.684643314278787107e-01
3.684643314278787107e-01
3.684643314278787107e-01
3.684643314278787107e-01
3.684643314278787107e-01
3.684643314278787107e-01
3.684643314278787107e-01
3.684643314278787107e-01
3.684643314278787107e-01
3.684643314278787107e-01
3.684643314278787107e-01
3.684643314278787107e-01
3.684643314278787107e-01
3.684643314278787107e-01
3.684643314278787107e-01
3.684643314278787107e-01
3.684643314278787107e-01
3.684643314278787107e-01
3.684643314278787107e-01
3.684643314278787107e-01
3.684643314278787107e-01
3.684643314278787107e-01
3.684643314278787107e-01
3.684643314278787107e-01
3.684643314278787107e-01
3.684643314278787107e-01
3.684643314278787107e-01
3.684643314278787107e-01
3.684643314278787107e-01
3.684643314278787107e-01
3.684643314278787107e-01
3.684643314278787107e-01
3.684643314278786552e-01
3.684643314278787107e-01
3.684643314278789883e-01
3.684643314278769344e-01
3.684643314277922799e-01
3.684643314265165781e-01
3.684643314122760249e-01
3.684643312844943508e-01
3.684643304187082413e-01
3.684643278377854880e-01
3.684643728604873325e-01
3.684655298168708071e-01
3.684832248080119887e-01
3.687050987510379629e-01
3.711813210708059807e-01
3.977246084357978773e-01
