6.060819165389252916e-02
5.229097969537006840e-02
4.848572715202199845e-02
4.595539250626357042e-02
4.372931176661397357e-02
4.217599719216351406e-02
4.106660523388798445e-02
4.007883487088058361e-02
3.926284317050007105e-02
3.864380334238685238e-02
3.814712958934252107e-02
3.773415659481577089e-02
3.739079038835674273e-02
3.710407993626697182e-02
3.686357136269001467e-02
3.666094771603460589e-02
3.648955397257114264e-02
3.634402717107258068e-02
3.621999745415645233e-02
3.611386659791957637e-02
3.602267919488633813e-02
3.594397053798269875e-02
3.587564551246302802e-02
3.581598636097614585e-02
3.576371466742712946e-02
3.571788692164722112e-02
3.567770844455418755e-02
3.564247009427432000e-02
3.561155144817382961e-02
3.558441985100800620e-02
3.556060126238225205e-02
3.553969004770023143e-02
3.552132646737059946e-02
3.552132646737060639e-02
3.552132646737060639e-02
3.552132646737060639e-02
3.552132646737059946e-02
3.552132646737060639e-02
3.552132646737060639e-02
3.552132646737060639e-02
3.552132646737059946e-02
3.552132646737060639e-02
3.552132646737060639e-02
3.552132646737060639e-02
3.552132646737059946e-02
3.552132646737060639e-02
3.552132646737060639e-02
3.552132646737060639e-02
3.552132646737059946e-02
3.552132646737060639e-02
3.552132646737060639e-02
3.552132646737060639e-02
3.552132646737059946e-02
3.552132646737060639e-02
3.552132646737060639e-02
3.552132646737060639e-02
3.552132646737059946e-02
3.552132646737060639e-02
3.552132646737060639e-02
3.552132646737060639e-02
3.552132646737059946e-02
3.552132646737060639e-02
3.552132646737060639e-02
3.552132646737060639e-02
3.552132646737059946e-02
3.552132646737060639e-02
3.552132646737060639e-02
3.552132646737060639e-02
3.552132646737059946e-02
3.552132646737060639e-02
3.552132646737060639e-02
3.552132646737060639e-02
3.552132646737059946e-02
3.552132646737060639e-02
3.552132646737060639e-02
3.552132646737060639e-02
3.552132646737059946e-02
3.552132646737060639e-02
3.552132646737060639e-02
3.552132646737060639e-02
3.552132646737059946e-02
3.552132646737060639e-02
3.552132646737060639e-02
3.552132646737060639e-02
3.552132646737059946e-02
3.552132646737060639e-02
3.552132646737060639e-02
3.552132646737060639e-02
3.552132646737059946e-02
3.552132646737060639e-02
3.552132646737060639e-02
3.552132646737060639e-02
3.552132646737059946e-02
3.552132646737060639e-02
3.552132646737060639e-02
3.552132646737060639e-02
3.553442869981431051e-02
3.555051488275753901e-02
3.556999819359127346e-02
3.559336512149299803e-02
3.562117105945609291e-02
3.565407425578125122e-02
3.569283791276940676e-02
3.573837130479994018e-02
3.579173222155920819e-02
3.585418673928544159e-02
3.592723223189786541e-02
3.601264667024255128e-02
3.611256123189601069e-02
3.622952428919358481e-02
3.636661728030504692e-02
3.652757068552284908e-02
3.671693566019325339e-02
3.694029477988171328e-02
3.720456183975389547e-02
3.751837547139370843e-02
3.789258266284599441e-02
3.834062658933407031e-02
3.887714518271348507e-02
3.954176771174518212e-02
4.041042191031601893e-02
4.145822266780956750e-02
4.263569712900875525e-02
4.427192968348059310e-02
4.660055893147153905e-02
4.924757620037859690e-02
5.321125419055308670e-02
6.181611000318344012e-02
