1.181249825139230880e-01
8.901560771722442922e-02
7.721460774101909785e-02
7.060764132533557669e-02
6.521852786160825532e-02
6.146006559119027851e-02
5.908588044053127847e-02
5.728797598160038917e-02
5.585973955377372679e-02
5.482702550679335179e-02
5.410282106858958079e-02
5.359443714653094187e-02
5.324614215728060151e-02
5.301766575532423226e-02
5.287853080249584753e-02
5.280531308090301301e-02
5.277987869512374558e-02
5.278817751197078384e-02
5.281938240837982801e-02
5.286523259210879760e-02
5.291952522101978085e-02
5.297770730142777745e-02
5.303655740224963444e-02
5.309382985118841353e-02
5.314790596123523947e-02
5.319759860130594820e-02
5.324216350171038364e-02
5.328127416998353766e-02
5.331490311105099855e-02
5.334322143411163175e-02
5.336655466204939108e-02
5.338534216125907089e-02
5.340007553108513244e-02
5.340007553108513938e-02
5.340007553108513938e-02
5.340007553108513244e-02
5.340007553108513244e-02
5.340007553108513938e-02
5.340007553108513938e-02
5.340007553108513244e-02
5.340007553108513244e-02
5.340007553108513938e-02
5.340007553108513938e-02
5.340007553108513244e-02
5.340007553108513244e-02
5.340007553108513938e-02
5.340007553108513938e-02
5.340007553108513244e-02
5.340007553108513244e-02
5.340007553108513938e-02
5.340007553108513938e-02
5.340007553108513244e-02
5.340007553108513244e-02
5.340007553108513938e-02
5.340007553108513938e-02
5.340007553108513244e-02
5.340007553108513244e-02
5.340007553108513938e-02
5.340007553108513938e-02
5.340007553108513244e-02
5.340007553108513244e-02
5.340007553108513938e-02
5.340007553108513938e-02
5.340007553108513244e-02
5.340007553108513244e-02
5.340007553108513938e-02
5.340007553108513938e-02
5.340007553108513244e-02
5.340007553108513244e-02
5.340007553108513938e-02
5.340007553108513938e-02
5.340007553108513244e-02
5.340007553108513244e-02
5.340007553108513938e-02
5.340007553108513938e-02
5.340007553108513244e-02
5.340007553108513244e-02
5.340007553108513938e-02
5.340007553108513938e-02
5.340007553108513244e-02
5.340007553108513244e-02
5.340007553108513938e-02
5.340007553108513938e-02
5.340007553108513244e-02
5.340007553108513244e-02
5.340007553108513938e-02
5.340007553108513938e-02
5.340007553108513244e-02
5.340007553108513244e-02
5.340007553108513938e-02
5.340007553108513938e-02
5.340007553108513244e-02
5.340007553108513244e-02
5.340007553108513938e-02
5.340007553108513938e-02
5.340007553108513244e-02
5.338952556712392439e-02
5.337502322632003277e-02
5.335586702038924711e-02
5.333139495050970291e-02
5.330104493382922803e-02
5.326439045433391251e-02
5.322123264203004744e-02
5.317168540553073031e-02
5.311628484423776969e-02
5.305613956421451061e-02
5.299308428195267928e-02
5.292987108108138106e-02
5.287041743391625304e-02
5.282006988120553637e-02
5.278594098402610707e-02
5.277731184412490228e-02
5.280613339298406012e-02
5.288767588940902070e-02
5.304138820451060471e-02
5.329211827413103675e-02
5.367189580366277246e-02
5.422273524976400222e-02
5.500240047583999925e-02
5.610621983759127296e-02
5.762419667913099702e-02
5.953345114127057275e-02
6.204817058590615664e-02
6.599405701424049253e-02
7.162987444566340511e-02
7.854966905184768144e-02
9.085382299474110968e-02
1.210712837503385708e-01
