7.032419301544429180e-01
6.665586190428824942e-01
6.462011735996622264e-01
6.291341171931583709e-01
6.181179363916297076e-01
6.082494990820153102e-01
6.013452588750085592e-01
5.953582900038860704e-01
5.908124991933835224e-01
5.870685322869528822e-01
5.837814225552724334e-01
5.810638232531546432e-01
5.787889447300322843e-01
5.768746864310878575e-01
5.752577281940787213e-01
5.738872611084848696e-01
5.727220634489944562e-01
5.717283243128568060e-01
5.708780540455873354e-01
5.701480400200411580e-01
5.695188505431212356e-01
5.689741623620931943e-01
5.685001485055727333e-01
5.680850778557655634e-01
5.677204909703436053e-01
5.674002260281945098e-01
5.671188329647263160e-01
5.668716535774556142e-01
5.666545000658891329e-01
5.664637393846272406e-01
5.662961547135663132e-01
5.661489420399535843e-01
5.660196186228012571e-01
5.660196186228012571e-01
5.660196186228012571e-01
5.660196186228012571e-01
5.660196186228012571e-01
5.660196186228012571e-01
5.660196186228012571e-01
5.660196186228012571e-01
5.660196186228012571e-01
5.660196186228012571e-01
5.660196186228012571e-01
5.660196186228012571e-01
5.660196186228012571e-01
5.660196186228012571e-01
5.660196186228012571e-01
5.660196186228012571e-01
5.660196186228012571e-01
5.660196186228012571e-01
5.660196186228012571e-01
5.660196186228012571e-01
5.660196186228012571e-01
5.660196186228012571e-01
5.660196186228012571e-01
5.660196186228012571e-01
5.660196186228012571e-01
5.660196186228012571e-01
5.660196186228012571e-01
5.660196186228012571e-01
5.660196186228012571e-01
5.660196186228012571e-01
5.660196186228012571e-01
5.660196186228012571e-01
5.660196186228012571e-01
5.660196186228012571e-01
5.660196186228012571e-01
5.660196186228012571e-01
5.660196186228012571e-01
5.660196186228012571e-01
5.660196186228012571e-01
5.660196186228012571e-01
5.660196186228012571e-01
5.660196186228012571e-01
5.660196186228012571e-01
5.660196186228012571e-01
5.660196186228012571e-01
5.660196186228012571e-01
5.660196186228012571e-01
5.660196186228012571e-01
5.660196186228012571e-01
5.660196186228012571e-01
5.660196186228012571e-01
5.660196186228012571e-01
5.660196186228012571e-01
5.660196186228012571e-01
5.660196186228012571e-01
5.660196186228012571e-01
5.660196186228012571e-01
5.660196186228012571e-01
5.660196186228012571e-01
5.660196186228012571e-01
5.660196186228012571e-01
5.660196186228012571e-01
5.660196186228012571e-01
5.660196186228012571e-01
5.661109536127248987e-01
5.662232350301326100e-01
5.663593452517526883e-01
5.665226229723967499e-01
5.667169109337211186e-01
5.669466943909460266e-01
5.672172414157878872e-01
5.675347004672810503e-01
5.679062905520004811e-01
5.683405420292623189e-01
5.688474944068986350e-01
5.694390388917973667e-01
5.701292763163674504e-01
5.709349252389155360e-01
5.718759896992056113e-01
5.729764460858381980e-01
5.742650299218132748e-01
5.757766237589985181e-01
5.775536056337606805e-01
5.796481128090220647e-01
5.821248888873855609e-01
5.850676374116754452e-01
5.886051798711400274e-01
5.926256582068258894e-01
5.974796224304499415e-01
6.038073526117295753e-01
6.110855625424755910e-01
6.213719356503224489e-01
6.328346260248185473e-01
6.504194714733335658e-01
6.713081799504647673e-01
7.086869781087927755e-01
