4.642708511228351709e-01
3.043137569525301567e-01
3.044045542942449001e-01
3.891594980099781220e-01
5.084666941603740442e-01
5.855010658702063386e-01
5.853235961764843287e-01
5.375779732327039540e-01
4.867969038640276858e-01
4.591522556562677160e-01
4.592598188137341220e-01
4.791916638794728733e-01
5.047724087453759889e-01
5.210792399256529706e-01
5.209845454573230894e-01
5.089655565880278898e-01
4.950652070865927956e-01
4.869714348378066937e-01
4.870303061818539447e-01
4.930736666714170546e-01
5.005732894661010235e-01
5.052327705239850753e-01
5.051897973299441791e-01
5.015685984956287369e-01
4.971549089539485378e-01
4.944585104022908295e-01
4.944879046078824447e-01
4.966159839040643065e-01
4.992601062280543345e-01
5.008990354780397114e-01
5.008783139602870360e-01
4.995861963645069626e-01
4.980036053591681555e-01
4.980036053591682110e-01
4.980036053591682110e-01
4.980036053591682110e-01
4.980036053591681555e-01
4.980036053591682110e-01
4.980036053591682110e-01
4.980036053591682110e-01
4.980036053591681555e-01
4.980036053591682110e-01
4.980036053591682110e-01
4.980036053591682110e-01
4.980036053591681555e-01
4.980036053591682110e-01
4.980036053591682110e-01
4.980036053591682110e-01
4.980036053591681555e-01
4.980036053591682110e-01
4.980036053591682110e-01
4.980036053591682110e-01
4.980036053591681555e-01
4.980036053591682110e-01
4.980036053591682110e-01
4.980036053591682110e-01
4.980036053591681555e-01
4.980036053591682110e-01
4.980036053591682110e-01
4.980036053591682110e-01
4.980036053591681555e-01
4.980036053591682110e-01
4.980036053591682110e-01
4.980036053591682110e-01
4.980036053591681555e-01
4.980036053591682110e-01
4.980036053591682110e-01
4.980036053591682110e-01
4.980036053591681555e-01
4.980036053591682110e-01
4.980036053591682110e-01
4.980036053591682110e-01
4.980036053591681555e-01
4.980036053591682110e-01
4.980036053591682110e-01
4.980036053591682110e-01
4.980036053591681555e-01
4.980036053591682110e-01
4.980036053591682110e-01
4.980036053591682110e-01
4.980036053591681555e-01
4.980036053591682110e-01
4.980036053591682110e-01
4.980036053591682110e-01
4.980036053591681555e-01
4.980036053591682110e-01
4.980036053591682110e-01
4.980036053591682110e-01
4.980036053591681555e-01
4.980036053591682110e-01
4.980036053591682110e-01
4.980036053591682110e-01
4.980036053591681555e-01
4.980036053591682110e-01
4.980036053591682110e-01
4.980036053591682110e-01
4.991062279380789057e-01
5.000798255733077680e-01
5.000964723922162181e-01
4.987071639090537856e-01
4.963594567455205109e-01
4.943921979859811633e-01
4.943640275620729829e-01
4.970336955188471295e-01
5.015344933594233501e-01
5.053247270770759858e-01
5.053706778090449880e-01
5.003107389920095072e-01
4.920899839550796906e-01
4.854350846647126350e-01
4.853701153575364358e-01
4.943185252316298905e-01
5.097204023514650961e-01
5.230553369044699252e-01
5.231601934596575854e-01
5.052287849230379102e-01
4.774090289339200655e-01
4.559851960990614628e-01
4.558705436598087801e-01
4.852776314398071777e-01
5.395277696800538925e-01
5.908138057999967607e-01
5.910038118236530247e-01
5.099535499913380177e-01
3.873956768049935939e-01
3.019485294026609812e-01
3.018579045945427586e-01
4.606507508259345962e-01
