3.225191535861605674e-01
2.648890142622599697e-01
2.524834762909770602e-01
2.509339449271147382e-01
2.513755347850736843e-01
2.517592523099962953e-01
2.519018732008397876e-01
2.519296682410104848e-01
2.519270110294354881e-01
2.519223616443598823e-01
2.519203379719764380e-01
2.519198898420025312e-01
2.519199177302179349e-01
2.519199897156574885e-01
2.519200231735693185e-01
2.519200309983978259e-01
2.519200306113782428e-01
2.519200293606911889e-01
2.519200287597364585e-01
2.519200286150518608e-01
2.519200286212699424e-01
2.519200286444244763e-01
2.519200286557696233e-01
2.519200286585486226e-01
2.519200286584389881e-01
2.519200286579922343e-01
2.519200286577713555e-01
2.519200286577165104e-01
2.519200286577183978e-01
2.519200286577275016e-01
2.519200286577317205e-01
2.519200286577327752e-01
2.519200286577327197e-01
2.519200286577326642e-01
2.519200286577324421e-01
2.519200286577325532e-01
2.519200286577326087e-01
2.519200286577326087e-01
2.519200286577326087e-01
2.519200286577326087e-01
2.519200286577326087e-01
2.519200286577326087e-01
2.519200286577326087e-01
2.519200286577326642e-01
2.519200286577326087e-01
2.519200286577326087e-01
2.519200286577326087e-01
2.519200286577326642e-01
2.519200286577326087e-01
2.519200286577326087e-01
2.519200286577326087e-01
2.519200286577326642e-01
2.519200286577326087e-01
2.519200286577326087e-01
2.519200286577326087e-01
2.519200286577326642e-01
2.519200286577326087e-01
2.519200286577326087e-01
2.519200286577326087e-01
2.519200286577326642e-01
2.519200286577326087e-01
2.519200286577326087e-01
2.519200286577326087e-01
2.519200286577326642e-01
2.519200286577326087e-01
2.519200286577326087e-01
2.519200286577326087e-01
2.519200286577326642e-01
2.519200286577326087e-01
2.519200286577326087e-01
2.519200286577326087e-01
2.519200286577326642e-01
2.519200286577326087e-01
2.519200286577326087e-01
2.519200286577326087e-01
2.519200286577326642e-01
2.519200286577326087e-01
2.519200286577326087e-01
2.519200286577326087e-01
2.519200286577326642e-01
2.519200286577326087e-01
2.519200286577326087e-01
2.519200286577326087e-01
2.519200286577326642e-01
2.519200286577326087e-01
2.519200286577326087e-01
2.519200286577326087e-01
2.519200286577326642e-01
2.519200286577326087e-01
2.519200286577326087e-01
2.519200286577326087e-01
2.519200286577326087e-01
2.519200286577325532e-01
2.519200286577324421e-01
2.519200286577326642e-01
2.519200286577327197e-01
2.519200286577327752e-01
2.519200286577317205e-01
2.519200286577275016e-01
2.519200286577183978e-01
2.519200286577165104e-01
2.519200286577713555e-01
2.519200286579922343e-01
2.519200286584389881e-01
2.519200286585486226e-01
2.519200286557696233e-01
2.519200286444244763e-01
2.519200286212699424e-01
2.519200286150518608e-01
2.519200287597364585e-01
2.519200293606911889e-01
2.519200306113782428e-01
2.519200309983977704e-01
2.519200231735693185e-01
2.519199897156574330e-01
2.519199177302179349e-01
2.519198898420025312e-01
2.519203379719764380e-01
2.519223616443598823e-01
2.519270110294355436e-01
2.519296682410104848e-01
2.519018732008397876e-01
2.517592523099962953e-01
2.513755347850736843e-01
2.509339449271147382e-01
2.524834762909771158e-01
2.648890142622599697e-01
3.225191535861605674e-01
