4.198002399031108833e-01
4.094650907499602366e-01
4.094919481615876267e-01
4.095050145894172933e-01
4.095049958770690668e-01
4.095049684617936836e-01
4.095049684898472986e-01
4.095049685583792010e-01
4.095049685583251331e-01
4.095049685581382271e-01
4.095049685581390597e-01
4.095049685581402810e-01
4.095049685581401699e-01
4.095049685581402810e-01
4.095049685581402810e-01
4.095049685581401699e-01
4.095049685581401699e-01
4.095049685581402810e-01
4.095049685581402810e-01
4.095049685581401699e-01
4.095049685581401699e-01
4.095049685581402810e-01
4.095049685581402810e-01
4.095049685581401699e-01
4.095049685581401699e-01
4.095049685581402810e-01
4.095049685581402810e-01
4.095049685581401699e-01
4.095049685581401699e-01
4.095049685581402810e-01
4.095049685581402810e-01
4.095049685581401699e-01
4.095049685581401699e-01
4.095049685581402810e-01
4.095049685581402810e-01
4.095049685581401699e-01
4.095049685581401699e-01
4.095049685581402810e-01
4.095049685581402810e-01
4.095049685581401699e-01
4.095049685581401699e-01
4.095049685581402810e-01
4.095049685581402810e-01
4.095049685581401699e-01
4.095049685581401699e-01
4.095049685581402810e-01
4.095049685581402810e-01
4.095049685581401699e-01
4.095049685581401699e-01
4.095049685581402810e-01
4.095049685581402810e-01
4.095049685581401699e-01
4.095049685581401699e-01
4.095049685581402810e-01
4.095049685581402810e-01
4.095049685581401699e-01
4.095049685581401699e-01
4.095049685581402810e-01
4.095049685581402810e-01
4.095049685581401699e-01
4.095049685581401699e-01
4.095049685581402810e-01
4.095049685581402810e-01
4.095049685581401699e-01
4.095049685581401699e-01
4.095049685581402810e-01
4.095049685581402810e-01
4.095049685581401699e-01
4.095049685581401699e-01
4.095049685581402810e-01
4.095049685581402810e-01
4.095049685581401699e-01
4.095049685581401699e-01
4.095049685581402810e-01
4.095049685581402810e-01
4.095049685581401699e-01
4.095049685581401699e-01
4.095049685581402810e-01
4.095049685581402810e-01
4.095049685581401699e-01
4.095049685581401699e-01
4.095049685581402810e-01
4.095049685581402810e-01
4.095049685581401699e-01
4.095049685581401699e-01
4.095049685581402810e-01
4.095049685581402810e-01
4.095049685581401699e-01
4.095049685581401699e-01
4.095049685581402810e-01
4.095049685581402810e-01
4.095049685581401699e-01
4.095049685581401699e-01
4.095049685581402810e-01
4.095049685581402810e-01
4.095049685581401699e-01
4.095049685581401699e-01
4.095049685581402810e-01
4.095049685581402810e-01
4.095049685581401699e-01
4.095049685581401699e-01
4.095049685581402810e-01
4.095049685581402810e-01
4.095049685581401699e-01
4.095049685581401699e-01
4.095049685581402810e-01
4.095049685581402810e-01
4.095049685581401699e-01
4.095049685581401699e-01
4.095049685581402810e-01
4.095049685581402810e-01
4.095049685581401699e-01
4.095049685581401699e-01
4.095049685581402810e-01
4.095049685581402810e-01
4.095049685581401699e-01
4.095049685581402810e-01
4.095049685581390597e-01
4.095049685581382271e-01
4.095049685583251331e-01
4.095049685583792010e-01
4.095049684898472986e-01
4.095049684617936836e-01
4.095049958770690668e-01
4.095050145894172933e-01
4.094919481615876267e-01
4.094650907499602366e-01
4.198002399031108833e-01
