1.735706684969251512e-01
1.332958857488180382e-01
1.146405535714281609e-01
1.048341804763306961e-01
9.930891388597205827e-02
9.606800008939776758e-02
9.412078306680306261e-02
9.293364126609593434e-02
9.220337667793121472e-02
9.175165639594956568e-02
9.147128228219159052e-02
9.129688060837175267e-02
9.118825421308417167e-02
9.112054039950415185e-02
9.107830830248229981e-02
9.105196030447823552e-02
9.103551887047424407e-02
9.102525795698063193e-02
9.101885373908730203e-02
9.101485643584805718e-02
9.101236137576285135e-02
9.101080396618699275e-02
9.100983182471422683e-02
9.100922500602003085e-02
9.100884622338044350e-02
9.100860978277897084e-02
9.100846219362415668e-02
9.100837006662165773e-02
9.100831255980112999e-02
9.100827666334483645e-02
9.100825425635428179e-02
9.100824026965706470e-02
9.100823153900916562e-02
9.100822608924857837e-02
9.100822268745470400e-02
9.100822056402348148e-02
9.100821923855924311e-02
9.100821841119363653e-02
9.100821789474573820e-02
9.100821757237530230e-02
9.100821737114961341e-02
9.100821724554331027e-02
9.100821716713919374e-02
9.100821711819895299e-02
9.100821708765027829e-02
9.100821706858165661e-02
9.100821705667896944e-02
9.100821704924927369e-02
9.100821704461163619e-02
9.100821704171682680e-02
9.100821703990989719e-02
9.100821703878200775e-02
9.100821703807798757e-02
9.100821703763854742e-02
9.100821703736425294e-02
9.100821703719308431e-02
9.100821703708623922e-02
9.100821703701961196e-02
9.100821703697811738e-02
9.100821703695236020e-02
9.100821703693649789e-02
9.100821703692697773e-02
9.100821703692160702e-02
9.100821703691919229e-02
9.100821703691919229e-02
9.100821703692160702e-02
9.100821703692697773e-02
9.100821703693651177e-02
9.100821703695236020e-02
9.100821703697811738e-02
9.100821703701961196e-02
9.100821703708623922e-02
9.100821703719307043e-02
9.100821703736425294e-02
9.100821703763854742e-02
9.100821703807795982e-02
9.100821703878199387e-02
9.100821703990991107e-02
9.100821704171682680e-02
9.100821704461163619e-02
9.100821704924927369e-02
9.100821705667896944e-02
9.100821706858162885e-02
9.100821708765027829e-02
9.100821711819895299e-02
9.100821716713916598e-02
9.100821724554331027e-02
9.100821737114958565e-02
9.100821757237530230e-02
9.100821789474572432e-02
9.100821841119363653e-02
9.100821923855922924e-02
9.100822056402348148e-02
9.100822268745470400e-02
9.100822608924857837e-02
9.100823153900916562e-02
9.100824026965706470e-02
9.100825425635428179e-02
9.100827666334479482e-02
9.100831255980112999e-02
9.100837006662162998e-02
9.100846219362414280e-02
9.100860978277894309e-02
9.100884622338044350e-02
9.100922500602000309e-02
9.100983182471422683e-02
9.101080396618699275e-02
9.101236137576285135e-02
9.101485643584802943e-02
9.101885373908727428e-02
9.102525795698063193e-02
9.103551887047424407e-02
9.105196030447823552e-02
9.107830830248229981e-02
9.112054039950415185e-02
9.118825421308414392e-02
9.129688060837175267e-02
9.147128228219159052e-02
9.175165639594956568e-02
9.220337667793118697e-02
9.293364126609593434e-02
9.412078306680304873e-02
9.606800008939776758e-02
9.930891388597205827e-02
1.048341804763306961e-01
1.146405535714281471e-01
1.332958857488180104e-01
1.735706684969251512e-01
