1.041062689225397131e-01
8.876104440608505175e-02
8.447889550511505918e-02
8.369180071631507345e-02
8.513703938461018861e-02
8.693882794745672049e-02
8.850567541711097663e-02
8.919997451754137219e-02
8.921521378321455031e-02
8.891413417716975687e-02
8.859379277220905125e-02
8.843493325234833002e-02
8.845498185570078997e-02
8.857842048658774725e-02
8.870655567264829067e-02
8.877441806700339666e-02
8.877075886155420814e-02
8.872359101220196609e-02
8.867216244351505683e-02
8.864385997671840600e-02
8.864534021553703569e-02
8.866625532951548372e-02
8.868981795010801028e-02
8.870309959141006728e-02
8.870223433018080417e-02
8.869173770959902503e-02
8.867978646136742693e-02
8.867296212845636461e-02
8.867334095002508965e-02
8.867869777892306571e-02
8.868485020503287519e-02
8.868836003270415269e-02
8.868811106718410553e-02
8.868811106718410553e-02
8.868811106718411941e-02
8.868811106718411941e-02
8.868811106718410553e-02
8.868811106718410553e-02
8.868811106718411941e-02
8.868811106718411941e-02
8.868811106718410553e-02
8.868811106718410553e-02
8.868811106718411941e-02
8.868811106718411941e-02
8.868811106718410553e-02
8.868811106718410553e-02
8.868811106718411941e-02
8.868811106718411941e-02
8.868811106718410553e-02
8.868811106718410553e-02
8.868811106718411941e-02
8.868811106718411941e-02
8.868811106718410553e-02
8.868811106718410553e-02
8.868811106718411941e-02
8.868811106718411941e-02
8.868811106718410553e-02
8.868811106718410553e-02
8.868811106718411941e-02
8.868811106718411941e-02
8.868811106718410553e-02
8.868811106718410553e-02
8.868811106718411941e-02
8.868811106718411941e-02
8.868811106718410553e-02
8.868811106718410553e-02
8.868811106718411941e-02
8.868811106718411941e-02
8.868811106718410553e-02
8.868811106718410553e-02
8.868811106718411941e-02
8.868811106718411941e-02
8.868811106718410553e-02
8.868811106718410553e-02
8.868811106718411941e-02
8.868811106718411941e-02
8.868811106718410553e-02
8.868811106718410553e-02
8.868811106718411941e-02
8.868811106718411941e-02
8.868811106718410553e-02
8.868811106718410553e-02
8.868811106718411941e-02
8.868811106718411941e-02
8.868811106718410553e-02
8.868811106718410553e-02
8.868811106718411941e-02
8.868811106718411941e-02
8.868811106718410553e-02
8.868811106718410553e-02
8.868811106718411941e-02
8.868811106718411941e-02
8.868811106718410553e-02
8.868811106718410553e-02
8.868811106718411941e-02
8.868811106718411941e-02
8.868828283318055949e-02
8.868559217397029015e-02
8.868057252332721407e-02
8.867596246342231148e-02
8.867560502100448050e-02
8.868194660959519138e-02
8.869345565155233035e-02
8.870389366210769400e-02
8.870481830847642968e-02
8.869096942909790449e-02
8.866582909005107926e-02
8.864320140911972901e-02
8.864171252701277814e-02
8.867312586825033816e-02
8.873026880522390247e-02
8.878281249500544203e-02
8.878728217540457490e-02
8.871302129630280475e-02
8.857294451196141838e-02
8.843886540184028866e-02
8.841808837309911295e-02
8.859066963385499316e-02
8.893535208561539895e-02
8.925861022579964499e-02
8.924534693962103693e-02
8.851947871726167927e-02
8.688657973530683476e-02
8.501485122775567782e-02
8.353739282087399576e-02
8.434663437467138092e-02
8.869927019710248384e-02
1.041376228970619794e-01
