4.087353285256398738e-01
3.895890877209668424e-01
3.885417343558958403e-01
3.885029473955917689e-01
3.885030974399308890e-01
3.885032669944145090e-01
3.885032826716605103e-01
3.885032834213890118e-01
3.885032834194513396e-01
3.885032834154204529e-01
3.885032834150144443e-01
3.885032834149939607e-01
3.885032834149946823e-01
3.885032834149945158e-01
3.885032834149944603e-01
3.885032834149945158e-01
3.885032834149945158e-01
3.885032834149945158e-01
3.885032834149944603e-01
3.885032834149945158e-01
3.885032834149945158e-01
3.885032834149945158e-01
3.885032834149944603e-01
3.885032834149945158e-01
3.885032834149945158e-01
3.885032834149945158e-01
3.885032834149944603e-01
3.885032834149945158e-01
3.885032834149945158e-01
3.885032834149945158e-01
3.885032834149944603e-01
3.885032834149945158e-01
3.885032834149945158e-01
3.885032834149945158e-01
3.885032834149944603e-01
3.885032834149945158e-01
3.885032834149945158e-01
3.885032834149945158e-01
3.885032834149944603e-01
3.885032834149945158e-01
3.885032834149945158e-01
3.885032834149945158e-01
3.885032834149944603e-01
3.885032834149945158e-01
3.885032834149945158e-01
3.885032834149945158e-01
3.885032834149944603e-01
3.885032834149945158e-01
3.885032834149945158e-01
3.885032834149945158e-01
3.885032834149944603e-01
3.885032834149945158e-01
3.885032834149945158e-01
3.885032834149945158e-01
3.885032834149944603e-01
3.885032834149945158e-01
3.885032834149945158e-01
3.885032834149945158e-01
3.885032834149944603e-01
3.885032834149945158e-01
3.885032834149945158e-01
3.885032834149945158e-01
3.885032834149944603e-01
3.885032834149945158e-01
3.885032834149945158e-01
3.885032834149945158e-01
3.885032834149944603e-01
3.885032834149945158e-01
3.885032834149945158e-01
3.885032834149945158e-01
3.885032834149944603e-01
3.885032834149945158e-01
3.885032834149945158e-01
3.885032834149945158e-01
3.885032834149944603e-01
3.885032834149945158e-01
3.885032834149945158e-01
3.885032834149945158e-01
3.885032834149944603e-01
3.885032834149945158e-01
3.885032834149945158e-01
3.885032834149945158e-01
3.885032834149944603e-01
3.885032834149945158e-01
3.885032834149945158e-01
3.885032834149945158e-01
3.885032834149944603e-01
3.885032834149945158e-01
3.885032834149945158e-01
3.885032834149945158e-01
3.885032834149944603e-01
3.885032834149945158e-01
3.885032834149945158e-01
3.885032834149945158e-01
3.885032834149944603e-01
3.885032834149945158e-01
3.885032834149945158e-01
3.885032834149945158e-01
3.885032834149944603e-01
3.885032834149945158e-01
3.885032834149945158e-01
3.885032834149945158e-01
3.885032834149944603e-01
3.885032834149945158e-01
3.885032834149945158e-01
3.885032834149945158e-01
3.885032834149944603e-01
3.885032834149945158e-01
3.885032834149945158e-01
3.885032834149945158e-01
3.885032834149944603e-01
3.885032834149945158e-01
3.885032834149945158e-01
3.885032834149945158e-01
3.885032834149945158e-01
3.885032834149946823e-01
3.885032834149939607e-01
3.885032834150144443e-01
3.885032834154204529e-01
3.885032834194513396e-01
3.885032834213890118e-01
3.885032826716605103e-01
3.885032669944145090e-01
3.885030974399308890e-01
3.885029473955917689e-01
3.885417343558958403e-01
3.895890877209668424e-01
4.087353285256398738e-01
