6.863294695582089489e-02
5.869040075513416721e-02
5.424602439547353272e-02
5.136760664716476243e-02
4.891756767512550619e-02
4.727676509242288716e-02
4.616275983605162836e-02
4.523001218099069465e-02
4.451436150271102787e-02
4.401769841403079669e-02
4.365972818303608810e-02
4.339815675270713297e-02
4.321225157502545100e-02
4.308434003982519744e-02
4.300040476102764270e-02
4.294943556296988013e-02
4.292280055429986002e-02
4.291375511005766918e-02
4.291706229084574914e-02
4.292869788760318717e-02
4.294561095388159389e-02
4.296553189843816539e-02
4.298682188800014708e-02
4.300831684866333882e-02
4.302915952957614421e-02
4.304871315611584481e-02
4.306655574603861919e-02
4.308245309909227577e-02
4.309631143923472324e-02
4.310813818937646313e-02
4.311802098708551745e-02
4.312609562905116156e-02
4.313253296164048373e-02
4.313253296164046985e-02
4.313253296164046985e-02
4.313253296164046985e-02
4.313253296164048373e-02
4.313253296164046985e-02
4.313253296164046985e-02
4.313253296164046985e-02
4.313253296164048373e-02
4.313253296164046985e-02
4.313253296164046985e-02
4.313253296164046985e-02
4.313253296164048373e-02
4.313253296164046985e-02
4.313253296164046985e-02
4.313253296164046985e-02
4.313253296164048373e-02
4.313253296164046985e-02
4.313253296164046985e-02
4.313253296164046985e-02
4.313253296164048373e-02
4.313253296164046985e-02
4.313253296164046985e-02
4.313253296164046985e-02
4.313253296164048373e-02
4.313253296164046985e-02
4.313253296164046985e-02
4.313253296164046985e-02
4.313253296164048373e-02
4.313253296164046985e-02
4.313253296164046985e-02
4.313253296164046985e-02
4.313253296164048373e-02
4.313253296164046985e-02
4.313253296164046985e-02
4.313253296164046985e-02
4.313253296164048373e-02
4.313253296164046985e-02
4.313253296164046985e-02
4.313253296164046985e-02
4.313253296164048373e-02
4.313253296164046985e-02
4.313253296164046985e-02
4.313253296164046985e-02
4.313253296164048373e-02
4.313253296164046985e-02
4.313253296164046985e-02
4.313253296164046985e-02
4.313253296164048373e-02
4.313253296164046985e-02
4.313253296164046985e-02
4.313253296164046985e-02
4.313253296164048373e-02
4.313253296164046985e-02
4.313253296164046985e-02
4.313253296164046985e-02
4.313253296164048373e-02
4.313253296164046985e-02
4.313253296164046985e-02
4.313253296164046985e-02
4.313253296164048373e-02
4.313253296164046985e-02
4.313253296164046985e-02
4.313253296164046985e-02
4.312793850359149944e-02
4.312172141148462590e-02
4.311362613910477148e-02
4.310342184392489118e-02
4.309093131414831052e-02
4.307605023630078911e-02
4.305878853296622039e-02
4.303930427866767966e-02
4.301796555680642564e-02
4.299540221828745262e-02
4.297258952028756851e-02
4.295093992041905395e-02
4.293240938051932215e-02
4.291963110926353547e-02
4.291607197488176567e-02
4.292622482773124359e-02
4.295584280231187074e-02
4.301223208087289612e-02
4.310462646423383198e-02
4.324467928755919982e-02
4.344709409219230795e-02
4.373028308387601204e-02
4.411574708364693342e-02
4.464677893685099763e-02
4.540481335681977731e-02
4.638856461446145413e-02
4.756339139444230868e-02
4.927982422996177170e-02
5.182382937173057869e-02
5.481163355625538747e-02
5.940357166868082128e-02
6.960179413828863904e-02
