3.940703641814630731e-01
2.752536924300204024e-01
2.753082794542077716e-01
3.125829282239591111e-01
3.641804726145678739e-01
4.064066558389621830e-01
4.062981248681029056e-01
3.798463838352816313e-01
3.543833266310784658e-01
3.404115024000936018e-01
3.404674103685838005e-01
3.507968404947656160e-01
3.637767098906595220e-01
3.718849120472004777e-01
3.718382016148135127e-01
3.658764542669706854e-01
3.588961342693793855e-01
3.547885864831112346e-01
3.548185743212197152e-01
3.578858468936489956e-01
3.616634446034883155e-01
3.639943573920705333e-01
3.639729114419699707e-01
3.621613007444116628e-01
3.599430353566596130e-01
3.585837666333898666e-01
3.585985785537670334e-01
3.596681105890506824e-01
3.609928020767752543e-01
3.618124101376809509e-01
3.618020502226025892e-01
3.611554729790644180e-01
3.603626084972111343e-01
3.603626084972112453e-01
3.603626084972111343e-01
3.603626084972111343e-01
3.603626084972111343e-01
3.603626084972112453e-01
3.603626084972111343e-01
3.603626084972111343e-01
3.603626084972111343e-01
3.603626084972112453e-01
3.603626084972111343e-01
3.603626084972111343e-01
3.603626084972111343e-01
3.603626084972112453e-01
3.603626084972111343e-01
3.603626084972111343e-01
3.603626084972111343e-01
3.603626084972112453e-01
3.603626084972111343e-01
3.603626084972111343e-01
3.603626084972111343e-01
3.603626084972112453e-01
3.603626084972111343e-01
3.603626084972111343e-01
3.603626084972111343e-01
3.603626084972112453e-01
3.603626084972111343e-01
3.603626084972111343e-01
3.603626084972111343e-01
3.603626084972112453e-01
3.603626084972111343e-01
3.603626084972111343e-01
3.603626084972111343e-01
3.603626084972112453e-01
3.603626084972111343e-01
3.603626084972111343e-01
3.603626084972111343e-01
3.603626084972112453e-01
3.603626084972111343e-01
3.603626084972111343e-01
3.603626084972111343e-01
3.603626084972112453e-01
3.603626084972111343e-01
3.603626084972111343e-01
3.603626084972111343e-01
3.603626084972112453e-01
3.603626084972111343e-01
3.603626084972111343e-01
3.603626084972111343e-01
3.603626084972112453e-01
3.603626084972111343e-01
3.603626084972111343e-01
3.603626084972111343e-01
3.603626084972112453e-01
3.603626084972111343e-01
3.603626084972111343e-01
3.603626084972111343e-01
3.603626084972112453e-01
3.603626084972111343e-01
3.603626084972111343e-01
3.603626084972111343e-01
3.603626084972112453e-01
3.603626084972111343e-01
3.603626084972111343e-01
3.609179750825922683e-01
3.614075375110998856e-01
3.614158981065998533e-01
3.607179259243871172e-01
3.595366721879193483e-01
3.585447741665621635e-01
3.585305588135413446e-01
3.598760973460656265e-01
3.621365026178733348e-01
3.640325163781660822e-01
3.640554625685085144e-01
3.615222249823702994e-01
3.573787895393636949e-01
3.539991692308337989e-01
3.539660576876594300e-01
3.585076574371849345e-01
3.662336579596064956e-01
3.728317362448629324e-01
3.728832973411544405e-01
3.639881875751748153e-01
3.498775420027142591e-01
3.387555942775051787e-01
3.386958169041839883e-01
3.536051151881764998e-01
3.807691772487518111e-01
4.088248443632556128e-01
4.089388345011840675e-01
3.650016855627473134e-01
3.117421411629619499e-01
2.737311827744488557e-01
2.736763006876847260e-01
3.922363246461109676e-01
