1.410260196281970524e-02
1.038563645813147390e-02
9.789402291107387327e-03
9.671501428362219710e-03
9.647242101957033411e-03
9.642209897479256386e-03
9.641164276500222702e-03
9.640946934666883017e-03
9.640901754910995158e-03
9.640892363071106030e-03
9.640890410717528614e-03
9.640890004866953245e-03
9.640889920499776805e-03
9.640889902961755423e-03
9.640889899316006789e-03
9.640889898558135593e-03
9.640889898400593211e-03
9.640889898367843366e-03
9.640889898361038046e-03
9.640889898359622512e-03
9.640889898359327609e-03
9.640889898359266894e-03
9.640889898359254750e-03
9.640889898359249546e-03
9.640889898359247812e-03
9.640889898359249546e-03
9.640889898359249546e-03
9.640889898359249546e-03
9.640889898359247812e-03
9.640889898359249546e-03
9.640889898359249546e-03
9.640889898359249546e-03
9.640889898359247812e-03
9.640889898359249546e-03
9.640889898359249546e-03
9.640889898359249546e-03
9.640889898359247812e-03
9.640889898359249546e-03
9.640889898359249546e-03
9.640889898359249546e-03
9.640889898359247812e-03
9.640889898359249546e-03
9.640889898359249546e-03
9.640889898359249546e-03
9.640889898359247812e-03
9.640889898359249546e-03
9.640889898359249546e-03
9.640889898359249546e-03
9.640889898359247812e-03
9.640889898359249546e-03
9.640889898359249546e-03
9.640889898359249546e-03
9.640889898359247812e-03
9.640889898359249546e-03
9.640889898359249546e-03
9.640889898359249546e-03
9.640889898359247812e-03
9.640889898359249546e-03
9.640889898359249546e-03
9.640889898359249546e-03
9.640889898359247812e-03
9.640889898359249546e-03
9.640889898359249546e-03
9.640889898359249546e-03
9.640889898359247812e-03
9.640889898359249546e-03
9.640889898359249546e-03
9.640889898359249546e-03
9.640889898359247812e-03
9.640889898359249546e-03
9.640889898359249546e-03
9.640889898359249546e-03
9.640889898359247812e-03
9.640889898359249546e-03
9.640889898359249546e-03
9.640889898359249546e-03
9.640889898359247812e-03
9.640889898359249546e-03
9.640889898359249546e-03
9.640889898359249546e-03
9.640889898359247812e-03
9.640889898359249546e-03
9.640889898359249546e-03
9.640889898359249546e-03
9.640889898359247812e-03
9.640889898359249546e-03
9.640889898359249546e-03
9.640889898359249546e-03
9.640889898359247812e-03
9.640889898359249546e-03
9.640889898359249546e-03
9.640889898359249546e-03
9.640889898359247812e-03
9.640889898359249546e-03
9.640889898359249546e-03
9.640889898359249546e-03
9.640889898359247812e-03
9.640889898359249546e-03
9.640889898359249546e-03
9.640889898359249546e-03
9.640889898359247812e-03
9.640889898359249546e-03
9.640889898359249546e-03
9.640889898359249546e-03
9.640889898359247812e-03
9.640889898359251281e-03
9.640889898359266894e-03
9.640889898359324139e-03
9.640889898359619042e-03
9.640889898361036311e-03
9.640889898367843366e-03
9.640889898400593211e-03
9.640889898558133858e-03
9.640889899316005054e-03
9.640889902961753688e-03
9.640889920499773336e-03
9.640890004866953245e-03
9.640890410717528614e-03
9.640892363071106030e-03
9.640901754910991689e-03
9.640946934666879548e-03
9.641164276500219232e-03
9.642209897479252917e-03
9.647242101957029942e-03
9.671501428362217975e-03
9.789402291107385592e-03
1.038563645813147043e-02
1.410260196281970003e-02
