1.204476949765538735e-01
9.119938479413311483e-02
7.962169805338667472e-02
7.259034219744243954e-02
6.688873245998862294e-02
6.321602911420766413e-02
6.079196903929413170e-02
5.880906879538653348e-02
5.732012608080733901e-02
5.630741573472959616e-02
5.559231500182666014e-02
5.508202447213150083e-02
5.473026298011578195e-02
5.449859024580692296e-02
5.435694308064584895e-02
5.428192568383802263e-02
5.425531643143759186e-02
5.426294981940525675e-02
5.429388171054620738e-02
5.433975447298591832e-02
5.439427755844053469e-02
5.445282750397376775e-02
5.451213066772443022e-02
5.456991214493452091e-02
5.462451300097970197e-02
5.467471870718659810e-02
5.471977717938712737e-02
5.475934584612222183e-02
5.479338298390926121e-02
5.482205839395801888e-02
5.484570797437676726e-02
5.486476021891617538e-02
5.487970804507559530e-02
5.487970804507559530e-02
5.487970804507559530e-02
5.487970804507558836e-02
5.487970804507559530e-02
5.487970804507559530e-02
5.487970804507559530e-02
5.487970804507558836e-02
5.487970804507559530e-02
5.487970804507559530e-02
5.487970804507559530e-02
5.487970804507558836e-02
5.487970804507559530e-02
5.487970804507559530e-02
5.487970804507559530e-02
5.487970804507558836e-02
5.487970804507559530e-02
5.487970804507559530e-02
5.487970804507559530e-02
5.487970804507558836e-02
5.487970804507559530e-02
5.487970804507559530e-02
5.487970804507559530e-02
5.487970804507558836e-02
5.487970804507559530e-02
5.487970804507559530e-02
5.487970804507559530e-02
5.487970804507558836e-02
5.487970804507559530e-02
5.487970804507559530e-02
5.487970804507559530e-02
5.487970804507558836e-02
5.487970804507559530e-02
5.487970804507559530e-02
5.487970804507559530e-02
5.487970804507558836e-02
5.487970804507559530e-02
5.487970804507559530e-02
5.487970804507559530e-02
5.487970804507558836e-02
5.487970804507559530e-02
5.487970804507559530e-02
5.487970804507559530e-02
5.487970804507558836e-02
5.487970804507559530e-02
5.487970804507559530e-02
5.487970804507559530e-02
5.487970804507558836e-02
5.487970804507559530e-02
5.487970804507559530e-02
5.487970804507559530e-02
5.487970804507558836e-02
5.487970804507559530e-02
5.487970804507559530e-02
5.487970804507559530e-02
5.487970804507558836e-02
5.487970804507559530e-02
5.487970804507559530e-02
5.487970804507559530e-02
5.487970804507558836e-02
5.487970804507559530e-02
5.487970804507559530e-02
5.487970804507559530e-02
5.487970804507558836e-02
5.486903865768144595e-02
5.485436642877476732e-02
5.483498872718078204e-02
5.481023795543642912e-02
5.477954687253813043e-02
5.474248976495848379e-02
5.469887596688601666e-02
5.464882284221449227e-02
5.459289629425087553e-02
5.453221989779223622e-02
5.446866089040863779e-02
5.440502881081917680e-02
5.434530044855665626e-02
5.429490617047293827e-02
5.426105898318359100e-02
5.425316017331239388e-02
5.428330000108622100e-02
5.436689005248947909e-02
5.452349647786592507e-02
5.477796813828241657e-02
5.516196088340017539e-02
5.571570962024234575e-02
5.648750267017883103e-02
5.757297028705035680e-02
5.915458018971214010e-02
6.125302756068671389e-02
6.382004397570957555e-02
6.768167371936481547e-02
7.363936371526517977e-02
8.099443561308250494e-02
9.306999885775381343e-02
1.234303368867856882e-01
