1.048892359056886048e-01
7.638707669133466827e-02
6.032159732770152327e-02
5.128251453362982215e-02
4.622932633971331418e-02
4.342287991510650896e-02
4.185772678768638622e-02
4.097659162597979549e-02
4.049859103343379091e-02
4.029131839760807104e-02
4.028344351302654003e-02
4.042238531227449611e-02
4.066332263566409949e-02
4.096978844428685040e-02
4.131296017798664899e-02
4.167037010029751160e-02
4.202489896734774855e-02
4.236395196658236662e-02
4.267877818065008572e-02
4.296380581038265062e-02
4.321604196256287334e-02
4.343445302334382474e-02
4.361944957006576307e-02
4.377240808974698638e-02
4.389534539427028537e-02
4.399069527094368048e-02
4.406120890820539038e-02
4.410984618716830979e-02
4.413970125384376886e-02
4.415388665191501832e-02
4.415541408686442931e-02
4.414710064436516007e-02
4.413149211698164792e-02
4.413149211698164792e-02
4.413149211698164792e-02
4.413149211698164792e-02
4.413149211698164792e-02
4.413149211698164792e-02
4.413149211698164792e-02
4.413149211698164792e-02
4.413149211698164792e-02
4.413149211698164792e-02
4.413149211698164792e-02
4.413149211698164792e-02
4.413149211698164792e-02
4.413149211698164792e-02
4.413149211698164792e-02
4.413149211698164792e-02
4.413149211698164792e-02
4.413149211698164792e-02
4.413149211698164792e-02
4.413149211698164792e-02
4.413149211698164792e-02
4.413149211698164792e-02
4.413149211698164792e-02
4.413149211698164792e-02
4.413149211698164792e-02
4.413149211698164792e-02
4.413149211698164792e-02
4.413149211698164792e-02
4.413149211698164792e-02
4.413149211698164792e-02
4.413149211698164792e-02
4.413149211698164792e-02
4.413149211698164792e-02
4.413149211698164792e-02
4.413149211698164792e-02
4.413149211698164792e-02
4.413149211698164792e-02
4.413149211698164792e-02
4.413149211698164792e-02
4.413149211698164792e-02
4.413149211698164792e-02
4.413149211698164792e-02
4.413149211698164792e-02
4.413149211698164792e-02
4.413149211698164792e-02
4.413149211698164792e-02
4.413149211698164792e-02
4.413149211698164792e-02
4.413149211698164792e-02
4.413149211698164792e-02
4.413149211698164792e-02
4.413149211698164792e-02
4.413149211698164792e-02
4.413149211698164792e-02
4.413149211698164792e-02
4.413149211698164792e-02
4.413149211698164792e-02
4.413149211698164792e-02
4.413149211698164792e-02
4.413149211698164792e-02
4.413149211698164792e-02
4.413149211698164792e-02
4.413149211698164792e-02
4.413149211698164792e-02
4.414246684124784048e-02
4.414878593873934609e-02
4.414754848856310143e-02
4.413542891244898875e-02
4.410872950114077401e-02
4.406346239811738397e-02
4.399546227516453606e-02
4.390053281048707928e-02
4.377467018118526287e-02
4.361429441980026883e-02
4.341656576551544688e-02
4.317973235219331463e-02
4.290355612089547660e-02
4.258971965381024710e-02
4.224234808508635364e-02
4.186847448809646877e-02
4.147856223476476673e-02
4.108707114492760049e-02
4.071305969294243543e-02
4.038093171876548648e-02
4.012135136274942032e-02
3.997251936612845197e-02
3.998091163136600207e-02
4.020081586877510826e-02
4.070547864147111561e-02
4.162937373117513856e-02
4.325555113425191139e-02
4.614456361060852857e-02
5.130965562900889620e-02
6.050860262101656617e-02
7.682049128930297510e-02
1.057215163959931842e-01
