3.889667467080138441e-01
2.493610568157343388e-01
2.009233489467048550e-01
1.916717313307005899e-01
2.071125534083533282e-01
2.433084589353615712e-01
2.976960762920887182e-01
3.626225372273553793e-01
4.217702250992928503e-01
4.558627152621331780e-01
4.565817358606674148e-01
4.322403471507539896e-01
3.983141558519095460e-01
3.667862479220025396e-01
3.433915517376004423e-01
3.295095671206214050e-01
3.243590444946380380e-01
3.262171212045139046e-01
3.329101312285872583e-01
3.420398916315237070e-01
3.512475205934707523e-01
3.585926088118142063e-01
3.629237782655643230e-01
3.640392830578948469e-01
3.625411188759006254e-01
3.594730076749081960e-01
3.559306225951367475e-01
3.527873683305047248e-01
3.505742445553904352e-01
3.494796879575430837e-01
3.494171606608276748e-01
3.501203521863118229e-01
3.512419517153652082e-01
3.524413328053918049e-01
3.534504102112245860e-01
3.541102528204561062e-01
3.543766206639780147e-01
3.542995821821005586e-01
3.539877840978616907e-01
3.535694883255734999e-01
3.531601418926687552e-01
3.528418167868495603e-01
3.526554565157249965e-01
3.526037726515188209e-01
3.526611162288464385e-01
3.527863865829391488e-01
3.529355834470006559e-01
3.530715931604084257e-01
3.531699612308137892e-01
3.532205215672646337e-01
3.532256363407629829e-01
3.531963177548759214e-01
3.531476191903466511e-01
3.530944655612816563e-01
3.530486759767742511e-01
3.530174648307044527e-01
3.530033091674733003e-01
3.530048086982713884e-01
3.530180582054251448e-01
3.530380808022273720e-01
3.530599929991802832e-01
3.530797386084604250e-01
3.530943903169374010e-01
3.531021378060676397e-01
3.531021378060676397e-01
3.530943903169374010e-01
3.530797386084603140e-01
3.530599929991803942e-01
3.530380808022273720e-01
3.530180582054251448e-01
3.530048086982713884e-01
3.530033091674733003e-01
3.530174648307044527e-01
3.530486759767742511e-01
3.530944655612815453e-01
3.531476191903466511e-01
3.531963177548759214e-01
3.532256363407629829e-01
3.532205215672646337e-01
3.531699612308136782e-01
3.530715931604084257e-01
3.529355834470006559e-01
3.527863865829391488e-01
3.526611162288463830e-01
3.526037726515188209e-01
3.526554565157248855e-01
3.528418167868495603e-01
3.531601418926687552e-01
3.535694883255734444e-01
3.539877840978616907e-01
3.542995821821004476e-01
3.543766206639780147e-01
3.541102528204559952e-01
3.534504102112245860e-01
3.524413328053917493e-01
3.512419517153651527e-01
3.501203521863117674e-01
3.494171606608276748e-01
3.494796879575430282e-01
3.505742445553904352e-01
3.527873683305046693e-01
3.559306225951367475e-01
3.594730076749080849e-01
3.625411188759006254e-01
3.640392830578948469e-01
3.629237782655643230e-01
3.585926088118142063e-01
3.512475205934707523e-01
3.420398916315235960e-01
3.329101312285872583e-01
3.262171212045139046e-01
3.243590444946379270e-01
3.295095671206214050e-01
3.433915517376003868e-01
3.667862479220025396e-01
3.983141558519094905e-01
4.322403471507539896e-01
4.565817358606674148e-01
4.558627152621331780e-01
4.217702250992927393e-01
3.626225372273553793e-01
2.976960762920888293e-01
2.433084589353615712e-01
2.071125534083533282e-01
1.916717313307005899e-01
2.009233489467048550e-01
2.493610568157343388e-01
3.889667467080138441e-01
