1.708024916832492357e-01
1.178720954288760281e-01
9.529543989519624614e-02
8.660342738025293696e-02
8.407360995626335376e-02
8.419419211226018829e-02
8.579302074481633122e-02
8.843064519495673348e-02
9.145930808661784095e-02
9.413678319259786986e-02
9.603815200517697159e-02
9.710261662305888497e-02
9.746683545388638847e-02
9.734222997879779515e-02
9.694632433658881276e-02
9.645901740210911790e-02
9.600618513505330964e-02
9.566026427976724589e-02
9.544881048930500822e-02
9.536595006399792296e-02
9.538452229135511995e-02
9.546752104574997289e-02
9.557761524878335968e-02
9.568388379952860734e-02
9.576550487737116313e-02
9.581269878460316192e-02
9.582551651855737707e-02
9.581102939503527427e-02
9.577985219517828885e-02
9.574294447140935249e-02
9.570931226858919727e-02
9.568477646507116130e-02
9.567174648255219460e-02
9.567174648255216685e-02
9.567174648255216685e-02
9.567174648255216685e-02
9.567174648255219460e-02
9.567174648255216685e-02
9.567174648255216685e-02
9.567174648255216685e-02
9.567174648255219460e-02
9.567174648255216685e-02
9.567174648255216685e-02
9.567174648255216685e-02
9.567174648255219460e-02
9.567174648255216685e-02
9.567174648255216685e-02
9.567174648255216685e-02
9.567174648255219460e-02
9.567174648255216685e-02
9.567174648255216685e-02
9.567174648255216685e-02
9.567174648255219460e-02
9.567174648255216685e-02
9.567174648255216685e-02
9.567174648255216685e-02
9.567174648255219460e-02
9.567174648255216685e-02
9.567174648255216685e-02
9.567174648255216685e-02
9.567174648255219460e-02
9.567174648255216685e-02
9.567174648255216685e-02
9.567174648255216685e-02
9.567174648255219460e-02
9.567174648255216685e-02
9.567174648255216685e-02
9.567174648255216685e-02
9.567174648255219460e-02
9.567174648255216685e-02
9.567174648255216685e-02
9.567174648255216685e-02
9.567174648255219460e-02
9.567174648255216685e-02
9.567174648255216685e-02
9.567174648255216685e-02
9.567174648255219460e-02
9.567174648255216685e-02
9.567174648255216685e-02
9.567174648255216685e-02
9.567174648255219460e-02
9.567174648255216685e-02
9.567174648255216685e-02
9.567174648255216685e-02
9.567174648255219460e-02
9.567174648255216685e-02
9.567174648255216685e-02
9.567174648255216685e-02
9.567174648255219460e-02
9.567174648255216685e-02
9.567174648255216685e-02
9.567174648255216685e-02
9.567174648255219460e-02
9.567174648255216685e-02
9.567174648255216685e-02
9.567174648255216685e-02
9.568100051362102287e-02
9.569977670978638273e-02
9.572714193980953745e-02
9.575871125866658451e-02
9.578650328479995646e-02
9.579981619737815146e-02
9.578734190400901849e-02
9.574045637258248032e-02
9.565725381873944888e-02
9.554638805311416183e-02
9.542947833148113235e-02
9.534056912121810501e-02
9.532176155719400412e-02
9.541494670262672118e-02
9.565058436631541927e-02
9.603488266020811237e-02
9.653677188615754357e-02
9.707588143119828816e-02
9.751396643772512751e-02
9.765525161844611224e-02
9.726573566373315771e-02
9.612285258830612078e-02
9.409218716211438516e-02
9.125627662344582003e-02
8.807614787541033496e-02
8.532704866194192050e-02
8.367534295903046593e-02
8.357131464835057533e-02
8.619119568246784435e-02
9.503364302680954168e-02
1.177958978105591165e-01
1.708688300467378074e-01
