9.365913158242304692e-02
6.962602917355478760e-02
5.684626722945821525e-02
5.023273458064184821e-02
4.671848518342402307e-02
4.455551279087287264e-02
4.292392947379181783e-02
4.158856657147157188e-02
4.053850705257557724e-02
3.976497529281890209e-02
3.921741326458019761e-02
3.883643852407350772e-02
3.857659161696341127e-02
3.840682829455931840e-02
3.830411549457108517e-02
3.825082773757588345e-02
3.823333769440426938e-02
3.824108915744887927e-02
3.826594422647525834e-02
3.830169729141252172e-02
3.834370241122155021e-02
3.838855893393738200e-02
3.843383166040020837e-02
3.847780050733566604e-02
3.851925473111318665e-02
3.855734496588383853e-02
3.859152653688324719e-02
3.862152023034556153e-02
3.864728306334851843e-02
3.866895082315326138e-02
3.868678477504619573e-02
3.870112993921950156e-02
3.871236384807838493e-02
3.871236384807838493e-02
3.871236384807839187e-02
3.871236384807838493e-02
3.871236384807838493e-02
3.871236384807838493e-02
3.871236384807839187e-02
3.871236384807838493e-02
3.871236384807838493e-02
3.871236384807838493e-02
3.871236384807839187e-02
3.871236384807838493e-02
3.871236384807838493e-02
3.871236384807838493e-02
3.871236384807839187e-02
3.871236384807838493e-02
3.871236384807838493e-02
3.871236384807838493e-02
3.871236384807839187e-02
3.871236384807838493e-02
3.871236384807838493e-02
3.871236384807838493e-02
3.871236384807839187e-02
3.871236384807838493e-02
3.871236384807838493e-02
3.871236384807838493e-02
3.871236384807839187e-02
3.871236384807838493e-02
3.871236384807838493e-02
3.871236384807838493e-02
3.871236384807839187e-02
3.871236384807838493e-02
3.871236384807838493e-02
3.871236384807838493e-02
3.871236384807839187e-02
3.871236384807838493e-02
3.871236384807838493e-02
3.871236384807838493e-02
3.871236384807839187e-02
3.871236384807838493e-02
3.871236384807838493e-02
3.871236384807838493e-02
3.871236384807839187e-02
3.871236384807838493e-02
3.871236384807838493e-02
3.871236384807838493e-02
3.871236384807839187e-02
3.871236384807838493e-02
3.871236384807838493e-02
3.871236384807838493e-02
3.871236384807839187e-02
3.871236384807838493e-02
3.871236384807838493e-02
3.871236384807838493e-02
3.871236384807839187e-02
3.871236384807838493e-02
3.871236384807838493e-02
3.871236384807838493e-02
3.871236384807839187e-02
3.871236384807838493e-02
3.871236384807838493e-02
3.871236384807838493e-02
3.871236384807839187e-02
3.871236384807838493e-02
3.870436907270289467e-02
3.869335032001595259e-02
3.867876867961755200e-02
3.866011963781414151e-02
3.863696106103597233e-02
3.860896194451724633e-02
3.857596191453269846e-02
3.853803520406439559e-02
3.849558432231414001e-02
3.844943009504477732e-02
3.840095122243952774e-02
3.835222169484402144e-02
3.830618925710757572e-02
3.826688187045960976e-02
3.823965650745685119e-02
3.823150290943286983e-02
3.825141600211803133e-02
3.831088555066018697e-02
3.842454865441397027e-02
3.861112466157230055e-02
3.889484226143733597e-02
3.930810016777496613e-02
3.989800502086691958e-02
4.072589598409985523e-02
4.184468485562840151e-02
4.326590987651916104e-02
4.500448277469455693e-02
4.730449457632703719e-02
5.100885692222412865e-02
5.791957162693325140e-02
7.121787640622170845e-02
9.621289216604442252e-02
