4.004826155603192217e-01
3.753858572973126084e-01
3.735386063878157747e-01
3.734463272159223579e-01
3.734470482626870425e-01
3.734478405209155638e-01
3.734479395598600537e-01
3.734479459834458837e-01
3.734479459528717848e-01
3.734479458870016422e-01
3.734479458779813577e-01
3.734479458773565796e-01
3.734479458773596328e-01
3.734479458773657390e-01
3.734479458773674043e-01
3.734479458773672933e-01
3.734479458773673488e-01
3.734479458773673488e-01
3.734479458773673488e-01
3.734479458773673488e-01
3.734479458773673488e-01
3.734479458773673488e-01
3.734479458773673488e-01
3.734479458773673488e-01
3.734479458773673488e-01
3.734479458773673488e-01
3.734479458773673488e-01
3.734479458773673488e-01
3.734479458773673488e-01
3.734479458773673488e-01
3.734479458773673488e-01
3.734479458773673488e-01
3.734479458773673488e-01
3.734479458773673488e-01
3.734479458773673488e-01
3.734479458773673488e-01
3.734479458773673488e-01
3.734479458773673488e-01
3.734479458773673488e-01
3.734479458773673488e-01
3.734479458773673488e-01
3.734479458773673488e-01
3.734479458773673488e-01
3.734479458773673488e-01
3.734479458773673488e-01
3.734479458773673488e-01
3.734479458773673488e-01
3.734479458773673488e-01
3.734479458773673488e-01
3.734479458773673488e-01
3.734479458773673488e-01
3.734479458773673488e-01
3.734479458773673488e-01
3.734479458773673488e-01
3.734479458773673488e-01
3.734479458773673488e-01
3.734479458773673488e-01
3.734479458773673488e-01
3.734479458773673488e-01
3.734479458773673488e-01
3.734479458773673488e-01
3.734479458773673488e-01
3.734479458773673488e-01
3.734479458773673488e-01
3.734479458773673488e-01
3.734479458773673488e-01
3.734479458773673488e-01
3.734479458773673488e-01
3.734479458773673488e-01
3.734479458773673488e-01
3.734479458773673488e-01
3.734479458773673488e-01
3.734479458773673488e-01
3.734479458773673488e-01
3.734479458773673488e-01
3.734479458773673488e-01
3.734479458773673488e-01
3.734479458773673488e-01
3.734479458773673488e-01
3.734479458773673488e-01
3.734479458773673488e-01
3.734479458773673488e-01
3.734479458773673488e-01
3.734479458773673488e-01
3.734479458773673488e-01
3.734479458773673488e-01
3.734479458773673488e-01
3.734479458773673488e-01
3.734479458773673488e-01
3.734479458773673488e-01
3.734479458773673488e-01
3.734479458773673488e-01
3.734479458773673488e-01
3.734479458773673488e-01
3.734479458773673488e-01
3.734479458773673488e-01
3.734479458773673488e-01
3.734479458773673488e-01
3.734479458773673488e-01
3.734479458773673488e-01
3.734479458773673488e-01
3.734479458773673488e-01
3.734479458773673488e-01
3.734479458773673488e-01
3.734479458773673488e-01
3.734479458773673488e-01
3.734479458773673488e-01
3.734479458773673488e-01
3.734479458773673488e-01
3.734479458773673488e-01
3.734479458773673488e-01
3.734479458773673488e-01
3.734479458773672933e-01
3.734479458773673488e-01
3.734479458773657390e-01
3.734479458773596328e-01
3.734479458773565796e-01
3.734479458779813577e-01
3.734479458870016422e-01
3.734479459528717293e-01
3.734479459834458837e-01
3.734479395598600537e-01
3.734478405209155638e-01
3.734470482626870425e-01
3.734463272159223579e-01
3.735386063878157747e-01
3.753858572973126084e-01
4.004826155603192217e-01
