1.324341764546331235e-01
1.030238239061298938e-01
9.102328958273234183e-02
8.174339329655760933e-02
7.629860368389125569e-02
7.231078605525302627e-02
6.929006188301829738e-02
6.725387730991388979e-02
6.560833821783244868e-02
6.444698509874510761e-02
6.364374801362265854e-02
6.307011603314413573e-02
6.267414433505387461e-02
6.241259649007439847e-02
6.225180451183195962e-02
6.216560531228331604e-02
6.213363966246797376e-02
6.214008421674994953e-02
6.217271946707331881e-02
6.222220802035266507e-02
6.228153178349028762e-02
6.234552321492969201e-02
6.241050319024597087e-02
6.247394605111953464e-02
6.253398264542878171e-02
6.258924151361805466e-02
6.263888762467727245e-02
6.268252668569816721e-02
6.272009026306089863e-02
6.275176639272776746e-02
6.277790882866421396e-02
6.279898929510456529e-02
6.281554747868296762e-02
6.281554747868296762e-02
6.281554747868296762e-02
6.281554747868296762e-02
6.281554747868296762e-02
6.281554747868296762e-02
6.281554747868296762e-02
6.281554747868296762e-02
6.281554747868296762e-02
6.281554747868296762e-02
6.281554747868296762e-02
6.281554747868296762e-02
6.281554747868296762e-02
6.281554747868296762e-02
6.281554747868296762e-02
6.281554747868296762e-02
6.281554747868296762e-02
6.281554747868296762e-02
6.281554747868296762e-02
6.281554747868296762e-02
6.281554747868296762e-02
6.281554747868296762e-02
6.281554747868296762e-02
6.281554747868296762e-02
6.281554747868296762e-02
6.281554747868296762e-02
6.281554747868296762e-02
6.281554747868296762e-02
6.281554747868296762e-02
6.281554747868296762e-02
6.281554747868296762e-02
6.281554747868296762e-02
6.281554747868296762e-02
6.281554747868296762e-02
6.281554747868296762e-02
6.281554747868296762e-02
6.281554747868296762e-02
6.281554747868296762e-02
6.281554747868296762e-02
6.281554747868296762e-02
6.281554747868296762e-02
6.281554747868296762e-02
6.281554747868296762e-02
6.281554747868296762e-02
6.281554747868296762e-02
6.281554747868296762e-02
6.281554747868296762e-02
6.281554747868296762e-02
6.281554747868296762e-02
6.281554747868296762e-02
6.281554747868296762e-02
6.281554747868296762e-02
6.281554747868296762e-02
6.281554747868296762e-02
6.281554747868296762e-02
6.281554747868296762e-02
6.281554747868296762e-02
6.281554747868296762e-02
6.281554747868296762e-02
6.281554747868296762e-02
6.281554747868296762e-02
6.281554747868296762e-02
6.281554747868296762e-02
6.281554747868296762e-02
6.280371837915546540e-02
6.278747571996537435e-02
6.276604424339109201e-02
6.273870128547096026e-02
6.270482410673702822e-02
6.266395213019235189e-02
6.261589150190439990e-02
6.256079941428624447e-02
6.249931066032052979e-02
6.243269728308430827e-02
6.236305216011063524e-02
6.229351986949900610e-02
6.222854259869319699e-02
6.217417940457185127e-02
6.213848316241372960e-02
6.213194387831999510e-02
6.216805339457653207e-02
6.226401465925327644e-02
6.244168304038837797e-02
6.272883225205690139e-02
6.316088811228827427e-02
6.378305729544005154e-02
6.464950035355766789e-02
6.589199883614742237e-02
6.763980516641131258e-02
6.980244241900469826e-02
7.298597919515686927e-02
7.717742864461946128e-02
8.288897541334641628e-02
9.255649645744354337e-02
1.050662074074168728e-01
1.355895496364427077e-01
