5.948936768873034492e-02
5.005610681290367098e-02
4.430466737333706856e-02
4.106257219075747783e-02
3.925031699436443144e-02
3.809898462636351207e-02
3.720964716084463469e-02
3.646632887915834259e-02
3.587011715299671250e-02
3.542233957299791708e-02
3.509892187126183866e-02
3.486860955304068449e-02
3.470674148303867085e-02
3.459631241261560547e-02
3.452458245474405996e-02
3.448172658317593536e-02
3.446010512788410390e-02
3.445377286147288665e-02
3.445812633594835805e-02
3.446963529089187850e-02
3.448563496804950973e-02
3.450415271865154426e-02
3.452375508100531676e-02
3.454341190572853687e-02
3.456238381438633822e-02
3.458013954921853456e-02
3.459631905064080443e-02
3.461070875276759523e-02
3.462322388853823069e-02
3.463387858146681902e-02
3.464275827672140540e-02
3.464999801778695376e-02
3.465575587536968982e-02
3.465575587536968982e-02
3.465575587536968982e-02
3.465575587536968982e-02
3.465575587536968982e-02
3.465575587536968982e-02
3.465575587536968982e-02
3.465575587536968982e-02
3.465575587536968982e-02
3.465575587536968982e-02
3.465575587536968982e-02
3.465575587536968982e-02
3.465575587536968982e-02
3.465575587536968982e-02
3.465575587536968982e-02
3.465575587536968982e-02
3.465575587536968982e-02
3.465575587536968982e-02
3.465575587536968982e-02
3.465575587536968982e-02
3.465575587536968982e-02
3.465575587536968982e-02
3.465575587536968982e-02
3.465575587536968982e-02
3.465575587536968982e-02
3.465575587536968982e-02
3.465575587536968982e-02
3.465575587536968982e-02
3.465575587536968982e-02
3.465575587536968982e-02
3.465575587536968982e-02
3.465575587536968982e-02
3.465575587536968982e-02
3.465575587536968982e-02
3.465575587536968982e-02
3.465575587536968982e-02
3.465575587536968982e-02
3.465575587536968982e-02
3.465575587536968982e-02
3.465575587536968982e-02
3.465575587536968982e-02
3.465575587536968982e-02
3.465575587536968982e-02
3.465575587536968982e-02
3.465575587536968982e-02
3.465575587536968982e-02
3.465575587536968982e-02
3.465575587536968982e-02
3.465575587536968982e-02
3.465575587536968982e-02
3.465575587536968982e-02
3.465575587536968982e-02
3.465575587536968982e-02
3.465575587536968982e-02
3.465575587536968982e-02
3.465575587536968982e-02
3.465575587536968982e-02
3.465575587536968982e-02
3.465575587536968982e-02
3.465575587536968982e-02
3.465575587536968982e-02
3.465575587536968982e-02
3.465575587536968982e-02
3.465575587536968982e-02
3.465165851031027505e-02
3.464609859607170605e-02
3.463884028044112579e-02
3.462967322881380094e-02
3.461842787349551226e-02
3.460500130917495976e-02
3.458938876081238400e-02
3.457171795853151985e-02
3.455229873820646336e-02
3.453167245630241883e-02
3.451068650074510386e-02
3.449057040434921895e-02
3.447303417947678028e-02
3.446038374102956131e-02
3.445566063980411153e-02
3.446281180441884001e-02
3.448689878013513205e-02
3.453436537154453562e-02
3.461338890416514047e-02
3.473436935587174978e-02
3.491065854122938489e-02
3.515992400046515087e-02
3.550758068815185187e-02
3.598568670568703942e-02
3.661918826180420722e-02
3.740771579587255646e-02
3.835158606021638744e-02
3.956982731157726585e-02
4.146841503637713200e-02
4.483020185351525161e-02
5.075708182439454125e-02
6.044762351281660756e-02
