1.112681780689272620e-01
8.284474132205825458e-02
7.010240823714875003e-02
6.401660863507263599e-02
5.983117890106844083e-02
5.634680654737883598e-02
5.380881318487599346e-02
5.218214575063743338e-02
5.109573622169843315e-02
5.029065292565593204e-02
4.968696164938585236e-02
4.925165638889874437e-02
4.894868180512812472e-02
4.874712039287881077e-02
4.862232029486118073e-02
4.855476448696825070e-02
4.852907011638082913e-02
4.853317915387727471e-02
4.855772231580800929e-02
4.859550210166124762e-02
4.864108635440709399e-02
4.869047825554718295e-02
4.874082915192763654e-02
4.879012102949002033e-02
4.883689077534340145e-02
4.888006783598163041e-02
4.891894524021894036e-02
4.895317388169877909e-02
4.898268296857255510e-02
4.900760924255581630e-02
4.902820792459301052e-02
4.904483449306763082e-02
4.905790087663509935e-02
4.905790087663509935e-02
4.905790087663509935e-02
4.905790087663509935e-02
4.905790087663509935e-02
4.905790087663509935e-02
4.905790087663509935e-02
4.905790087663509935e-02
4.905790087663509935e-02
4.905790087663509935e-02
4.905790087663509935e-02
4.905790087663509935e-02
4.905790087663509935e-02
4.905790087663509935e-02
4.905790087663509935e-02
4.905790087663509935e-02
4.905790087663509935e-02
4.905790087663509935e-02
4.905790087663509935e-02
4.905790087663509935e-02
4.905790087663509935e-02
4.905790087663509935e-02
4.905790087663509935e-02
4.905790087663509935e-02
4.905790087663509935e-02
4.905790087663509935e-02
4.905790087663509935e-02
4.905790087663509935e-02
4.905790087663509935e-02
4.905790087663509935e-02
4.905790087663509935e-02
4.905790087663509935e-02
4.905790087663509935e-02
4.905790087663509935e-02
4.905790087663509935e-02
4.905790087663509935e-02
4.905790087663509935e-02
4.905790087663509935e-02
4.905790087663509935e-02
4.905790087663509935e-02
4.905790087663509935e-02
4.905790087663509935e-02
4.905790087663509935e-02
4.905790087663509935e-02
4.905790087663509935e-02
4.905790087663509935e-02
4.905790087663509935e-02
4.905790087663509935e-02
4.905790087663509935e-02
4.905790087663509935e-02
4.905790087663509935e-02
4.905790087663509935e-02
4.905790087663509935e-02
4.905790087663509935e-02
4.905790087663509935e-02
4.905790087663509935e-02
4.905790087663509935e-02
4.905790087663509935e-02
4.905790087663509935e-02
4.905790087663509935e-02
4.905790087663509935e-02
4.905790087663509935e-02
4.905790087663509935e-02
4.905790087663509935e-02
4.904874121807163700e-02
4.903612566754967511e-02
4.901945473057468805e-02
4.899816457299295547e-02
4.897177853680574622e-02
4.893995323966218031e-02
4.890254425190402460e-02
4.885968488051196934e-02
4.881189648645860996e-02
4.876018869939084677e-02
4.870622191364582659e-02
4.865246806888334080e-02
4.860240810240537557e-02
4.856077816141095987e-02
4.853384200134096965e-02
4.852972918095588284e-02
4.855884181224279228e-02
4.863435901714713294e-02
4.877287997489814647e-02
4.899524435396376831e-02
4.932754970318355831e-02
4.980234648303734357e-02
5.045760489143034239e-02
5.132856636089860175e-02
5.249846413097549597e-02
5.423207450527575690e-02
5.690891850475114644e-02
6.057035359274015596e-02
6.497617753750289937e-02
7.136595650946656044e-02
8.464571282924659990e-02
1.141876641174100759e-01
