6.662172637935413755e-02
5.751328782805492645e-02
5.199140347412568863e-02
4.844576849639734006e-02
4.608034318434188481e-02
4.446042993169611185e-02
4.333062574567375647e-02
4.253241380190316695e-02
4.196325734787070133e-02
4.155473682453625361e-02
4.126011251645259059e-02
4.104689518836206197e-02
4.089220558334188960e-02
4.077977251977679685e-02
4.069794579602487028e-02
4.063833511662362508e-02
4.059487843001147872e-02
4.056318203381238663e-02
4.054005474386424696e-02
4.052317531436847031e-02
4.051085343043316078e-02
4.050185722249272785e-02
4.049528839554293602e-02
4.049049161726821916e-02
4.048698865198561980e-02
4.048443042120552365e-02
4.048256207896748504e-02
4.048119755110154983e-02
4.048020096448697036e-02
4.047947309677657479e-02
4.047894148666530273e-02
4.047855321439722265e-02
4.047826963078327012e-02
4.047806250842993225e-02
4.047791123122396889e-02
4.047780074187577043e-02
4.047772004299507453e-02
4.047766110238359971e-02
4.047761805352176334e-02
4.047758661163987359e-02
4.047756364723792410e-02
4.047754687459777234e-02
4.047753462428080318e-02
4.047752567696588644e-02
4.047751914208839313e-02
4.047751436920074553e-02
4.047751088323231494e-02
4.047750833720444030e-02
4.047750647769485233e-02
4.047750511961378111e-02
4.047750412778133855e-02
4.047750340347253811e-02
4.047750287459073171e-02
4.047750248849151661e-02
4.047750220674270483e-02
4.047750200129895948e-02
4.047750185171025694e-02
4.047750174308633458e-02
4.047750166461458465e-02
4.047750160848374162e-02
4.047750156910637220e-02
4.047750154256272992e-02
4.047750152621057418e-02
4.047750151842214456e-02
4.047750151842214456e-02
4.047750152621057418e-02
4.047750154256272992e-02
4.047750156910637220e-02
4.047750160848373469e-02
4.047750166461458465e-02
4.047750174308633458e-02
4.047750185171025694e-02
4.047750200129895948e-02
4.047750220674270483e-02
4.047750248849151661e-02
4.047750287459073171e-02
4.047750340347254505e-02
4.047750412778134549e-02
4.047750511961378111e-02
4.047750647769485927e-02
4.047750833720444030e-02
4.047751088323231494e-02
4.047751436920074553e-02
4.047751914208838619e-02
4.047752567696589338e-02
4.047753462428081705e-02
4.047754687459777234e-02
4.047756364723792410e-02
4.047758661163986665e-02
4.047761805352176334e-02
4.047766110238359277e-02
4.047772004299506760e-02
4.047780074187576349e-02
4.047791123122396889e-02
4.047806250842992531e-02
4.047826963078327012e-02
4.047855321439722265e-02
4.047894148666529579e-02
4.047947309677657479e-02
4.048020096448697036e-02
4.048119755110154983e-02
4.048256207896748504e-02
4.048443042120552365e-02
4.048698865198561980e-02
4.049049161726821916e-02
4.049528839554292908e-02
4.050185722249272785e-02
4.051085343043316078e-02
4.052317531436847031e-02
4.054005474386424002e-02
4.056318203381238663e-02
4.059487843001147178e-02
4.063833511662362508e-02
4.069794579602486334e-02
4.077977251977679685e-02
4.089220558334188960e-02
4.104689518836206197e-02
4.126011251645259059e-02
4.155473682453625361e-02
4.196325734787069439e-02
4.253241380190316001e-02
4.333062574567375647e-02
4.446042993169609103e-02
4.608034318434187093e-02
4.844576849639734006e-02
5.199140347412568863e-02
5.751328782805492645e-02
6.662172637935413755e-02
