6.368522969778833698e-01
5.918196748155726272e-01
5.625062555382738250e-01
5.453631984865414672e-01
5.344335571194315238e-01
5.254988788547549916e-01
5.173343043236704464e-01
5.102882324278201764e-01
5.046262671237605746e-01
5.001374179538360387e-01
4.964902462296953423e-01
4.934688379695669758e-01
4.909504118383386517e-01
4.888405609536261021e-01
4.870649674896143644e-01
4.855647117254563438e-01
4.842924324878662423e-01
4.832097543855429778e-01
4.822853045731898547e-01
4.814931129890497319e-01
4.808115064679008288e-01
4.802222586277254956e-01
4.797101749970821283e-01
4.792629246064034620e-01
4.788709925415127189e-01
4.785270164597369424e-01
4.782251041895422272e-01
4.779602338323013511e-01
4.777278632922044022e-01
4.775239227132489495e-01
4.773448433509426270e-01
4.771875873955692127e-01
4.770494378077247410e-01
4.770494378077247410e-01
4.770494378077246855e-01
4.770494378077246855e-01
4.770494378077247410e-01
4.770494378077247410e-01
4.770494378077246855e-01
4.770494378077246855e-01
4.770494378077247410e-01
4.770494378077247410e-01
4.770494378077246855e-01
4.770494378077246855e-01
4.770494378077247410e-01
4.770494378077247410e-01
4.770494378077246855e-01
4.770494378077246855e-01
4.770494378077247410e-01
4.770494378077247410e-01
4.770494378077246855e-01
4.770494378077246855e-01
4.770494378077247410e-01
4.770494378077247410e-01
4.770494378077246855e-01
4.770494378077246855e-01
4.770494378077247410e-01
4.770494378077247410e-01
4.770494378077246855e-01
4.770494378077246855e-01
4.770494378077247410e-01
4.770494378077247410e-01
4.770494378077246855e-01
4.770494378077246855e-01
4.770494378077247410e-01
4.770494378077247410e-01
4.770494378077246855e-01
4.770494378077246855e-01
4.770494378077247410e-01
4.770494378077247410e-01
4.770494378077246855e-01
4.770494378077246855e-01
4.770494378077247410e-01
4.770494378077247410e-01
4.770494378077246855e-01
4.770494378077246855e-01
4.770494378077247410e-01
4.770494378077247410e-01
4.770494378077246855e-01
4.770494378077246855e-01
4.770494378077247410e-01
4.770494378077247410e-01
4.770494378077246855e-01
4.770494378077246855e-01
4.770494378077247410e-01
4.770494378077247410e-01
4.770494378077246855e-01
4.770494378077246855e-01
4.770494378077247410e-01
4.770494378077247410e-01
4.770494378077246855e-01
4.770494378077246855e-01
4.770494378077247410e-01
4.770494378077247410e-01
4.770494378077246855e-01
4.770494378077246855e-01
4.771484244848608336e-01
4.772698213110016519e-01
4.774167552837079720e-01
4.775928131603354165e-01
4.778022180821460685e-01
4.780498355344155459e-01
4.783413536742465166e-01
4.786835014001011857e-01
4.790841690762664418e-01
4.795526687437595692e-01
4.801000036695695083e-01
4.807392571980283469e-01
4.814859255816247297e-01
4.823585769932786649e-01
4.833794216241432684e-01
4.845752532885664321e-01
4.859784724934913536e-01
4.876286905837715624e-01
4.895745803511344363e-01
4.918765788461958999e-01
4.946107870046960731e-01
4.978736177175063782e-01
5.017899370913926349e-01
5.065785097709065710e-01
5.125738182793744269e-01
5.199887709802504254e-01
5.285572564004061835e-01
5.379331351037783815e-01
5.493599855139882360e-01
5.671001714215312406e-01
5.971592990541298995e-01
6.430783221806730676e-01
