2.217029287162783358e-01
1.723424188449482475e-01
1.522803262327288298e-01
1.429253353099094181e-01
1.382683147695078496e-01
1.358722698078465574e-01
1.346182484884920760e-01
1.339560095251643990e-01
1.336046185980167555e-01
1.334176974021521744e-01
1.333181304736230088e-01
1.332650565227600503e-01
1.332367548217014419e-01
1.332216598782527406e-01
1.332136080010882240e-01
1.332093127601375881e-01
1.332070214127213936e-01
1.332057990471212650e-01
1.332051469463312876e-01
1.332047990659137593e-01
1.332046134796028847e-01
1.332045144734721465e-01
1.332044616559333594e-01
1.332044334789814211e-01
1.332044184472307713e-01
1.332044104281464858e-01
1.332044061501578835e-01
1.332044038679557341e-01
1.332044026504578538e-01
1.332044020009537366e-01
1.332044016544601250e-01
1.332044014696148748e-01
1.332044013710049768e-01
1.332044013183992515e-01
1.332044012903355612e-01
1.332044012753643702e-01
1.332044012673776756e-01
1.332044012631170005e-01
1.332044012608440686e-01
1.332044012596315108e-01
1.332044012589846671e-01
1.332044012586395820e-01
1.332044012584555071e-01
1.332044012583573078e-01
1.332044012583049053e-01
1.332044012582769554e-01
1.332044012582620507e-01
1.332044012582541126e-01
1.332044012582498382e-01
1.332044012582475623e-01
1.332044012582463965e-01
1.332044012582457304e-01
1.332044012582453973e-01
1.332044012582452308e-01
1.332044012582451198e-01
1.332044012582450643e-01
1.332044012582450365e-01
1.332044012582450088e-01
1.332044012582450365e-01
1.332044012582450088e-01
1.332044012582450088e-01
1.332044012582450088e-01
1.332044012582449810e-01
1.332044012582450088e-01
1.332044012582450088e-01
1.332044012582450088e-01
1.332044012582449810e-01
1.332044012582450088e-01
1.332044012582450088e-01
1.332044012582450088e-01
1.332044012582450365e-01
1.332044012582450365e-01
1.332044012582450643e-01
1.332044012582451198e-01
1.332044012582452308e-01
1.332044012582453973e-01
1.332044012582457304e-01
1.332044012582463965e-01
1.332044012582475623e-01
1.332044012582498382e-01
1.332044012582541126e-01
1.332044012582620507e-01
1.332044012582769832e-01
1.332044012583049053e-01
1.332044012583573078e-01
1.332044012584555071e-01
1.332044012586396098e-01
1.332044012589846671e-01
1.332044012596315108e-01
1.332044012608440686e-01
1.332044012631170005e-01
1.332044012673776756e-01
1.332044012753643702e-01
1.332044012903355612e-01
1.332044013183992237e-01
1.332044013710049768e-01
1.332044014696149303e-01
1.332044016544601250e-01
1.332044020009537366e-01
1.332044026504579093e-01
1.332044038679557341e-01
1.332044061501578835e-01
1.332044104281465413e-01
1.332044184472307713e-01
1.332044334789814211e-01
1.332044616559333039e-01
1.332045144734721465e-01
1.332046134796028569e-01
1.332047990659137315e-01
1.332051469463312876e-01
1.332057990471212650e-01
1.332070214127213936e-01
1.332093127601375881e-01
1.332136080010882240e-01
1.332216598782527128e-01
1.332367548217014419e-01
1.332650565227600226e-01
1.333181304736229811e-01
1.334176974021521467e-01
1.336046185980167278e-01
1.339560095251644545e-01
1.346182484884920760e-01
1.358722698078465574e-01
1.382683147695078496e-01
1.429253353099094181e-01
1.522803262327288021e-01
1.723424188449482197e-01
2.217029287162783358e-01
