1.881288783687196098e-01
1.300680538848150436e-01
1.078533413614206210e-01
9.992247996088844675e-02
9.725271403677465676e-02
9.739313885749743827e-02
9.985362211265678967e-02
1.035083396900315506e-01
1.071089626386841354e-01
1.100791521246565208e-01
1.122058746778526045e-01
1.134107565682468538e-01
1.138072231249662447e-01
1.136346164060951930e-01
1.131476939614498578e-01
1.125583515427955317e-01
1.120147501040162502e-01
1.116017000840096585e-01
1.113508613789585683e-01
1.112543424642312012e-01
1.112790591158814152e-01
1.113803686803144094e-01
1.115135327787128844e-01
1.116416403192724421e-01
1.117398539193537044e-01
1.117965697584351326e-01
1.118119780228802873e-01
1.117946709084086526e-01
1.117573948668875855e-01
1.117132319567274434e-01
1.116729604856299407e-01
1.116435733592337221e-01
1.116279635025518302e-01
1.116279635025518302e-01
1.116279635025518302e-01
1.116279635025518163e-01
1.116279635025518302e-01
1.116279635025518302e-01
1.116279635025518302e-01
1.116279635025518163e-01
1.116279635025518302e-01
1.116279635025518302e-01
1.116279635025518302e-01
1.116279635025518163e-01
1.116279635025518302e-01
1.116279635025518302e-01
1.116279635025518302e-01
1.116279635025518163e-01
1.116279635025518302e-01
1.116279635025518302e-01
1.116279635025518302e-01
1.116279635025518163e-01
1.116279635025518302e-01
1.116279635025518302e-01
1.116279635025518302e-01
1.116279635025518163e-01
1.116279635025518302e-01
1.116279635025518302e-01
1.116279635025518302e-01
1.116279635025518163e-01
1.116279635025518302e-01
1.116279635025518302e-01
1.116279635025518302e-01
1.116279635025518163e-01
1.116279635025518302e-01
1.116279635025518302e-01
1.116279635025518302e-01
1.116279635025518163e-01
1.116279635025518302e-01
1.116279635025518302e-01
1.116279635025518302e-01
1.116279635025518163e-01
1.116279635025518302e-01
1.116279635025518302e-01
1.116279635025518302e-01
1.116279635025518163e-01
1.116279635025518302e-01
1.116279635025518302e-01
1.116279635025518302e-01
1.116279635025518163e-01
1.116279635025518302e-01
1.116279635025518302e-01
1.116279635025518302e-01
1.116279635025518163e-01
1.116279635025518302e-01
1.116279635025518302e-01
1.116279635025518302e-01
1.116279635025518163e-01
1.116279635025518302e-01
1.116279635025518302e-01
1.116279635025518302e-01
1.116279635025518163e-01
1.116279635025518302e-01
1.116279635025518302e-01
1.116279635025518302e-01
1.116279635025518163e-01
1.116390522234530364e-01
1.116615452886521725e-01
1.116943321430656777e-01
1.117321681351569340e-01
1.117654791892527116e-01
1.117814276498153292e-01
1.117664190017796377e-01
1.117100365377809018e-01
1.116098714229072364e-01
1.114761445617492019e-01
1.113346099405618517e-01
1.112259636230979315e-01
1.112006709356921919e-01
1.113091849127365446e-01
1.115885774229966043e-01
1.120473297199711948e-01
1.126497704694880420e-01
1.133017764238234693e-01
1.138404904797808703e-01
1.140350282377206315e-01
1.136107495277807744e-01
1.123144604591635454e-01
1.100346413040832194e-01
1.068736705288373112e-01
1.030885681125665448e-01
9.930462308085148682e-02
9.679487162922202625e-02
9.667900700332135444e-02
9.944324265813556107e-02
1.075394403639442220e-01
1.299691542906669384e-01
1.882103012969743860e-01
