1.334314359838814634e-03
8.526140719612830890e-04
6.347005850095338488e-04
5.183203748217525856e-04
4.496252814038782190e-04
4.063707202038621246e-04
3.779253055137578852e-04
3.586491093484605718e-04
3.453082111022736365e-04
3.359359927355262589e-04
3.292807590708589490e-04
3.245182236313364161e-04
3.210911470249922439e-04
3.186149570245845218e-04
3.168206841621143237e-04
3.155176340230178653e-04
3.145698656395463748e-04
3.138797410130637162e-04
3.133768097564513752e-04
3.130100761630090185e-04
3.127425391302081099e-04
3.125473044478927192e-04
3.124047987396020329e-04
3.123007630830892316e-04
3.122248027880771687e-04
3.121693362846973533e-04
3.121288317308187703e-04
3.120992517462448709e-04
3.120776490832768328e-04
3.120618719651019899e-04
3.120503492180443702e-04
3.120419335210579707e-04
3.120357870163443506e-04
3.120312978136523686e-04
3.120280190342384881e-04
3.120256243043608747e-04
3.120238752562939054e-04
3.120225977957584939e-04
3.120216647702397234e-04
3.120209833113757759e-04
3.120204855906617402e-04
3.120201220678967360e-04
3.120198565601343672e-04
3.120196626402200069e-04
3.120195210063945166e-04
3.120194175611255643e-04
3.120193420079381058e-04
3.120192868265735282e-04
3.120192465244749557e-04
3.120192170900943501e-04
3.120191955936073595e-04
3.120191798952964357e-04
3.120191684325738461e-04
3.120191600644507028e-04
3.120191539579665694e-04
3.120191495052807365e-04
3.120191462631694587e-04
3.120191439089084668e-04
3.120191422081507139e-04
3.120191409915985727e-04
3.120191401381531117e-04
3.120191395628593928e-04
3.120191392084509414e-04
3.120191390396483068e-04
3.120191390396483068e-04
3.120191392084509414e-04
3.120191395628593928e-04
3.120191401381531117e-04
3.120191409915985185e-04
3.120191422081507139e-04
3.120191439089084668e-04
3.120191462631694045e-04
3.120191495052807365e-04
3.120191539579665694e-04
3.120191600644507028e-04
3.120191684325739003e-04
3.120191798952964900e-04
3.120191955936074137e-04
3.120192170900943501e-04
3.120192465244750642e-04
3.120192868265735282e-04
3.120193420079381058e-04
3.120194175611255643e-04
3.120195210063944624e-04
3.120196626402200611e-04
3.120198565601344214e-04
3.120201220678968444e-04
3.120204855906617402e-04
3.120209833113757759e-04
3.120216647702397776e-04
3.120225977957584397e-04
3.120238752562937428e-04
3.120256243043607663e-04
3.120280190342384881e-04
3.120312978136523144e-04
3.120357870163444590e-04
3.120419335210578081e-04
3.120503492180442618e-04
3.120618719651019899e-04
3.120776490832768328e-04
3.120992517462448167e-04
3.121288317308187703e-04
3.121693362846972991e-04
3.122248027880771687e-04
3.123007630830891774e-04
3.124047987396019787e-04
3.125473044478926650e-04
3.127425391302081099e-04
3.130100761630090185e-04
3.133768097564513209e-04
3.138797410130636620e-04
3.145698656395463206e-04
3.155176340230178653e-04
3.168206841621142153e-04
3.186149570245845218e-04
3.210911470249922439e-04
3.245182236313364161e-04
3.292807590708589490e-04
3.359359927355262589e-04
3.453082111022735823e-04
3.586491093484605176e-04
3.779253055137578852e-04
4.063707202038619078e-04
4.496252814038780563e-04
5.183203748217523688e-04
6.347005850095340657e-04
8.526140719612830890e-04
1.334314359838814417e-03
