2.665800324969380686e-01
2.113898016501773169e-01
1.922893931106294252e-01
1.848797747052367824e-01
1.819295102091799676e-01
1.807709544034865612e-01
1.803336155502651417e-01
1.801793629713160927e-01
1.801311581134861506e-01
1.801197802229642653e-01
1.801195499912733311e-01
1.801217077474878414e-01
1.801236992454737229e-01
1.801250445491550112e-01
1.801258423442544110e-01
1.801262812987350082e-01
1.801265108425313954e-01
1.801266263549052560e-01
1.801266826854611980e-01
1.801267094126748070e-01
1.801267217773029616e-01
1.801267273587293660e-01
1.801267298158589769e-01
1.801267308688597746e-01
1.801267313065658127e-01
1.801267314819331999e-01
1.801267315489056553e-01
1.801267315727758944e-01
1.801267315803548874e-01
1.801267315822195902e-01
1.801267315823237014e-01
1.801267315820298254e-01
1.801267315817434989e-01
1.801267315815466563e-01
1.801267315814288617e-01
1.801267315813637471e-01
1.801267315813294689e-01
1.801267315813122327e-01
1.801267315813037673e-01
1.801267315812997982e-01
1.801267315812978831e-01
1.801267315812970504e-01
1.801267315812966618e-01
1.801267315812965231e-01
1.801267315812964398e-01
1.801267315812964120e-01
1.801267315812964120e-01
1.801267315812963843e-01
1.801267315812963843e-01
1.801267315812963843e-01
1.801267315812963843e-01
1.801267315812963843e-01
1.801267315812963843e-01
1.801267315812963843e-01
1.801267315812963843e-01
1.801267315812963843e-01
1.801267315812963843e-01
1.801267315812963843e-01
1.801267315812963843e-01
1.801267315812963843e-01
1.801267315812963843e-01
1.801267315812963843e-01
1.801267315812963843e-01
1.801267315812963843e-01
1.801267315812963843e-01
1.801267315812963843e-01
1.801267315812963843e-01
1.801267315812963843e-01
1.801267315812963843e-01
1.801267315812963843e-01
1.801267315812963843e-01
1.801267315812963843e-01
1.801267315812963843e-01
1.801267315812963843e-01
1.801267315812963843e-01
1.801267315812963843e-01
1.801267315812963843e-01
1.801267315812963843e-01
1.801267315812963843e-01
1.801267315812963843e-01
1.801267315812963843e-01
1.801267315812964120e-01
1.801267315812964120e-01
1.801267315812964398e-01
1.801267315812965231e-01
1.801267315812966618e-01
1.801267315812970504e-01
1.801267315812978831e-01
1.801267315812997427e-01
1.801267315813037118e-01
1.801267315813122327e-01
1.801267315813294689e-01
1.801267315813636916e-01
1.801267315814288617e-01
1.801267315815466563e-01
1.801267315817434711e-01
1.801267315820298254e-01
1.801267315823237014e-01
1.801267315822195902e-01
1.801267315803549429e-01
1.801267315727758944e-01
1.801267315489056553e-01
1.801267314819331999e-01
1.801267313065658127e-01
1.801267308688597746e-01
1.801267298158589769e-01
1.801267273587293660e-01
1.801267217773029061e-01
1.801267094126748070e-01
1.801266826854611980e-01
1.801266263549052560e-01
1.801265108425313954e-01
1.801262812987350082e-01
1.801258423442544110e-01
1.801250445491550112e-01
1.801236992454737229e-01
1.801217077474878414e-01
1.801195499912733311e-01
1.801197802229642653e-01
1.801311581134861506e-01
1.801793629713160094e-01
1.803336155502650862e-01
1.807709544034865612e-01
1.819295102091799121e-01
1.848797747052367824e-01
1.922893931106293697e-01
2.113898016501772337e-01
2.665800324969380686e-01
