1.143795091921523122e-01
9.190101227656982674e-02
8.145888623971594966e-02
7.364109705078200618e-02
6.900094643794560390e-02
6.509264734503245053e-02
6.248958482592226193e-02
6.031562936489853755e-02
5.871474521741086583e-02
5.742752263594311235e-02
5.632010078729789149e-02
5.542026597125927073e-02
5.467777294014114498e-02
5.406046416921391623e-02
5.354429187308394622e-02
5.311054011631019534e-02
5.274442847001584167e-02
5.243411705193098959e-02
5.217000308108225154e-02
5.194426900777129874e-02
5.175046549010009489e-02
5.158325481590440853e-02
5.143816168159569269e-02
5.131143337652257358e-02
5.120036790594792442e-02
5.110299475732631158e-02
5.101758643961845641e-02
5.094267576604188941e-02
5.087695227275830512e-02
5.081928444032548370e-02
5.076867507453958206e-02
5.072425774169576906e-02
5.068526856042823020e-02
5.068526856042823714e-02
5.068526856042823020e-02
5.068526856042823020e-02
5.068526856042823020e-02
5.068526856042823714e-02
5.068526856042823020e-02
5.068526856042823020e-02
5.068526856042823020e-02
5.068526856042823714e-02
5.068526856042823020e-02
5.068526856042823020e-02
5.068526856042823020e-02
5.068526856042823714e-02
5.068526856042823020e-02
5.068526856042823020e-02
5.068526856042823020e-02
5.068526856042823714e-02
5.068526856042823020e-02
5.068526856042823020e-02
5.068526856042823020e-02
5.068526856042823714e-02
5.068526856042823020e-02
5.068526856042823020e-02
5.068526856042823020e-02
5.068526856042823714e-02
5.068526856042823020e-02
5.068526856042823020e-02
5.068526856042823020e-02
5.068526856042823714e-02
5.068526856042823020e-02
5.068526856042823020e-02
5.068526856042823020e-02
5.068526856042823714e-02
5.068526856042823020e-02
5.068526856042823020e-02
5.068526856042823020e-02
5.068526856042823714e-02
5.068526856042823020e-02
5.068526856042823020e-02
5.068526856042823020e-02
5.068526856042823714e-02
5.068526856042823020e-02
5.068526856042823020e-02
5.068526856042823020e-02
5.068526856042823714e-02
5.068526856042823020e-02
5.068526856042823020e-02
5.068526856042823020e-02
5.068526856042823714e-02
5.068526856042823020e-02
5.068526856042823020e-02
5.068526856042823020e-02
5.068526856042823714e-02
5.068526856042823020e-02
5.068526856042823020e-02
5.068526856042823020e-02
5.068526856042823714e-02
5.068526856042823020e-02
5.068526856042823020e-02
5.068526856042823020e-02
5.068526856042823714e-02
5.068526856042823020e-02
5.068526856042823020e-02
5.071280180120021908e-02
5.074666895907985892e-02
5.078775243024338110e-02
5.083707846464025765e-02
5.089583310401010752e-02
5.096540658536697493e-02
5.104743975956512608e-02
5.114385872215816697e-02
5.125693958704360259e-02
5.138939533481737959e-02
5.154444403942734509e-02
5.172593187285075278e-02
5.193847928480976872e-02
5.218762834493575337e-02
5.248011657709526767e-02
5.282414895456093856e-02
5.322976356392213060e-02
5.370941417689893693e-02
5.427862569955331506e-02
5.495705375627010086e-02
5.576992377582318944e-02
5.675092371156983256e-02
5.795247205007075103e-02
5.934822993553909992e-02
6.107727252053081479e-02
6.340583560203628954e-02
6.619274984960882291e-02
7.034023977261333327e-02
7.526910254338969875e-02
8.351786366359637004e-02
9.452999068729445176e-02
1.181865789339252432e-01
