4.900856163275391780e-02
4.172546898907530943e-02
3.687860991010531025e-02
3.383445167833717959e-02
3.197855717403620679e-02
3.081682589489549706e-02
3.001183170388433200e-02
2.937929176491044236e-02
2.884629551577289064e-02
2.839383278508357533e-02
2.801494531417818290e-02
2.770005690052192854e-02
2.743726552781754896e-02
2.721696663604523253e-02
2.703157274887562495e-02
2.687497646915403687e-02
2.674223567912271601e-02
2.662932084147152240e-02
2.653291865846559017e-02
2.645028246905213251e-02
2.637912898536134282e-02
2.631755864467225092e-02
2.626400972094357356e-02
2.621721824900052900e-02
2.617618390134621859e-02
2.614012109512852539e-02
2.610840221198667405e-02
2.608051309972083190e-02
2.605600671896418294e-02
2.603448476754919444e-02
2.601559325460045535e-02
2.599900796448154777e-02
2.598444437230365209e-02
2.598444437230364862e-02
2.598444437230365209e-02
2.598444437230364862e-02
2.598444437230365209e-02
2.598444437230364862e-02
2.598444437230365209e-02
2.598444437230364862e-02
2.598444437230365209e-02
2.598444437230364862e-02
2.598444437230365209e-02
2.598444437230364862e-02
2.598444437230365209e-02
2.598444437230364862e-02
2.598444437230365209e-02
2.598444437230364862e-02
2.598444437230365209e-02
2.598444437230364862e-02
2.598444437230365209e-02
2.598444437230364862e-02
2.598444437230365209e-02
2.598444437230364862e-02
2.598444437230365209e-02
2.598444437230364862e-02
2.598444437230365209e-02
2.598444437230364862e-02
2.598444437230365209e-02
2.598444437230364862e-02
2.598444437230365209e-02
2.598444437230364862e-02
2.598444437230365209e-02
2.598444437230364862e-02
2.598444437230365209e-02
2.598444437230364862e-02
2.598444437230365209e-02
2.598444437230364862e-02
2.598444437230365209e-02
2.598444437230364862e-02
2.598444437230365209e-02
2.598444437230364862e-02
2.598444437230365209e-02
2.598444437230364862e-02
2.598444437230365209e-02
2.598444437230364862e-02
2.598444437230365209e-02
2.598444437230364862e-02
2.598444437230365209e-02
2.598444437230364862e-02
2.598444437230365209e-02
2.598444437230364862e-02
2.598444437230365209e-02
2.598444437230364862e-02
2.598444437230365209e-02
2.598444437230364862e-02
2.598444437230365209e-02
2.598444437230364862e-02
2.598444437230365209e-02
2.598444437230364862e-02
2.598444437230365209e-02
2.598444437230364862e-02
2.598444437230365209e-02
2.598444437230364862e-02
2.598444437230365209e-02
2.598444437230364862e-02
2.599459727036930456e-02
2.600711388085938380e-02
2.602231855996696430e-02
2.604058570102280729e-02
2.606235064699561482e-02
2.608811752821821317e-02
2.611848813778876177e-02
2.615416064986009204e-02
2.619596318217670000e-02
2.624487490076920365e-02
2.630205375231593756e-02
2.636887951826665313e-02
2.644699478980343937e-02
2.653836482242559469e-02
2.664535044229407110e-02
2.677080259648771318e-02
2.691817893630085723e-02
2.709169591094010357e-02
2.729652926992819778e-02
2.753907255255354930e-02
2.782725977744797755e-02
2.817112722113431639e-02
2.858314550152410427e-02
2.907352432368503353e-02
2.965000197522090625e-02
3.033276577736966628e-02
3.119703852337254307e-02
3.243197076189241468e-02
3.438422375535152287e-02
3.756320561755502330e-02
4.260523668769519712e-02
5.016879668248661051e-02
