1.501713645814102549e-01
1.082053718843343920e-01
9.040613743306573358e-02
8.232896979741261001e-02
7.710440109617067161e-02
7.309457242320337167e-02
7.048617083648232862e-02
6.907390756099107687e-02
6.835772212863565345e-02
6.804785900604679028e-02
6.803596713791108808e-02
6.824484963227836487e-02
6.860597881765799488e-02
6.906442852611151262e-02
6.957688235056673498e-02
7.010972210765598067e-02
7.063745097957496721e-02
7.114143171210789152e-02
7.160875409058511942e-02
7.203121679721213866e-02
7.240451328248233287e-02
7.272744091387206566e-02
7.300107451597262487e-02
7.322771503551003813e-02
7.341021913236862872e-02
7.355185095200818257e-02
7.365646815335065434e-02
7.372851261455320993e-02
7.377267952212469837e-02
7.379365836559022285e-02
7.379591733526540132e-02
7.378362220775984415e-02
7.376054157734460159e-02
7.376054157734460159e-02
7.376054157734460159e-02
7.376054157734460159e-02
7.376054157734460159e-02
7.376054157734460159e-02
7.376054157734460159e-02
7.376054157734460159e-02
7.376054157734460159e-02
7.376054157734460159e-02
7.376054157734460159e-02
7.376054157734460159e-02
7.376054157734460159e-02
7.376054157734460159e-02
7.376054157734460159e-02
7.376054157734460159e-02
7.376054157734460159e-02
7.376054157734460159e-02
7.376054157734460159e-02
7.376054157734460159e-02
7.376054157734460159e-02
7.376054157734460159e-02
7.376054157734460159e-02
7.376054157734460159e-02
7.376054157734460159e-02
7.376054157734460159e-02
7.376054157734460159e-02
7.376054157734460159e-02
7.376054157734460159e-02
7.376054157734460159e-02
7.376054157734460159e-02
7.376054157734460159e-02
7.376054157734460159e-02
7.376054157734460159e-02
7.376054157734460159e-02
7.376054157734460159e-02
7.376054157734460159e-02
7.376054157734460159e-02
7.376054157734460159e-02
7.376054157734460159e-02
7.376054157734460159e-02
7.376054157734460159e-02
7.376054157734460159e-02
7.376054157734460159e-02
7.376054157734460159e-02
7.376054157734460159e-02
7.376054157734460159e-02
7.376054157734460159e-02
7.376054157734460159e-02
7.376054157734460159e-02
7.376054157734460159e-02
7.376054157734460159e-02
7.376054157734460159e-02
7.376054157734460159e-02
7.376054157734460159e-02
7.376054157734460159e-02
7.376054157734460159e-02
7.376054157734460159e-02
7.376054157734460159e-02
7.376054157734460159e-02
7.376054157734460159e-02
7.376054157734460159e-02
7.376054157734460159e-02
7.376054157734460159e-02
7.377671537641386501e-02
7.378603536448985478e-02
7.378420971606132472e-02
7.376632230366270138e-02
7.372690778984317128e-02
7.366006581623527061e-02
7.355962889803080440e-02
7.341936992893095815e-02
7.323333705715691366e-02
7.299615258999718470e-02
7.270353162787150658e-02
7.235277555490501888e-02
7.194333999185843764e-02
7.147757646915174623e-02
7.096139924250258191e-02
7.040505808831414025e-02
6.982396062209790533e-02
6.923956592617956651e-02
6.868030764895606544e-02
6.818275871609894012e-02
6.779313927447255805e-02
6.756911099761837847e-02
6.758179683279863514e-02
6.791107807576272914e-02
6.866824175559127497e-02
7.014517596535831123e-02
7.284347146416166041e-02
7.697429465012568806e-02
8.236381800378379803e-02
9.067139697577383806e-02
1.088305707225205310e-01
1.514655884063084990e-01
