1.294747410055400172e-01
1.295198579110432568e-01
1.296449903526309955e-01
1.295693883132432722e-01
1.295688969698779169e-01
1.296177899564380231e-01
1.295776826845281005e-01
1.296081129421224054e-01
1.296078738669608210e-01
1.295883067880423956e-01
1.295876599800354911e-01
1.295718544598857824e-01
1.295733273501766813e-01
1.295840887221636761e-01
1.295959168927123817e-01
1.296029192809475539e-01
1.296034076459461892e-01
1.295995133437982394e-01
1.295948298020303258e-01
1.295921474198326595e-01
1.295923437757681429e-01
1.295945461541163635e-01
1.295971083292276338e-01
1.295986693121798927e-01
1.295986023294765366e-01
1.295973184029458880e-01
1.295958001677653959e-01
1.295948922836758777e-01
1.295948870831861166e-01
1.295955256808224709e-01
1.295962844510982481e-01
1.295967229347245453e-01
1.295966926022824039e-01
1.295966926022824317e-01
1.295966926022824317e-01
1.295966926022824039e-01
1.295966926022824039e-01
1.295966926022824317e-01
1.295966926022824317e-01
1.295966926022824039e-01
1.295966926022824039e-01
1.295966926022824317e-01
1.295966926022824317e-01
1.295966926022824039e-01
1.295966926022824039e-01
1.295966926022824317e-01
1.295966926022824317e-01
1.295966926022824039e-01
1.295966926022824039e-01
1.295966926022824317e-01
1.295966926022824317e-01
1.295966926022824039e-01
1.295966926022824039e-01
1.295966926022824317e-01
1.295966926022824317e-01
1.295966926022824039e-01
1.295966926022824039e-01
1.295966926022824317e-01
1.295966926022824317e-01
1.295966926022824039e-01
1.295966926022824039e-01
1.295966926022824317e-01
1.295966926022824317e-01
1.295966926022824039e-01
1.295966926022824039e-01
1.295966926022824317e-01
1.295966926022824317e-01
1.295966926022824039e-01
1.295966926022824039e-01
1.295966926022824317e-01
1.295966926022824317e-01
1.295966926022824039e-01
1.295966926022824039e-01
1.295966926022824317e-01
1.295966926022824317e-01
1.295966926022824039e-01
1.295966926022824039e-01
1.295966926022824317e-01
1.295966926022824317e-01
1.295966926022824039e-01
1.295966926022824039e-01
1.295966926022824317e-01
1.295966926022824317e-01
1.295966926022824039e-01
1.295966926022824039e-01
1.295966926022824317e-01
1.295966926022824317e-01
1.295966926022824039e-01
1.295966926022824039e-01
1.295966926022824317e-01
1.295966926022824317e-01
1.295966926022824039e-01
1.295966926022824039e-01
1.295966926022824317e-01
1.295966926022824317e-01
1.295966926022824039e-01
1.295967079450701664e-01
1.295964465939757615e-01
1.295959473721063904e-01
1.295954915986046174e-01
1.295954920879546501e-01
1.295962100124297411e-01
1.295974697391352737e-01
1.295985822143815025e-01
1.295986399029175062e-01
1.295971054631831765e-01
1.295943900065385512e-01
1.295919765173095262e-01
1.295917675958747350e-01
1.295948373353064953e-01
1.296002402335122705e-01
1.296047626854219814e-01
1.296042543001198477e-01
1.295962655902847815e-01
1.295827570077844049e-01
1.295705811967408361e-01
1.295689974134285882e-01
1.295860580895230041e-01
1.295897831079456664e-01
1.296130193030547162e-01
1.296131296684515932e-01
1.295758557325875637e-01
1.296048129127967130e-01
1.295424043351708632e-01
1.295426473480880969e-01
1.296507212588391411e-01
1.295727178949767355e-01
1.296801633282667621e-01
