9.521058506278790023e-02
8.369132029255144101e-02
7.838210497325663606e-02
7.575392477083192633e-02
7.440555689735880995e-02
7.370089786511251073e-02
7.332905977389525543e-02
7.313183978201066859e-02
7.302695116327896641e-02
7.297108716753139546e-02
7.294131081353807944e-02
7.292543307319013235e-02
7.291696469232630817e-02
7.291244756496423340e-02
7.291003793178800485e-02
7.290875248658296170e-02
7.290806674022164147e-02
7.290770091202677938e-02
7.290750575120406862e-02
7.290740163726248946e-02
7.290734609476887118e-02
7.290731646407611066e-02
7.290730065676401250e-02
7.290729222392208775e-02
7.290728772519597389e-02
7.290728532523163552e-02
7.290728404490832981e-02
7.290728336188719017e-02
7.290728299751246533e-02
7.290728280312781806e-02
7.290728269942864381e-02
7.290728264410786807e-02
7.290728261459573922e-02
7.290728259885180529e-02
7.290728259045285709e-02
7.290728258597226064e-02
7.290728258358199210e-02
7.290728258230684544e-02
7.290728258162659792e-02
7.290728258126369377e-02
7.290728258107009863e-02
7.290728258096683401e-02
7.290728258091175307e-02
7.290728258088235991e-02
7.290728258086666413e-02
7.290728258085829583e-02
7.290728258085385494e-02
7.290728258085146796e-02
7.290728258085019120e-02
7.290728258084952507e-02
7.290728258084916424e-02
7.290728258084896996e-02
7.290728258084885893e-02
7.290728258084881730e-02
7.290728258084877567e-02
7.290728258084876179e-02
7.290728258084874791e-02
7.290728258084874791e-02
7.290728258084874791e-02
7.290728258084874791e-02
7.290728258084874791e-02
7.290728258084874791e-02
7.290728258084874791e-02
7.290728258084874791e-02
7.290728258084874791e-02
7.290728258084874791e-02
7.290728258084874791e-02
7.290728258084874791e-02
7.290728258084874791e-02
7.290728258084874791e-02
7.290728258084874791e-02
7.290728258084874791e-02
7.290728258084876179e-02
7.290728258084877567e-02
7.290728258084881730e-02
7.290728258084885893e-02
7.290728258084896996e-02
7.290728258084916424e-02
7.290728258084952507e-02
7.290728258085019120e-02
7.290728258085146796e-02
7.290728258085385494e-02
7.290728258085832358e-02
7.290728258086667801e-02
7.290728258088235991e-02
7.290728258091175307e-02
7.290728258096684788e-02
7.290728258107009863e-02
7.290728258126369377e-02
7.290728258162659792e-02
7.290728258230684544e-02
7.290728258358199210e-02
7.290728258597226064e-02
7.290728259045285709e-02
7.290728259885179141e-02
7.290728261459573922e-02
7.290728264410786807e-02
7.290728269942864381e-02
7.290728280312781806e-02
7.290728299751246533e-02
7.290728336188719017e-02
7.290728404490832981e-02
7.290728532523163552e-02
7.290728772519597389e-02
7.290729222392210163e-02
7.290730065676401250e-02
7.290731646407611066e-02
7.290734609476887118e-02
7.290740163726248946e-02
7.290750575120406862e-02
7.290770091202677938e-02
7.290806674022164147e-02
7.290875248658296170e-02
7.291003793178800485e-02
7.291244756496423340e-02
7.291696469232628042e-02
7.292543307319013235e-02
7.294131081353806556e-02
7.297108716753138158e-02
7.302695116327898028e-02
7.313183978201066859e-02
7.332905977389525543e-02
7.370089786511251073e-02
7.440555689735880995e-02
7.575392477083192633e-02
7.838210497325662218e-02
8.369132029255142713e-02
9.521058506278790023e-02
