4.068692606978122073e-01
3.865425720793124742e-01
3.851353613980465496e-01
3.850429570914440380e-01
3.850375642377676932e-01
3.850373057469708149e-01
3.850372982867455440e-01
3.850372985785414648e-01
3.850372986523531438e-01
3.850372986603508019e-01
3.850372986610035575e-01
3.850372986610464121e-01
3.850372986610484660e-01
3.850372986610486326e-01
3.850372986610485770e-01
3.850372986610486881e-01
3.850372986610486881e-01
3.850372986610485770e-01
3.850372986610485770e-01
3.850372986610486881e-01
3.850372986610486881e-01
3.850372986610485770e-01
3.850372986610485770e-01
3.850372986610486881e-01
3.850372986610486881e-01
3.850372986610485770e-01
3.850372986610485770e-01
3.850372986610486881e-01
3.850372986610486881e-01
3.850372986610485770e-01
3.850372986610485770e-01
3.850372986610486881e-01
3.850372986610486881e-01
3.850372986610485770e-01
3.850372986610485770e-01
3.850372986610486881e-01
3.850372986610486881e-01
3.850372986610485770e-01
3.850372986610485770e-01
3.850372986610486881e-01
3.850372986610486881e-01
3.850372986610485770e-01
3.850372986610485770e-01
3.850372986610486881e-01
3.850372986610486881e-01
3.850372986610485770e-01
3.850372986610485770e-01
3.850372986610486881e-01
3.850372986610486881e-01
3.850372986610485770e-01
3.850372986610485770e-01
3.850372986610486881e-01
3.850372986610486881e-01
3.850372986610485770e-01
3.850372986610485770e-01
3.850372986610486881e-01
3.850372986610486881e-01
3.850372986610485770e-01
3.850372986610485770e-01
3.850372986610486881e-01
3.850372986610486881e-01
3.850372986610485770e-01
3.850372986610485770e-01
3.850372986610486881e-01
3.850372986610486881e-01
3.850372986610485770e-01
3.850372986610485770e-01
3.850372986610486881e-01
3.850372986610486881e-01
3.850372986610485770e-01
3.850372986610485770e-01
3.850372986610486881e-01
3.850372986610486881e-01
3.850372986610485770e-01
3.850372986610485770e-01
3.850372986610486881e-01
3.850372986610486881e-01
3.850372986610485770e-01
3.850372986610485770e-01
3.850372986610486881e-01
3.850372986610486881e-01
3.850372986610485770e-01
3.850372986610485770e-01
3.850372986610486881e-01
3.850372986610486881e-01
3.850372986610485770e-01
3.850372986610485770e-01
3.850372986610486881e-01
3.850372986610486881e-01
3.850372986610485770e-01
3.850372986610485770e-01
3.850372986610486881e-01
3.850372986610486881e-01
3.850372986610485770e-01
3.850372986610485770e-01
3.850372986610486881e-01
3.850372986610486881e-01
3.850372986610485770e-01
3.850372986610485770e-01
3.850372986610486881e-01
3.850372986610486881e-01
3.850372986610485770e-01
3.850372986610485770e-01
3.850372986610486881e-01
3.850372986610486881e-01
3.850372986610485770e-01
3.850372986610485770e-01
3.850372986610486881e-01
3.850372986610486881e-01
3.850372986610485770e-01
3.850372986610485770e-01
3.850372986610486881e-01
3.850372986610486881e-01
3.850372986610485770e-01
3.850372986610486326e-01
3.850372986610484660e-01
3.850372986610464121e-01
3.850372986610035575e-01
3.850372986603508019e-01
3.850372986523531438e-01
3.850372985785414648e-01
3.850372982867455440e-01
3.850373057469708149e-01
3.850375642377676932e-01
3.850429570914440380e-01
3.851353613980465496e-01
3.865425720793124742e-01
4.068692606978122073e-01
