4.294070032242955359e-01
4.297547125040894755e-01
4.306578910953596240e-01
4.303428287176407907e-01
4.297588643011946430e-01
4.312317704781034045e-01
4.298451790836098629e-01
4.316481822426312398e-01
4.309564253576423365e-01
4.316903324378746909e-01
4.316907810682689139e-01
4.309483882872587879e-01
4.300207327335254237e-01
4.289840608105835451e-01
4.281093473054327081e-01
4.275303754742580953e-01
4.273004241810617332e-01
4.273862152432648109e-01
4.276974633266663606e-01
4.281195835018908324e-01
4.285417264521770853e-01
4.288802118196748392e-01
4.290850717114369495e-01
4.291420125277147224e-01
4.290591346920538118e-01
4.288787169289908774e-01
4.286585580070069734e-01
4.284533537605431652e-01
4.283023084787294654e-01
4.282247398937980565e-01
4.282201670406141636e-01
4.282729727188382962e-01
4.283594100994413956e-01
4.283594100994413956e-01
4.283594100994413956e-01
4.283594100994413956e-01
4.283594100994413956e-01
4.283594100994413956e-01
4.283594100994413956e-01
4.283594100994413956e-01
4.283594100994413956e-01
4.283594100994413956e-01
4.283594100994413956e-01
4.283594100994413956e-01
4.283594100994413956e-01
4.283594100994413956e-01
4.283594100994413956e-01
4.283594100994413956e-01
4.283594100994413956e-01
4.283594100994413956e-01
4.283594100994413956e-01
4.283594100994413956e-01
4.283594100994413956e-01
4.283594100994413956e-01
4.283594100994413956e-01
4.283594100994413956e-01
4.283594100994413956e-01
4.283594100994413956e-01
4.283594100994413956e-01
4.283594100994413956e-01
4.283594100994413956e-01
4.283594100994413956e-01
4.283594100994413956e-01
4.283594100994413956e-01
4.283594100994413956e-01
4.283594100994413956e-01
4.283594100994413956e-01
4.283594100994413956e-01
4.283594100994413956e-01
4.283594100994413956e-01
4.283594100994413956e-01
4.283594100994413956e-01
4.283594100994413956e-01
4.283594100994413956e-01
4.283594100994413956e-01
4.283594100994413956e-01
4.283594100994413956e-01
4.283594100994413956e-01
4.283594100994413956e-01
4.283594100994413956e-01
4.283594100994413956e-01
4.283594100994413956e-01
4.283594100994413956e-01
4.283594100994413956e-01
4.283594100994413956e-01
4.283594100994413956e-01
4.283594100994413956e-01
4.283594100994413956e-01
4.283594100994413956e-01
4.283594100994413956e-01
4.283594100994413956e-01
4.283594100994413956e-01
4.283594100994413956e-01
4.283594100994413956e-01
4.283594100994413956e-01
4.283594100994413956e-01
4.283149203792831483e-01
4.282835534507041797e-01
4.282865523940561081e-01
4.283416063140371155e-01
4.284556840605694417e-01
4.286187918406039188e-01
4.288019442211176147e-01
4.289587278561917127e-01
4.290344075321924633e-01
4.289785480691115649e-01
4.287615037886211566e-01
4.283899533179526542e-01
4.279154857267707945e-01
4.274358461399757614e-01
4.270790858470703832e-01
4.269805028966994209e-01
4.272451623062372694e-01
4.279101712760194354e-01
4.289136025071188518e-01
4.300940774577515224e-01
4.311461868968490263e-01
4.319431887939654824e-01
4.319406124780260092e-01
4.310736932039999081e-01
4.315191409410463197e-01
4.293037852865367321e-01
4.303040965746049995e-01
4.284266921914908210e-01
4.288525496130106696e-01
4.292993672162396801e-01
4.287398383676843117e-01
4.295641443306007501e-01
