3.133706868051760464e-01
2.500313173993294336e-01
2.345971048645437984e-01
2.327884254870545844e-01
2.343626057064466806e-01
2.360347576303681583e-01
2.370721823832875885e-01
2.375673407357213607e-01
2.377535830255754767e-01
2.378018718610857007e-01
2.378023837575773403e-01
2.377927604028154951e-01
2.377848312812048392e-01
2.377803860008860515e-01
2.377784205670018802e-01
2.377777468723913379e-01
2.377776077748126604e-01
2.377776347448740668e-01
2.377776855852595794e-01
2.377777213085402463e-01
2.377777397804759218e-01
2.377777473707702038e-01
2.377777497012282804e-01
2.377777500178658021e-01
2.377777497908162008e-01
2.377777495404176655e-01
2.377777493840596279e-01
2.377777493090037497e-01
2.377777492804921400e-01
2.377777492729166997e-01
2.377777492726852182e-01
2.377777492740719978e-01
2.377777492752473076e-01
2.377777492759146072e-01
2.377777492762127021e-01
2.377777492763163414e-01
2.377777492763386014e-01
2.377777492763351319e-01
2.377777492763277489e-01
2.377777492763224199e-01
2.377777492763196443e-01
2.377777492763184786e-01
2.377777492763181177e-01
2.377777492763180900e-01
2.377777492763181177e-01
2.377777492763181177e-01
2.377777492763181455e-01
2.377777492763181455e-01
2.377777492763181455e-01
2.377777492763181455e-01
2.377777492763181455e-01
2.377777492763181455e-01
2.377777492763181455e-01
2.377777492763181455e-01
2.377777492763181455e-01
2.377777492763181455e-01
2.377777492763181455e-01
2.377777492763181455e-01
2.377777492763181455e-01
2.377777492763181455e-01
2.377777492763181455e-01
2.377777492763181455e-01
2.377777492763181455e-01
2.377777492763181455e-01
2.377777492763181455e-01
2.377777492763181455e-01
2.377777492763181455e-01
2.377777492763181455e-01
2.377777492763181455e-01
2.377777492763181455e-01
2.377777492763181455e-01
2.377777492763181455e-01
2.377777492763181455e-01
2.377777492763181455e-01
2.377777492763181455e-01
2.377777492763181455e-01
2.377777492763181455e-01
2.377777492763181455e-01
2.377777492763181455e-01
2.377777492763181455e-01
2.377777492763181455e-01
2.377777492763181455e-01
2.377777492763181455e-01
2.377777492763181177e-01
2.377777492763181177e-01
2.377777492763181455e-01
2.377777492763184786e-01
2.377777492763196443e-01
2.377777492763224199e-01
2.377777492763277489e-01
2.377777492763351319e-01
2.377777492763386014e-01
2.377777492763163414e-01
2.377777492762127021e-01
2.377777492759146072e-01
2.377777492752473076e-01
2.377777492740719978e-01
2.377777492726852737e-01
2.377777492729166997e-01
2.377777492804921400e-01
2.377777493090037497e-01
2.377777493840596279e-01
2.377777495404176655e-01
2.377777497908162008e-01
2.377777500178658021e-01
2.377777497012281971e-01
2.377777473707702593e-01
2.377777397804759218e-01
2.377777213085402463e-01
2.377776855852594684e-01
2.377776347448740668e-01
2.377776077748126604e-01
2.377777468723913934e-01
2.377784205670019080e-01
2.377803860008860515e-01
2.377848312812049503e-01
2.377927604028154951e-01
2.378023837575773680e-01
2.378018718610857007e-01
2.377535830255754767e-01
2.375673407357213607e-01
2.370721823832876440e-01
2.360347576303681583e-01
2.343626057064466806e-01
2.327884254870545844e-01
2.345971048645438539e-01
2.500313173993294336e-01
3.133706868051761019e-01
