9.959261890903854664e-02
8.286451063201322187e-02
7.742463599508836447e-02
7.686043842866170650e-02
7.818654481832014447e-02
8.042145176720554012e-02
8.220966105669066937e-02
8.292771903832879543e-02
8.292780781374647914e-02
8.261185784149097100e-02
8.227805315123261354e-02
8.210611927105340713e-02
8.212138410904601393e-02
8.224707507858683431e-02
8.237967860445885582e-02
8.245025577968229102e-02
8.244643733468089153e-02
8.239725038064178719e-02
8.234338370752754266e-02
8.231353004418415220e-02
8.231483682987117412e-02
8.233659698569734120e-02
8.236122653560730422e-02
8.237511391149253404e-02
8.237419526670954062e-02
8.236318221566686637e-02
8.235062740528571734e-02
8.234344181370935323e-02
8.234382373163465219e-02
8.234945009208854971e-02
8.235591959727561751e-02
8.235960933395912453e-02
8.235934405358488752e-02
8.235934405358487365e-02
8.235934405358487365e-02
8.235934405358487365e-02
8.235934405358488752e-02
8.235934405358487365e-02
8.235934405358487365e-02
8.235934405358487365e-02
8.235934405358488752e-02
8.235934405358487365e-02
8.235934405358487365e-02
8.235934405358487365e-02
8.235934405358488752e-02
8.235934405358487365e-02
8.235934405358487365e-02
8.235934405358487365e-02
8.235934405358488752e-02
8.235934405358487365e-02
8.235934405358487365e-02
8.235934405358487365e-02
8.235934405358488752e-02
8.235934405358487365e-02
8.235934405358487365e-02
8.235934405358487365e-02
8.235934405358488752e-02
8.235934405358487365e-02
8.235934405358487365e-02
8.235934405358487365e-02
8.235934405358488752e-02
8.235934405358487365e-02
8.235934405358487365e-02
8.235934405358487365e-02
8.235934405358488752e-02
8.235934405358487365e-02
8.235934405358487365e-02
8.235934405358487365e-02
8.235934405358488752e-02
8.235934405358487365e-02
8.235934405358487365e-02
8.235934405358487365e-02
8.235934405358488752e-02
8.235934405358487365e-02
8.235934405358487365e-02
8.235934405358487365e-02
8.235934405358488752e-02
8.235934405358487365e-02
8.235934405358487365e-02
8.235934405358487365e-02
8.235934405358488752e-02
8.235934405358487365e-02
8.235934405358487365e-02
8.235934405358487365e-02
8.235934405358488752e-02
8.235934405358487365e-02
8.235934405358487365e-02
8.235934405358487365e-02
8.235934405358488752e-02
8.235934405358487365e-02
8.235934405358487365e-02
8.235934405358487365e-02
8.235934405358488752e-02
8.235934405358487365e-02
8.235934405358487365e-02
8.235934405358487365e-02
8.235952514163254190e-02
8.235671285326981450e-02
8.235146072153709529e-02
8.234663742127043551e-02
8.234627700690601293e-02
8.235293936830204165e-02
8.236500759900657054e-02
8.237594798879079028e-02
8.237693505698974461e-02
8.236246270042998918e-02
8.233619006433916254e-02
8.231263952126061101e-02
8.231135284597188018e-02
8.234453334343157238e-02
8.240447026799486985e-02
8.245935118372355044e-02
8.246405562742765982e-02
8.238665838334315039e-02
8.224138765982305643e-02
8.210456517324907222e-02
8.208898667783977310e-02
8.227629005299792742e-02
8.263708051990502346e-02
8.297794381535505970e-02
8.298063011448816861e-02
8.222765783400382000e-02
8.036867705097887338e-02
7.806206260698191068e-02
7.670002752493351728e-02
7.728381055699380664e-02
8.279463428424700677e-02
9.959990163409195019e-02
