2.536345160667609171e-04
1.754954264431385184e-04
1.296351700780721378e-04
1.006253558911618569e-04
8.122668413966878289e-05
6.768911162874412593e-05
5.791767113095158855e-05
5.067030504478337938e-05
4.517419207173642990e-05
4.092887895344196972e-05
3.759905436500243954e-05
3.495345065455169621e-05
3.282856648448404142e-05
3.110615533060654163e-05
2.969911502168606887e-05
2.854203640885977190e-05
2.758514502465097385e-05
2.678999665908602128e-05
2.612653520719303795e-05
2.557104166520960878e-05
2.510452431254927126e-05
2.471176026562115006e-05
2.438034053777023093e-05
2.410019835878863284e-05
2.386299782341930534e-05
2.366188497013323562e-05
2.349118136252894711e-05
2.334615057919681971e-05
2.322282257871206691e-05
2.311786745298353768e-05
2.302849490806238439e-05
2.295235251798644045e-05
2.288745334546833584e-05
2.283211648045763154e-05
2.278491793025856166e-05
2.274464989620577103e-05
2.271028688166138219e-05
2.268095739283401723e-05
2.265592024017946081e-05
2.263454464075645889e-05
2.261629347349268786e-05
2.260070915934402091e-05
2.258740173396087521e-05
2.257603875712955392e-05
2.256633676506624952e-05
2.255805402176163258e-05
2.255098436644056893e-05
2.254495198769121587e-05
2.253980698239683566e-05
2.253542158041645411e-05
2.253168693491175984e-05
2.252851039402240717e-05
2.252581318282217098e-05
2.252352843560387300e-05
2.252159952719409437e-05
2.251997866270010010e-05
2.251862568947897105e-05
2.251750709670581423e-05
2.251659518238106764e-05
2.251586736532859199e-05
2.251530562501138645e-05
2.251489605387042733e-05
2.251462851226970340e-05
2.251449637699429868e-05
2.251449637699430884e-05
2.251462851226969323e-05
2.251489605387042056e-05
2.251530562501138645e-05
2.251586736532859199e-05
2.251659518238106086e-05
2.251750709670581423e-05
2.251862568947897105e-05
2.251997866270008655e-05
2.252159952719410454e-05
2.252352843560387300e-05
2.252581318282217098e-05
2.252851039402239700e-05
2.253168693491175306e-05
2.253542158041645411e-05
2.253980698239684244e-05
2.254495198769121587e-05
2.255098436644055877e-05
2.255805402176163258e-05
2.256633676506623936e-05
2.257603875712954714e-05
2.258740173396087521e-05
2.260070915934403107e-05
2.261629347349266753e-05
2.263454464075645889e-05
2.265592024017947098e-05
2.268095739283401723e-05
2.271028688166138219e-05
2.274464989620577103e-05
2.278491793025856166e-05
2.283211648045763492e-05
2.288745334546833584e-05
2.295235251798643367e-05
2.302849490806237084e-05
2.311786745298353090e-05
2.322282257871206013e-05
2.334615057919681294e-05
2.349118136252894033e-05
2.366188497013323562e-05
2.386299782341930195e-05
2.410019835878861251e-05
2.438034053777022076e-05
2.471176026562115684e-05
2.510452431254927126e-05
2.557104166520958845e-05
2.612653520719303795e-05
2.678999665908602805e-05
2.758514502465098401e-05
2.854203640885976173e-05
2.969911502168608243e-05
3.110615533060655518e-05
3.282856648448405498e-05
3.495345065455168266e-05
3.759905436500242599e-05
4.092887895344194261e-05
4.517419207173642990e-05
5.067030504478335905e-05
5.791767113095156144e-05
6.768911162874407172e-05
8.122668413966875579e-05
1.006253558911618569e-04
1.296351700780721107e-04
1.754954264431384642e-04
2.536345160667608086e-04
