9.579985193933535093e-02
7.438606776821390931e-02
6.555042815793134248e-02
5.999449933222383846e-02
5.531249106950331812e-02
5.215767808553647272e-02
4.996022798412742827e-02
4.804241719051776521e-02
4.648545157204578282e-02
4.532068535675469467e-02
4.439634558076223370e-02
4.363466078375917434e-02
4.300610405112165885e-02
4.248455338561692857e-02
4.204935596097639922e-02
4.168434304133659951e-02
4.137675500148436936e-02
4.111642468902305947e-02
4.089515800594383660e-02
4.070626466515438885e-02
4.054429647580230778e-02
4.040473515342847544e-02
4.028376743860313108e-02
4.017828267536283082e-02
4.008596681575090498e-02
4.000511332176928669e-02
3.993428951599085897e-02
3.987222226637646139e-02
3.981780164111375919e-02
3.977007608849431053e-02
3.972820093908666084e-02
3.969145474372561683e-02
3.965919895291861869e-02
3.965919895291863256e-02
3.965919895291863256e-02
3.965919895291863256e-02
3.965919895291861869e-02
3.965919895291863256e-02
3.965919895291863256e-02
3.965919895291863256e-02
3.965919895291861869e-02
3.965919895291863256e-02
3.965919895291863256e-02
3.965919895291863256e-02
3.965919895291861869e-02
3.965919895291863256e-02
3.965919895291863256e-02
3.965919895291863256e-02
3.965919895291861869e-02
3.965919895291863256e-02
3.965919895291863256e-02
3.965919895291863256e-02
3.965919895291861869e-02
3.965919895291863256e-02
3.965919895291863256e-02
3.965919895291863256e-02
3.965919895291861869e-02
3.965919895291863256e-02
3.965919895291863256e-02
3.965919895291863256e-02
3.965919895291861869e-02
3.965919895291863256e-02
3.965919895291863256e-02
3.965919895291863256e-02
3.965919895291861869e-02
3.965919895291863256e-02
3.965919895291863256e-02
3.965919895291863256e-02
3.965919895291861869e-02
3.965919895291863256e-02
3.965919895291863256e-02
3.965919895291863256e-02
3.965919895291861869e-02
3.965919895291863256e-02
3.965919895291863256e-02
3.965919895291863256e-02
3.965919895291861869e-02
3.965919895291863256e-02
3.965919895291863256e-02
3.965919895291863256e-02
3.965919895291861869e-02
3.965919895291863256e-02
3.965919895291863256e-02
3.965919895291863256e-02
3.965919895291861869e-02
3.965919895291863256e-02
3.965919895291863256e-02
3.965919895291863256e-02
3.965919895291861869e-02
3.965919895291863256e-02
3.965919895291863256e-02
3.965919895291863256e-02
3.965919895291861869e-02
3.965919895291863256e-02
3.965919895291863256e-02
3.965919895291863256e-02
3.968221190069160659e-02
3.971047487131487003e-02
3.974471960521566705e-02
3.978580916082015417e-02
3.983473109274719010e-02
3.989265842607347262e-02
3.996095468790544086e-02
4.004124787608992486e-02
4.013543983668928922e-02
4.024581550664370344e-02
4.037508992170199540e-02
4.052650072401881021e-02
4.070394981671491413e-02
4.091213990522260535e-02
4.115679055113558027e-02
4.144489432038549193e-02
4.178505643749077375e-02
4.218795967648759221e-02
4.266699833752044674e-02
4.323915448242541398e-02
4.392612198914720018e-02
4.475537509724469842e-02
4.575807152108262582e-02
4.701487689643273071e-02
4.868214796629351943e-02
5.073064089235495427e-02
5.308179293252988235e-02
5.643616996651044937e-02
6.138724023954759967e-02
6.727273098388128481e-02
7.661139081901735537e-02
9.916013892966503429e-02
