5.270180280045857479e-01
5.268813797458308246e-01
7.273878529088875222e-01
7.276497490047653116e-01
6.374230311743741551e-01
6.372840645230047896e-01
6.702816887533726842e-01
6.703636030968812554e-01
6.571980115641067322e-01
6.571582009123073664e-01
6.622402609437760823e-01
6.622594458445263399e-01
6.602719407714167099e-01
6.602631465235577757e-01
6.610364885252995037e-01
6.610404495735425767e-01
6.607389429850851759e-01
6.607371949481476436e-01
6.608546535815924550e-01
6.608554150620784551e-01
6.608096426263200263e-01
6.608093147093460074e-01
6.608271496329169992e-01
6.608272895837606908e-01
6.608203400125575167e-01
6.608202807383515287e-01
6.608229886620198279e-01
6.608230136066491900e-01
6.608219584489668508e-01
6.608219480091011011e-01
6.608223591556032783e-01
6.608223635041435839e-01
6.608222032992487893e-01
6.608222014954837631e-01
6.608222639198674253e-01
6.608222646653169052e-01
6.608222403414681922e-01
6.608222400343992664e-01
6.608222495122484386e-01
6.608222496383676647e-01
6.608222459453042541e-01
6.608222458936405808e-01
6.608222473326486046e-01
6.608222473537619379e-01
6.608222467930509048e-01
6.608222467844413472e-01
6.608222470029225804e-01
6.608222470064266663e-01
6.608222469212952088e-01
6.608222469198719029e-01
6.608222469530433685e-01
6.608222469536206845e-01
6.608222469406953570e-01
6.608222469404617661e-01
6.608222469454979597e-01
6.608222469455922177e-01
6.608222469436305646e-01
6.608222469435924840e-01
6.608222469443544300e-01
6.608222469443699731e-01
6.608222469440787616e-01
6.608222469440724334e-01
6.608222469441707991e-01
6.608222469441741298e-01
6.608222469441741298e-01
6.608222469441707991e-01
6.608222469440723223e-01
6.608222469440787616e-01
6.608222469443699731e-01
6.608222469443544300e-01
6.608222469435924840e-01
6.608222469436305646e-01
6.608222469455922177e-01
6.608222469454979597e-01
6.608222469404618771e-01
6.608222469406953570e-01
6.608222469536206845e-01
6.608222469530433685e-01
6.608222469198719029e-01
6.608222469212952088e-01
6.608222470064264442e-01
6.608222470029224693e-01
6.608222467844411252e-01
6.608222467930507937e-01
6.608222473537617159e-01
6.608222473326486046e-01
6.608222458936404697e-01
6.608222459453040321e-01
6.608222496383675537e-01
6.608222495122481055e-01
6.608222400343990444e-01
6.608222403414680812e-01
6.608222646653167942e-01
6.608222639198673143e-01
6.608222014954837631e-01
6.608222032992485673e-01
6.608223635041434729e-01
6.608223591556030563e-01
6.608219480091009901e-01
6.608219584489667398e-01
6.608230136066489679e-01
6.608229886620196059e-01
6.608202807383514177e-01
6.608203400125574056e-01
6.608272895837605798e-01
6.608271496329169992e-01
6.608093147093457853e-01
6.608096426263199152e-01
6.608554150620783441e-01
6.608546535815924550e-01
6.607371949481474216e-01
6.607389429850851759e-01
6.610404495735423547e-01
6.610364885252995037e-01
6.602631465235576647e-01
6.602719407714165989e-01
6.622594458445262289e-01
6.622402609437759713e-01
6.571582009123072554e-01
6.571980115641066211e-01
6.703636030968810333e-01
6.702816887533724621e-01
6.372840645230047896e-01
6.374230311743739330e-01
7.276497490047650896e-01
7.273878529088873002e-01
5.268813797458308246e-01
5.270180280045855259e-01
