1.125947840909932718e-01
1.030647209592348706e-01
1.001583884301729399e-01
9.921777260203119841e-02
9.890747091247259482e-02
9.880445793174964797e-02
9.877018865320193186e-02
9.875878038512589385e-02
9.875498168687080192e-02
9.875371670867785778e-02
9.875329545658911856e-02
9.875315517378753516e-02
9.875310845757270806e-02
9.875309290039224752e-02
9.875308771962737486e-02
9.875308599435948798e-02
9.875308541982141808e-02
9.875308522849243764e-02
9.875308516477737664e-02
9.875308514355941869e-02
9.875308513649357078e-02
9.875308513414055023e-02
9.875308513335696869e-02
9.875308513309602465e-02
9.875308513300913582e-02
9.875308513298020063e-02
9.875308513297056945e-02
9.875308513296734980e-02
9.875308513296628121e-02
9.875308513296592039e-02
9.875308513296579549e-02
9.875308513296578161e-02
9.875308513296575386e-02
9.875308513296573998e-02
9.875308513296573998e-02
9.875308513296573998e-02
9.875308513296573998e-02
9.875308513296573998e-02
9.875308513296573998e-02
9.875308513296573998e-02
9.875308513296573998e-02
9.875308513296573998e-02
9.875308513296573998e-02
9.875308513296573998e-02
9.875308513296573998e-02
9.875308513296573998e-02
9.875308513296573998e-02
9.875308513296573998e-02
9.875308513296573998e-02
9.875308513296573998e-02
9.875308513296573998e-02
9.875308513296573998e-02
9.875308513296573998e-02
9.875308513296573998e-02
9.875308513296573998e-02
9.875308513296573998e-02
9.875308513296573998e-02
9.875308513296573998e-02
9.875308513296573998e-02
9.875308513296573998e-02
9.875308513296573998e-02
9.875308513296573998e-02
9.875308513296573998e-02
9.875308513296573998e-02
9.875308513296573998e-02
9.875308513296573998e-02
9.875308513296573998e-02
9.875308513296573998e-02
9.875308513296573998e-02
9.875308513296573998e-02
9.875308513296573998e-02
9.875308513296573998e-02
9.875308513296573998e-02
9.875308513296573998e-02
9.875308513296573998e-02
9.875308513296573998e-02
9.875308513296573998e-02
9.875308513296573998e-02
9.875308513296573998e-02
9.875308513296573998e-02
9.875308513296573998e-02
9.875308513296573998e-02
9.875308513296573998e-02
9.875308513296573998e-02
9.875308513296573998e-02
9.875308513296573998e-02
9.875308513296573998e-02
9.875308513296573998e-02
9.875308513296573998e-02
9.875308513296573998e-02
9.875308513296573998e-02
9.875308513296573998e-02
9.875308513296573998e-02
9.875308513296573998e-02
9.875308513296573998e-02
9.875308513296575386e-02
9.875308513296576773e-02
9.875308513296580937e-02
9.875308513296592039e-02
9.875308513296628121e-02
9.875308513296734980e-02
9.875308513297056945e-02
9.875308513298020063e-02
9.875308513300913582e-02
9.875308513309602465e-02
9.875308513335698257e-02
9.875308513414055023e-02
9.875308513649357078e-02
9.875308514355941869e-02
9.875308516477737664e-02
9.875308522849243764e-02
9.875308541982141808e-02
9.875308599435948798e-02
9.875308771962737486e-02
9.875309290039224752e-02
9.875310845757270806e-02
9.875315517378753516e-02
9.875329545658911856e-02
9.875371670867785778e-02
9.875498168687080192e-02
9.875878038512589385e-02
9.877018865320193186e-02
9.880445793174964797e-02
9.890747091247259482e-02
9.921777260203119841e-02
1.001583884301729260e-01
1.030647209592348706e-01
1.125947840909932718e-01
