2.010562591010960909e-01
1.410441924096072219e-01
1.205718978915413520e-01
1.127323542959880881e-01
1.092419031056970913e-01
1.092626011677559211e-01
1.114267665648382422e-01
1.144298451683117973e-01
1.178494282259818643e-01
1.209932742819442852e-01
1.232536716026450818e-01
1.245338049755301546e-01
1.249902744053624781e-01
1.248670229272665771e-01
1.244178608925580604e-01
1.238545597212216270e-01
1.233265735259753415e-01
1.229207837528475400e-01
1.226710444224411167e-01
1.225716036559747618e-01
1.225912538160596893e-01
1.226868659987352256e-01
1.228148595348569627e-01
1.229391220676454566e-01
1.230351085631503499e-01
1.230910723991416322e-01
1.231068930285853097e-01
1.230907266258483707e-01
1.230548567030859686e-01
1.230120343006625427e-01
1.229728046366575372e-01
1.229440461873567009e-01
1.229286426037191349e-01
1.229286426037191626e-01
1.229286426037191349e-01
1.229286426037191488e-01
1.229286426037191349e-01
1.229286426037191626e-01
1.229286426037191349e-01
1.229286426037191488e-01
1.229286426037191349e-01
1.229286426037191626e-01
1.229286426037191349e-01
1.229286426037191488e-01
1.229286426037191349e-01
1.229286426037191626e-01
1.229286426037191349e-01
1.229286426037191488e-01
1.229286426037191349e-01
1.229286426037191626e-01
1.229286426037191349e-01
1.229286426037191488e-01
1.229286426037191349e-01
1.229286426037191626e-01
1.229286426037191349e-01
1.229286426037191488e-01
1.229286426037191349e-01
1.229286426037191626e-01
1.229286426037191349e-01
1.229286426037191488e-01
1.229286426037191349e-01
1.229286426037191626e-01
1.229286426037191349e-01
1.229286426037191488e-01
1.229286426037191349e-01
1.229286426037191626e-01
1.229286426037191349e-01
1.229286426037191488e-01
1.229286426037191349e-01
1.229286426037191626e-01
1.229286426037191349e-01
1.229286426037191488e-01
1.229286426037191349e-01
1.229286426037191626e-01
1.229286426037191349e-01
1.229286426037191488e-01
1.229286426037191349e-01
1.229286426037191626e-01
1.229286426037191349e-01
1.229286426037191488e-01
1.229286426037191349e-01
1.229286426037191626e-01
1.229286426037191349e-01
1.229286426037191488e-01
1.229286426037191349e-01
1.229286426037191626e-01
1.229286426037191349e-01
1.229286426037191488e-01
1.229286426037191349e-01
1.229286426037191626e-01
1.229286426037191349e-01
1.229286426037191488e-01
1.229286426037191349e-01
1.229286426037191626e-01
1.229286426037191349e-01
1.229286426037191488e-01
1.229396048553040854e-01
1.229616407578103671e-01
1.229935907471059187e-01
1.230302743516972636e-01
1.230623106980100606e-01
1.230771967547699547e-01
1.230617925667074342e-01
1.230061781383470776e-01
1.229083490379756921e-01
1.227786793703168761e-01
1.226426292395732115e-01
1.225401123692864552e-01
1.225203136489728395e-01
1.226319594111276723e-01
1.229100403756561710e-01
1.233606685509396894e-01
1.239456742865500533e-01
1.245686919061169406e-01
1.250656433730054085e-01
1.252062186301147184e-01
1.247176401837290088e-01
1.233434193192009115e-01
1.209299593205976076e-01
1.175992091867526512e-01
1.139991565867022882e-01
1.108606303270604637e-01
1.086395451454370414e-01
1.086520227896753815e-01
1.122493470737171012e-01
1.202713680451882733e-01
1.410037373914445891e-01
2.012973765154335570e-01
