7.545157176559059986e-02
6.177541852613488427e-02
5.374087181118514245e-02
4.959663072478737861e-02
4.801667773185658294e-02
4.802287435110635938e-02
4.889139770917228650e-02
5.011445986115931062e-02
5.136005208032352887e-02
5.241882439319937165e-02
5.317485254487522295e-02
5.360095002887671489e-02
5.374248851587152404e-02
5.368407188707736977e-02
5.351504332783486861e-02
5.330996892898746953e-02
5.312118659129826809e-02
5.297866329930187718e-02
5.289340238391512100e-02
5.286233040500840780e-02
5.287350187497688592e-02
5.291097723053121704e-02
5.295888445299581915e-02
5.300427406153976340e-02
5.303864695693585180e-02
5.305823078796450404e-02
5.306330315761670358e-02
5.305696034047767407e-02
5.304369425211877959e-02
5.302811087142190322e-02
5.301398581260192977e-02
5.300375491278251638e-02
5.299840031735236073e-02
5.299840031735235379e-02
5.299840031735236073e-02
5.299840031735235379e-02
5.299840031735236073e-02
5.299840031735235379e-02
5.299840031735236073e-02
5.299840031735235379e-02
5.299840031735236073e-02
5.299840031735235379e-02
5.299840031735236073e-02
5.299840031735235379e-02
5.299840031735236073e-02
5.299840031735235379e-02
5.299840031735236073e-02
5.299840031735235379e-02
5.299840031735236073e-02
5.299840031735235379e-02
5.299840031735236073e-02
5.299840031735235379e-02
5.299840031735236073e-02
5.299840031735235379e-02
5.299840031735236073e-02
5.299840031735235379e-02
5.299840031735236073e-02
5.299840031735235379e-02
5.299840031735236073e-02
5.299840031735235379e-02
5.299840031735236073e-02
5.299840031735235379e-02
5.299840031735236073e-02
5.299840031735235379e-02
5.299840031735236073e-02
5.299840031735235379e-02
5.299840031735236073e-02
5.299840031735235379e-02
5.299840031735236073e-02
5.299840031735235379e-02
5.299840031735236073e-02
5.299840031735235379e-02
5.299840031735236073e-02
5.299840031735235379e-02
5.299840031735236073e-02
5.299840031735235379e-02
5.299840031735236073e-02
5.299840031735235379e-02
5.299840031735236073e-02
5.299840031735235379e-02
5.299840031735236073e-02
5.299840031735235379e-02
5.299840031735236073e-02
5.299840031735235379e-02
5.299840031735236073e-02
5.299840031735235379e-02
5.299840031735236073e-02
5.299840031735235379e-02
5.299840031735236073e-02
5.299840031735235379e-02
5.299840031735236073e-02
5.299840031735235379e-02
5.299840031735236073e-02
5.299840031735235379e-02
5.299840031735236073e-02
5.299840031735235379e-02
5.300226969968957480e-02
5.301021368846163540e-02
5.302185691712569399e-02
5.303536174960839927e-02
5.304735291574214084e-02
5.305327991881853000e-02
5.304829680931181374e-02
5.302863997149695474e-02
5.299331677871101098e-02
5.294573700046093651e-02
5.289475665519968034e-02
5.285453959758704134e-02
5.284282616249091208e-02
5.287754131644045730e-02
5.297205474347296134e-02
5.312967427596772263e-02
5.333800505849087964e-02
5.356386773338930180e-02
5.374991130445086474e-02
5.381523815360415158e-02
5.366405047601750106e-02
5.320738679901354518e-02
5.240056626953867869e-02
5.127844299230127634e-02
4.997067274495943512e-02
4.870188770715053878e-02
4.781496265906928084e-02
4.781970288828829574e-02
4.943332391448443386e-02
5.362273989166042171e-02
6.169945081797744563e-02
7.538798152941514341e-02
