1.685343963994732075e-01
1.669098171197290759e-01
1.659704929935404416e-01
1.653914919859796051e-01
1.648652626425275158e-01
1.644005221181936705e-01
1.640616387509655494e-01
1.638040887659425460e-01
1.635758970973558435e-01
1.633755613653912753e-01
1.632093629153146264e-01
1.630719046119868398e-01
1.629567312565728399e-01
1.628596620513002580e-01
1.627775262898349951e-01
1.627077973473469719e-01
1.626484250285393784e-01
1.625977232787608751e-01
1.625542915251682041e-01
1.625169691757219204e-01
1.624847830376539015e-01
1.624569065182030481e-01
1.624326324197215010e-01
1.624113820207034875e-01
1.623927180577613705e-01
1.623763178512107885e-01
1.623619123037030598e-01
1.623492610987301854e-01
1.623381450380128599e-01
1.623283792955518556e-01
1.623198000740488922e-01
1.623122626753251696e-01
1.623056414765436939e-01
1.623056414765436939e-01
1.623056414765436939e-01
1.623056414765436939e-01
1.623056414765436939e-01
1.623056414765436939e-01
1.623056414765436939e-01
1.623056414765436939e-01
1.623056414765436939e-01
1.623056414765436939e-01
1.623056414765436939e-01
1.623056414765436939e-01
1.623056414765436939e-01
1.623056414765436939e-01
1.623056414765436939e-01
1.623056414765436939e-01
1.623056414765436939e-01
1.623056414765436939e-01
1.623056414765436939e-01
1.623056414765436939e-01
1.623056414765436939e-01
1.623056414765436939e-01
1.623056414765436939e-01
1.623056414765436939e-01
1.623056414765436939e-01
1.623056414765436939e-01
1.623056414765436939e-01
1.623056414765436939e-01
1.623056414765436939e-01
1.623056414765436939e-01
1.623056414765436939e-01
1.623056414765436939e-01
1.623056414765436939e-01
1.623056414765436939e-01
1.623056414765436939e-01
1.623056414765436939e-01
1.623056414765436939e-01
1.623056414765436939e-01
1.623056414765436939e-01
1.623056414765436939e-01
1.623056414765436939e-01
1.623056414765436939e-01
1.623056414765436939e-01
1.623056414765436939e-01
1.623056414765436939e-01
1.623056414765436939e-01
1.623056414765436939e-01
1.623056414765436939e-01
1.623056414765436939e-01
1.623056414765436939e-01
1.623056414765436939e-01
1.623056414765436939e-01
1.623056414765436939e-01
1.623056414765436939e-01
1.623056414765436939e-01
1.623056414765436939e-01
1.623056414765436939e-01
1.623056414765436939e-01
1.623056414765436939e-01
1.623056414765436939e-01
1.623056414765436939e-01
1.623056414765436939e-01
1.623056414765436939e-01
1.623056414765436939e-01
1.623103613659299393e-01
1.623161529333435049e-01
1.623231645830453540e-01
1.623315676036664046e-01
1.623415580980707706e-01
1.623533665235891987e-01
1.623672596476074537e-01
1.623835520246332820e-01
1.624026098961249553e-01
1.624248646331253876e-01
1.624508262335466191e-01
1.624810930869785008e-01
1.625163732384263537e-01
1.625575058088490343e-01
1.626054882988046957e-01
1.626615118015641293e-01
1.627270023051936021e-01
1.628036797245515921e-01
1.628936292074302239e-01
1.629994137802027732e-01
1.631242329214033782e-01
1.632722873799916097e-01
1.634500470237907344e-01
1.636628788323700734e-01
1.639044797109459051e-01
1.641764235617012568e-01
1.645306704382382135e-01
1.650112666432099473e-01
1.655532946931201899e-01
1.661481949243701628e-01
1.671032302561648031e-01
1.687545145178347417e-01
