3.197299007882192096e-02
2.789021092249115499e-02
2.473593555391363774e-02
2.233435218405013106e-02
2.052484416565251643e-02
1.917025119395670413e-02
1.815816434744711022e-02
1.739921802147439273e-02
1.682442770408894284e-02
1.638229448255876242e-02
1.603573982786286184e-02
1.575909498454383662e-02
1.553464156840457001e-02
1.535048955152758937e-02
1.519812539759779653e-02
1.507118864289071561e-02
1.496480968042487869e-02
1.487518955208504828e-02
1.479932271477675705e-02
1.473480887706599303e-02
1.467970723939563196e-02
1.463244452326168364e-02
1.459174205721378362e-02
1.455655293757755070e-02
1.452602413928274008e-02
1.449945717415617244e-02
1.447627874845138288e-02
1.445601556678923622e-02
1.443827321557910812e-02
1.442272128310721248e-02
1.440908059430343405e-02
1.439711107176988060e-02
1.438660545887293640e-02
1.438660545887293640e-02
1.438660545887293640e-02
1.438660545887293640e-02
1.438660545887293640e-02
1.438660545887293640e-02
1.438660545887293640e-02
1.438660545887293640e-02
1.438660545887293640e-02
1.438660545887293640e-02
1.438660545887293640e-02
1.438660545887293640e-02
1.438660545887293640e-02
1.438660545887293640e-02
1.438660545887293640e-02
1.438660545887293640e-02
1.438660545887293640e-02
1.438660545887293640e-02
1.438660545887293640e-02
1.438660545887293640e-02
1.438660545887293640e-02
1.438660545887293640e-02
1.438660545887293640e-02
1.438660545887293640e-02
1.438660545887293640e-02
1.438660545887293640e-02
1.438660545887293640e-02
1.438660545887293640e-02
1.438660545887293640e-02
1.438660545887293640e-02
1.438660545887293640e-02
1.438660545887293640e-02
1.438660545887293640e-02
1.438660545887293640e-02
1.438660545887293640e-02
1.438660545887293640e-02
1.438660545887293640e-02
1.438660545887293640e-02
1.438660545887293640e-02
1.438660545887293640e-02
1.438660545887293640e-02
1.438660545887293640e-02
1.438660545887293640e-02
1.438660545887293640e-02
1.438660545887293640e-02
1.438660545887293640e-02
1.438660545887293640e-02
1.438660545887293640e-02
1.438660545887293640e-02
1.438660545887293640e-02
1.438660545887293640e-02
1.438660545887293640e-02
1.438660545887293640e-02
1.438660545887293640e-02
1.438660545887293640e-02
1.438660545887293640e-02
1.438660545887293640e-02
1.438660545887293640e-02
1.438660545887293640e-02
1.438660545887293640e-02
1.438660545887293640e-02
1.438660545887293640e-02
1.438660545887293640e-02
1.438660545887293640e-02
1.439453073012914724e-02
1.440416577504631881e-02
1.441576502028165188e-02
1.442962306621506895e-02
1.444608116850015778e-02
1.446553964809426870e-02
1.448846656249129332e-02
1.451541764639651538e-02
1.454705265132625810e-02
1.458415498664504019e-02
1.462766207895897091e-02
1.467870209264287781e-02
1.473863918665386206e-02
1.480912979513833438e-02
1.489220196865271781e-02
1.499036305720054599e-02
1.510673646174920740e-02
1.524526453496804004e-02
1.541099916080935009e-02
1.561052686475696526e-02
1.585265539905234347e-02
1.614965624230048358e-02
1.651979416783839680e-02
1.698948084613817813e-02
1.759688465706034724e-02
1.839507697825109450e-02
1.945530292884874168e-02
2.087011091787283057e-02
2.275623463777518701e-02
2.525647394846646659e-02
2.853831076493783606e-02
3.278500424679712394e-02
