3.547982800655746782e-01
3.082121789744492468e-01
2.993376106336726461e-01
2.976379098014508839e-01
2.973453147123833462e-01
2.973045166617757085e-01
2.973014389849030215e-01
2.973020463545006375e-01
2.973024186761946130e-01
2.973025351959651119e-01
2.973025632052424538e-01
2.973025686291859704e-01
2.973025694067744640e-01
2.973025694465917246e-01
2.973025694231369309e-01
2.973025694115805639e-01
2.973025694080906334e-01
2.973025694072686798e-01
2.973025694071152469e-01
2.973025694070956515e-01
2.973025694070959846e-01
2.973025694070968727e-01
2.973025694070974279e-01
2.973025694070976499e-01
2.973025694070975944e-01
2.973025694070975389e-01
2.973025694070975389e-01
2.973025694070975389e-01
2.973025694070975389e-01
2.973025694070975389e-01
2.973025694070975389e-01
2.973025694070975389e-01
2.973025694070975389e-01
2.973025694070975389e-01
2.973025694070975389e-01
2.973025694070975389e-01
2.973025694070975389e-01
2.973025694070975389e-01
2.973025694070975389e-01
2.973025694070975389e-01
2.973025694070975389e-01
2.973025694070975389e-01
2.973025694070975389e-01
2.973025694070975389e-01
2.973025694070975389e-01
2.973025694070975389e-01
2.973025694070975389e-01
2.973025694070975389e-01
2.973025694070975389e-01
2.973025694070975389e-01
2.973025694070975389e-01
2.973025694070975389e-01
2.973025694070975389e-01
2.973025694070975389e-01
2.973025694070975389e-01
2.973025694070975389e-01
2.973025694070975389e-01
2.973025694070975389e-01
2.973025694070975389e-01
2.973025694070975389e-01
2.973025694070975389e-01
2.973025694070975389e-01
2.973025694070975389e-01
2.973025694070975389e-01
2.973025694070975389e-01
2.973025694070975389e-01
2.973025694070975389e-01
2.973025694070975389e-01
2.973025694070975389e-01
2.973025694070975389e-01
2.973025694070975389e-01
2.973025694070975389e-01
2.973025694070975389e-01
2.973025694070975389e-01
2.973025694070975389e-01
2.973025694070975389e-01
2.973025694070975389e-01
2.973025694070975389e-01
2.973025694070975389e-01
2.973025694070975389e-01
2.973025694070975389e-01
2.973025694070975389e-01
2.973025694070975389e-01
2.973025694070975389e-01
2.973025694070975389e-01
2.973025694070975389e-01
2.973025694070975389e-01
2.973025694070975389e-01
2.973025694070975389e-01
2.973025694070975389e-01
2.973025694070975389e-01
2.973025694070975389e-01
2.973025694070975389e-01
2.973025694070975389e-01
2.973025694070975389e-01
2.973025694070975389e-01
2.973025694070975389e-01
2.973025694070975389e-01
2.973025694070975389e-01
2.973025694070975389e-01
2.973025694070975389e-01
2.973025694070975389e-01
2.973025694070975944e-01
2.973025694070975944e-01
2.973025694070976499e-01
2.973025694070974279e-01
2.973025694070968727e-01
2.973025694070959846e-01
2.973025694070956515e-01
2.973025694071152469e-01
2.973025694072686798e-01
2.973025694080906334e-01
2.973025694115805639e-01
2.973025694231369309e-01
2.973025694465917246e-01
2.973025694067744640e-01
2.973025686291859704e-01
2.973025632052424538e-01
2.973025351959651674e-01
2.973024186761946130e-01
2.973020463545006375e-01
2.973014389849030215e-01
2.973045166617757640e-01
2.973453147123833462e-01
2.976379098014508839e-01
2.993376106336726461e-01
3.082121789744492468e-01
3.547982800655746782e-01
