3.267545851300061033e-01
2.245969600846405290e-01
1.992020966961587647e-01
1.946613217535721474e-01
2.030213162265508409e-01
2.186291253802723766e-01
2.362266235362398825e-01
2.552063403459392532e-01
2.699170363905519232e-01
2.768332943565176008e-01
2.769676223309762708e-01
2.723349743542697321e-01
2.654837579072898968e-01
2.586234433268269628e-01
2.531748920244851764e-01
2.497798404351612156e-01
2.484870916404521290e-01
2.489558078630854931e-01
2.506270766439573916e-01
2.528668798141690544e-01
2.550867196098300371e-01
2.568395144922817619e-01
2.578754938493327264e-01
2.581467859354557581e-01
2.577721772697719183e-01
2.569787393998431702e-01
2.560289893730297028e-01
2.551551415401017153e-01
2.545181830413583701e-01
2.541929525576623328e-01
2.541738252566617673e-01
2.543949197004864438e-01
2.547567842580510389e-01
2.547567842580510389e-01
2.547567842580510389e-01
2.547567842580510389e-01
2.547567842580510389e-01
2.547567842580510389e-01
2.547567842580510389e-01
2.547567842580510389e-01
2.547567842580510389e-01
2.547567842580510389e-01
2.547567842580510389e-01
2.547567842580510389e-01
2.547567842580510389e-01
2.547567842580510389e-01
2.547567842580510389e-01
2.547567842580510389e-01
2.547567842580510389e-01
2.547567842580510389e-01
2.547567842580510389e-01
2.547567842580510389e-01
2.547567842580510389e-01
2.547567842580510389e-01
2.547567842580510389e-01
2.547567842580510389e-01
2.547567842580510389e-01
2.547567842580510389e-01
2.547567842580510389e-01
2.547567842580510389e-01
2.547567842580510389e-01
2.547567842580510389e-01
2.547567842580510389e-01
2.547567842580510389e-01
2.547567842580510389e-01
2.547567842580510389e-01
2.547567842580510389e-01
2.547567842580510389e-01
2.547567842580510389e-01
2.547567842580510389e-01
2.547567842580510389e-01
2.547567842580510389e-01
2.547567842580510389e-01
2.547567842580510389e-01
2.547567842580510389e-01
2.547567842580510389e-01
2.547567842580510389e-01
2.547567842580510389e-01
2.547567842580510389e-01
2.547567842580510389e-01
2.547567842580510389e-01
2.547567842580510389e-01
2.547567842580510389e-01
2.547567842580510389e-01
2.547567842580510389e-01
2.547567842580510389e-01
2.547567842580510389e-01
2.547567842580510389e-01
2.547567842580510389e-01
2.547567842580510389e-01
2.547567842580510389e-01
2.547567842580510389e-01
2.547567842580510389e-01
2.547567842580510389e-01
2.547567842580510389e-01
2.547567842580510389e-01
2.544984921974910996e-01
2.543282319876497555e-01
2.543438996636942506e-01
2.546244010139442904e-01
2.551979529945213598e-01
2.560147276694146323e-01
2.569318173439616992e-01
2.577207767068225852e-01
2.581034871314268897e-01
2.578192921308884444e-01
2.567114376176434787e-01
2.548104354938903748e-01
2.523828810578965798e-01
2.499233768244714105e-01
2.480857772785970972e-01
2.475707252087450405e-01
2.489891670832408976e-01
2.527079260467690047e-01
2.586659736136281418e-01
2.661551902991440288e-01
2.736187357056906744e-01
2.786494992352226419e-01
2.785043185948042344e-01
2.710953585447445358e-01
2.555494401598135124e-01
2.356949992822085505e-01
2.174045840311353839e-01
2.014050207000755432e-01
1.929345528706511992e-01
1.975227493865096551e-01
2.230414523733335874e-01
3.248756375152099807e-01
