3.958269395243968480e-01
3.653445561930405705e-01
3.665303368277709750e-01
3.671501653529481435e-01
3.671399305241063171e-01
3.671239458424304103e-01
3.671241289454296730e-01
3.671246205687827557e-01
3.671246161527193519e-01
3.671245996436531822e-01
3.671245997652105020e-01
3.671246003486873799e-01
3.671246003450545636e-01
3.671246003237267908e-01
3.671246003238410327e-01
3.671246003246397271e-01
3.671246003246358969e-01
3.671246003246052547e-01
3.671246003246060874e-01
3.671246003246074752e-01
3.671246003246075307e-01
3.671246003246072531e-01
3.671246003246073086e-01
3.671246003246073086e-01
3.671246003246073086e-01
3.671246003246073086e-01
3.671246003246073086e-01
3.671246003246073086e-01
3.671246003246073086e-01
3.671246003246073086e-01
3.671246003246073086e-01
3.671246003246073086e-01
3.671246003246073086e-01
3.671246003246073086e-01
3.671246003246073086e-01
3.671246003246073086e-01
3.671246003246073086e-01
3.671246003246073086e-01
3.671246003246073086e-01
3.671246003246073086e-01
3.671246003246073086e-01
3.671246003246073086e-01
3.671246003246073086e-01
3.671246003246073086e-01
3.671246003246073086e-01
3.671246003246073086e-01
3.671246003246073086e-01
3.671246003246073086e-01
3.671246003246073086e-01
3.671246003246073086e-01
3.671246003246073086e-01
3.671246003246073086e-01
3.671246003246073086e-01
3.671246003246073086e-01
3.671246003246073086e-01
3.671246003246073086e-01
3.671246003246073086e-01
3.671246003246073086e-01
3.671246003246073086e-01
3.671246003246073086e-01
3.671246003246073086e-01
3.671246003246073086e-01
3.671246003246073086e-01
3.671246003246073086e-01
3.671246003246073086e-01
3.671246003246073086e-01
3.671246003246073086e-01
3.671246003246073086e-01
3.671246003246073086e-01
3.671246003246073086e-01
3.671246003246073086e-01
3.671246003246073086e-01
3.671246003246073086e-01
3.671246003246073086e-01
3.671246003246073086e-01
3.671246003246073086e-01
3.671246003246073086e-01
3.671246003246073086e-01
3.671246003246073086e-01
3.671246003246073086e-01
3.671246003246073086e-01
3.671246003246073086e-01
3.671246003246073086e-01
3.671246003246073086e-01
3.671246003246073086e-01
3.671246003246073086e-01
3.671246003246073086e-01
3.671246003246073086e-01
3.671246003246073086e-01
3.671246003246073086e-01
3.671246003246073086e-01
3.671246003246073086e-01
3.671246003246073086e-01
3.671246003246073086e-01
3.671246003246073086e-01
3.671246003246073086e-01
3.671246003246073086e-01
3.671246003246073086e-01
3.671246003246073086e-01
3.671246003246073086e-01
3.671246003246073086e-01
3.671246003246073086e-01
3.671246003246073086e-01
3.671246003246073086e-01
3.671246003246073086e-01
3.671246003246073086e-01
3.671246003246072531e-01
3.671246003246075307e-01
3.671246003246074752e-01
3.671246003246060874e-01
3.671246003246053657e-01
3.671246003246358969e-01
3.671246003246397271e-01
3.671246003238410327e-01
3.671246003237267908e-01
3.671246003450545636e-01
3.671246003486873799e-01
3.671245997652105020e-01
3.671245996436531822e-01
3.671246161527193519e-01
3.671246205687827557e-01
3.671241289454296730e-01
3.671239458424303548e-01
3.671399305241063726e-01
3.671501653529481435e-01
3.665303368277709750e-01
3.653445561930405705e-01
3.958269395243968480e-01
