4.021336991312347564e-01
3.061253207015252054e-01
3.061716316711118324e-01
3.391210301864485133e-01
3.727335910234653715e-01
3.891387619745864113e-01
3.891086572814031475e-01
3.825652104551772736e-01
3.769373832706492400e-01
3.744998438335395696e-01
3.745070387062148232e-01
3.754604506535417219e-01
3.763020195877165297e-01
3.766727569642591145e-01
3.766712143258144629e-01
3.765253279156470789e-01
3.763972541078065559e-01
3.763410653543853845e-01
3.763413661092478990e-01
3.763635246595357087e-01
3.763829639086548884e-01
3.763914844136196369e-01
3.763914285894599532e-01
3.763880591823566268e-01
3.763851074814887343e-01
3.763838155370343719e-01
3.763838255539115885e-01
3.763843378135681150e-01
3.763847859786167427e-01
3.763849818749224752e-01
3.763849801200135348e-01
3.763849022381178244e-01
3.763848341914518003e-01
3.763848044880478971e-01
3.763848047900320015e-01
3.763848166307937060e-01
3.763848269625542642e-01
3.763848314664127170e-01
3.763848314151664876e-01
3.763848296149634454e-01
3.763848280462591123e-01
3.763848273633519370e-01
3.763848273719519466e-01
3.763848276456438491e-01
3.763848278838248240e-01
3.763848279873716618e-01
3.763848279859415280e-01
3.763848279443312572e-01
3.763848279081675741e-01
3.763848278924671331e-01
3.763848278927032776e-01
3.763848278990293283e-01
3.763848279045200473e-01
3.763848279069004210e-01
3.763848279068618963e-01
3.763848279059002766e-01
3.763848279050669987e-01
3.763848279047066203e-01
3.763848279047130041e-01
3.763848279048578327e-01
3.763848279049815115e-01
3.763848279050329149e-01
3.763848279050316381e-01
3.763848279050177603e-01
3.763848279050177048e-01
3.763848279050316381e-01
3.763848279050327483e-01
3.763848279049814560e-01
3.763848279048578327e-01
3.763848279047128931e-01
3.763848279047065093e-01
3.763848279050668877e-01
3.763848279059002766e-01
3.763848279068617853e-01
3.763848279069005320e-01
3.763848279045200473e-01
3.763848278990293283e-01
3.763848278927031110e-01
3.763848278924672441e-01
3.763848279081675741e-01
3.763848279443312017e-01
3.763848279859414725e-01
3.763848279873716618e-01
3.763848278838247685e-01
3.763848276456438491e-01
3.763848273719519466e-01
3.763848273633519370e-01
3.763848280462590012e-01
3.763848296149634454e-01
3.763848314151664876e-01
3.763848314664127170e-01
3.763848269625542642e-01
3.763848166307935950e-01
3.763848047900319460e-01
3.763848044880478971e-01
3.763848341914518003e-01
3.763849022381176579e-01
3.763849801200133682e-01
3.763849818749224752e-01
3.763847859786165762e-01
3.763843378135680040e-01
3.763838255539115329e-01
3.763838155370343719e-01
3.763851074814887343e-01
3.763880591823565713e-01
3.763914285894597866e-01
3.763914844136194704e-01
3.763829639086548884e-01
3.763635246595357087e-01
3.763413661092477325e-01
3.763410653543852735e-01
3.763972541078065559e-01
3.765253279156469679e-01
3.766712143258144629e-01
3.766727569642590034e-01
3.763020195877164187e-01
3.754604506535417219e-01
3.745070387062148232e-01
3.744998438335394586e-01
3.769373832706492400e-01
3.825652104551772736e-01
3.891086572814030919e-01
3.891387619745864113e-01
3.727335910234652605e-01
3.391210301864485133e-01
3.061716316711116659e-01
3.061253207015252054e-01
4.021336991312346454e-01
