3.413799103982275152e-01
2.869154206122307982e-01
2.766485509916450924e-01
2.757493625588697816e-01
2.763209002505402911e-01
2.767610737596338244e-01
2.769592146508721986e-01
2.770280145995673293e-01
2.770468805918057664e-01
2.770504510567419199e-01
2.770504786982612710e-01
2.770500991383751388e-01
2.770498707027395091e-01
2.770497771586510338e-01
2.770497469489542341e-01
2.770497393855583801e-01
2.770497382449496060e-01
2.770497384064826707e-01
2.770497386288908737e-01
2.770497387430356229e-01
2.770497387861457494e-01
2.770497387990842886e-01
2.770497388019858009e-01
2.770497388022738483e-01
2.770497388021230245e-01
2.770497388020015106e-01
2.770497388019460550e-01
2.770497388019266261e-01
2.770497388019212970e-01
2.770497388019202423e-01
2.770497388019202423e-01
2.770497388019202978e-01
2.770497388019203533e-01
2.770497388019203533e-01
2.770497388019203533e-01
2.770497388019204088e-01
2.770497388019204088e-01
2.770497388019203533e-01
2.770497388019203533e-01
2.770497388019204088e-01
2.770497388019204088e-01
2.770497388019203533e-01
2.770497388019203533e-01
2.770497388019204088e-01
2.770497388019204088e-01
2.770497388019203533e-01
2.770497388019203533e-01
2.770497388019204088e-01
2.770497388019204088e-01
2.770497388019203533e-01
2.770497388019203533e-01
2.770497388019204088e-01
2.770497388019204088e-01
2.770497388019203533e-01
2.770497388019203533e-01
2.770497388019204088e-01
2.770497388019204088e-01
2.770497388019203533e-01
2.770497388019203533e-01
2.770497388019204088e-01
2.770497388019204088e-01
2.770497388019203533e-01
2.770497388019203533e-01
2.770497388019204088e-01
2.770497388019204088e-01
2.770497388019203533e-01
2.770497388019203533e-01
2.770497388019204088e-01
2.770497388019204088e-01
2.770497388019203533e-01
2.770497388019203533e-01
2.770497388019204088e-01
2.770497388019204088e-01
2.770497388019203533e-01
2.770497388019203533e-01
2.770497388019204088e-01
2.770497388019204088e-01
2.770497388019203533e-01
2.770497388019203533e-01
2.770497388019204088e-01
2.770497388019204088e-01
2.770497388019203533e-01
2.770497388019203533e-01
2.770497388019204088e-01
2.770497388019204088e-01
2.770497388019203533e-01
2.770497388019203533e-01
2.770497388019204088e-01
2.770497388019204088e-01
2.770497388019203533e-01
2.770497388019203533e-01
2.770497388019204088e-01
2.770497388019204088e-01
2.770497388019203533e-01
2.770497388019203533e-01
2.770497388019203533e-01
2.770497388019202978e-01
2.770497388019202423e-01
2.770497388019202423e-01
2.770497388019212970e-01
2.770497388019266261e-01
2.770497388019460550e-01
2.770497388020015106e-01
2.770497388021230245e-01
2.770497388022738483e-01
2.770497388019858009e-01
2.770497387990842886e-01
2.770497387861457494e-01
2.770497387430356229e-01
2.770497386288908737e-01
2.770497384064826707e-01
2.770497382449496060e-01
2.770497393855583801e-01
2.770497469489542341e-01
2.770497771586510338e-01
2.770498707027395091e-01
2.770500991383751388e-01
2.770504786982613266e-01
2.770504510567419754e-01
2.770468805918057664e-01
2.770280145995673293e-01
2.769592146508721986e-01
2.767610737596339354e-01
2.763209002505403467e-01
2.757493625588698372e-01
2.766485509916451480e-01
2.869154206122307982e-01
3.413799103982275152e-01
