3.903923097406025722e-01
3.107329856079236174e-01
3.735350168048934272e-01
4.434709806135998522e-01
4.360352830570518590e-01
4.148244977603685046e-01
4.132841882605961525e-01
4.193205685699652463e-01
4.185186142289225586e-01
4.154048611363159726e-01
4.153271292097899248e-01
4.165127185750551186e-01
4.164465460686594400e-01
4.158663081030182229e-01
4.158669315070286920e-01
4.161225482874105763e-01
4.161153365587457742e-01
4.159915940616424890e-01
4.159927110391855587e-01
4.160507873974954030e-01
4.160497639083330923e-01
4.160214566044780349e-01
4.160217499285499554e-01
4.160354587899429135e-01
4.160352846288317696e-01
4.160285340628792627e-01
4.160285989536345874e-01
4.160319268479022448e-01
4.160318942207996695e-01
4.160302395908699324e-01
4.160302532063974157e-01
4.160310782668296681e-01
4.160310718736431324e-01
4.160306583776272604e-01
4.160306611668084242e-01
4.160308690051904290e-01
4.160308677176113856e-01
4.160307628944532321e-01
4.160307634866650672e-01
4.160308164907912665e-01
4.160308161996754683e-01
4.160307893254244216e-01
4.160307894767422687e-01
4.160308031370933968e-01
4.160308030532364754e-01
4.160307960909625513e-01
4.160307961385103503e-01
4.160307996965084132e-01
4.160307996700160493e-01
4.160307978470483281e-01
4.160307978609796842e-01
4.160307987970759958e-01
4.160307987903846261e-01
4.160307983088409323e-01
4.160307983117093600e-01
4.160307985599275837e-01
4.160307985588384549e-01
4.160307984302071271e-01
4.160307984305939843e-01
4.160307984985597285e-01
4.160307984984122354e-01
4.160307984599870834e-01
4.160307984600468134e-01
4.160307984864731745e-01
4.160307984864732300e-01
4.160307984600468134e-01
4.160307984599870834e-01
4.160307984984122909e-01
4.160307984985597285e-01
4.160307984305938733e-01
4.160307984302071271e-01
4.160307985588384549e-01
4.160307985599275282e-01
4.160307983117093600e-01
4.160307983088409323e-01
4.160307987903845706e-01
4.160307987970759958e-01
4.160307978609797397e-01
4.160307978470483836e-01
4.160307996700161048e-01
4.160307996965084132e-01
4.160307961385103503e-01
4.160307960909625513e-01
4.160308030532364754e-01
4.160308031370934523e-01
4.160307894767422687e-01
4.160307893254244216e-01
4.160308161996754683e-01
4.160308164907910999e-01
4.160307634866651227e-01
4.160307628944532321e-01
4.160308677176113856e-01
4.160308690051904845e-01
4.160306611668084242e-01
4.160306583776272604e-01
4.160310718736431879e-01
4.160310782668296126e-01
4.160302532063973602e-01
4.160302395908698769e-01
4.160318942207996695e-01
4.160319268479022448e-01
4.160285989536346429e-01
4.160285340628792627e-01
4.160352846288318251e-01
4.160354587899429135e-01
4.160217499285498999e-01
4.160214566044780349e-01
4.160497639083330923e-01
4.160507873974953474e-01
4.159927110391854477e-01
4.159915940616424335e-01
4.161153365587457742e-01
4.161225482874105763e-01
4.158669315070286920e-01
4.158663081030182229e-01
4.164465460686594400e-01
4.165127185750551186e-01
4.153271292097898137e-01
4.154048611363159726e-01
4.185186142289225586e-01
4.193205685699653018e-01
4.132841882605960970e-01
4.148244977603685046e-01
4.360352830570518590e-01
4.434709806135997967e-01
3.735350168048933162e-01
3.107329856079236174e-01
3.903923097406025722e-01
