2.062451179299077120e-01
1.455716598667225747e-01
1.255968166857162338e-01
1.172158710570660178e-01
1.133576374292245281e-01
1.134142655834156077e-01
1.155807824093222358e-01
1.189476129482867905e-01
1.228660565342735017e-01
1.262733626711234070e-01
1.286761571677144111e-01
1.300430612517212148e-01
1.305275702273611393e-01
1.303906072281600104e-01
1.299050249608817154e-01
1.292980971699666526e-01
1.287298324860948751e-01
1.282930644148085331e-01
1.280238679637608901e-01
1.279159269068348981e-01
1.279357729244070541e-01
1.280372097355821359e-01
1.281735494590998392e-01
1.283061223486328117e-01
1.284086638739131148e-01
1.284685892222107717e-01
1.284857405993866664e-01
1.284687901817399003e-01
1.284307989142563500e-01
1.283853335294397879e-01
1.283436289145427067e-01
1.283130062011618444e-01
1.282965486898938468e-01
1.282965486898938190e-01
1.282965486898938468e-01
1.282965486898938468e-01
1.282965486898938468e-01
1.282965486898938190e-01
1.282965486898938468e-01
1.282965486898938468e-01
1.282965486898938468e-01
1.282965486898938190e-01
1.282965486898938468e-01
1.282965486898938468e-01
1.282965486898938468e-01
1.282965486898938190e-01
1.282965486898938468e-01
1.282965486898938468e-01
1.282965486898938468e-01
1.282965486898938190e-01
1.282965486898938468e-01
1.282965486898938468e-01
1.282965486898938468e-01
1.282965486898938190e-01
1.282965486898938468e-01
1.282965486898938468e-01
1.282965486898938468e-01
1.282965486898938190e-01
1.282965486898938468e-01
1.282965486898938468e-01
1.282965486898938468e-01
1.282965486898938190e-01
1.282965486898938468e-01
1.282965486898938468e-01
1.282965486898938468e-01
1.282965486898938190e-01
1.282965486898938468e-01
1.282965486898938468e-01
1.282965486898938468e-01
1.282965486898938190e-01
1.282965486898938468e-01
1.282965486898938468e-01
1.282965486898938468e-01
1.282965486898938190e-01
1.282965486898938468e-01
1.282965486898938468e-01
1.282965486898938468e-01
1.282965486898938190e-01
1.282965486898938468e-01
1.282965486898938468e-01
1.282965486898938468e-01
1.282965486898938190e-01
1.282965486898938468e-01
1.282965486898938468e-01
1.282965486898938468e-01
1.282965486898938190e-01
1.282965486898938468e-01
1.282965486898938468e-01
1.282965486898938468e-01
1.282965486898938190e-01
1.282965486898938468e-01
1.282965486898938468e-01
1.282965486898938468e-01
1.282965486898938190e-01
1.282965486898938468e-01
1.282965486898938468e-01
1.283083103785278567e-01
1.283318641353217160e-01
1.283659427166065348e-01
1.284049982956120273e-01
1.284390081462148114e-01
1.284546463481233414e-01
1.284379229880558693e-01
1.283783029429861888e-01
1.282737042007522366e-01
1.281352931413269614e-01
1.279903741672819562e-01
1.278816601911526296e-01
1.278617841247717546e-01
1.279828693536188278e-01
1.282823858091158287e-01
1.287669892628870438e-01
1.293960547651361037e-01
1.300667077330522059e-01
1.306034100334943771e-01
1.307591960478468318e-01
1.302410147164669019e-01
1.287745359806624357e-01
1.262095154552235199e-01
1.226042447819554182e-01
1.184978181562662547e-01
1.149935944841222607e-01
1.127663991840903157e-01
1.127414663374484288e-01
1.167087191947091956e-01
1.252709928638519321e-01
1.455076489838257880e-01
2.064639029823975847e-01
