6.277907610170089248e-01
6.275229125080354908e-01
7.709872814788990558e-01
7.703323244470133835e-01
8.931091327201392538e-01
8.924890968589080931e-01
9.298154647073253454e-01
9.292808831773891054e-01
9.430314501919160319e-01
9.424971098343425391e-01
9.613131134781899290e-01
9.608341640341138135e-01
9.696567216980646053e-01
9.692407755140611814e-01
9.801690254766385335e-01
9.798201324448019278e-01
9.832139008190267093e-01
9.829205071287830942e-01
9.897784427470387447e-01
9.895364829019176467e-01
9.901030165049740095e-01
9.899000223060702153e-01
9.946280338150892408e-01
9.944589221059740858e-01
9.936192798861048781e-01
9.934756574145946484e-01
9.972519322833671707e-01
9.971322663669011099e-01
9.956816128275572941e-01
9.955812900278235844e-01
9.988545265857761146e-01
9.987722956519626827e-01
9.969307198837104034e-01
9.969307198837104034e-01
9.969307198837104034e-01
9.969307198837104034e-01
9.969307198837104034e-01
9.969307198837104034e-01
9.969307198837104034e-01
9.969307198837104034e-01
9.969307198837104034e-01
9.969307198837104034e-01
9.969307198837104034e-01
9.969307198837104034e-01
9.969307198837104034e-01
9.969307198837104034e-01
9.969307198837104034e-01
9.969307198837104034e-01
9.969307198837104034e-01
9.969307198837104034e-01
9.969307198837104034e-01
9.969307198837104034e-01
9.969307198837104034e-01
9.969307198837104034e-01
9.969307198837104034e-01
9.969307198837104034e-01
9.969307198837104034e-01
9.969307198837104034e-01
9.969307198837104034e-01
9.969307198837104034e-01
9.969307198837104034e-01
9.969307198837104034e-01
9.969307198837104034e-01
9.969307198837104034e-01
9.969307198837104034e-01
9.969307198837104034e-01
9.969307198837104034e-01
9.969307198837104034e-01
9.969307198837104034e-01
9.969307198837104034e-01
9.969307198837104034e-01
9.969307198837104034e-01
9.969307198837104034e-01
9.969307198837104034e-01
9.969307198837104034e-01
9.969307198837104034e-01
9.969307198837104034e-01
9.969307198837104034e-01
9.969307198837104034e-01
9.969307198837104034e-01
9.969307198837104034e-01
9.969307198837104034e-01
9.969307198837104034e-01
9.969307198837104034e-01
9.969307198837104034e-01
9.969307198837104034e-01
9.969307198837104034e-01
9.969307198837104034e-01
9.969307198837104034e-01
9.969307198837104034e-01
9.969307198837104034e-01
9.969307198837104034e-01
9.969307198837104034e-01
9.969307198837104034e-01
9.969307198837104034e-01
9.969307198837104034e-01
9.999450656942253657e-01
9.998769010576213923e-01
9.953836468485249833e-01
9.954688327961577210e-01
9.981360642604004685e-01
9.982468739531397128e-01
9.928586812505620918e-01
9.930008427748984179e-01
9.948357152029346784e-01
9.950127591734557742e-01
9.884522519749805447e-01
9.886723833054810173e-01
9.889736282265285672e-01
9.892409366682755056e-01
9.805041402797786132e-01
9.808288320828862927e-01
9.782482229987674582e-01
9.786330271127174907e-01
9.657707763913758736e-01
9.662246403719554344e-01
9.581403505230374762e-01
9.586577402688579719e-01
9.379295959380982151e-01
9.384991622224161389e-01
9.254791672694611115e-01
9.260448219060205544e-01
8.870175892581471100e-01
8.876586616700606891e-01
7.670456471022443212e-01
7.677078736741970166e-01
6.259055964449060649e-01
6.261736036845115816e-01
