4.108768649881599511e-01
3.926676876058509680e-01
3.928454648577460739e-01
3.929333320253611816e-01
3.929328979571568015e-01
3.929322513706470787e-01
3.929322536476836381e-01
3.929322593235324290e-01
3.929322593079688786e-01
3.929322592536887426e-01
3.929322592538101455e-01
3.929322592543550430e-01
3.929322592543545989e-01
3.929322592543489923e-01
3.929322592543493253e-01
3.929322592543493808e-01
3.929322592543493808e-01
3.929322592543493808e-01
3.929322592543493808e-01
3.929322592543493808e-01
3.929322592543493808e-01
3.929322592543493808e-01
3.929322592543493808e-01
3.929322592543493808e-01
3.929322592543493808e-01
3.929322592543493808e-01
3.929322592543493808e-01
3.929322592543493808e-01
3.929322592543493808e-01
3.929322592543493808e-01
3.929322592543493808e-01
3.929322592543493808e-01
3.929322592543493808e-01
3.929322592543493808e-01
3.929322592543493808e-01
3.929322592543493808e-01
3.929322592543493808e-01
3.929322592543493808e-01
3.929322592543493808e-01
3.929322592543493808e-01
3.929322592543493808e-01
3.929322592543493808e-01
3.929322592543493808e-01
3.929322592543493808e-01
3.929322592543493808e-01
3.929322592543493808e-01
3.929322592543493808e-01
3.929322592543493808e-01
3.929322592543493808e-01
3.929322592543493808e-01
3.929322592543493808e-01
3.929322592543493808e-01
3.929322592543493808e-01
3.929322592543493808e-01
3.929322592543493808e-01
3.929322592543493808e-01
3.929322592543493808e-01
3.929322592543493808e-01
3.929322592543493808e-01
3.929322592543493808e-01
3.929322592543493808e-01
3.929322592543493808e-01
3.929322592543493808e-01
3.929322592543493808e-01
3.929322592543493808e-01
3.929322592543493808e-01
3.929322592543493808e-01
3.929322592543493808e-01
3.929322592543493808e-01
3.929322592543493808e-01
3.929322592543493808e-01
3.929322592543493808e-01
3.929322592543493808e-01
3.929322592543493808e-01
3.929322592543493808e-01
3.929322592543493808e-01
3.929322592543493808e-01
3.929322592543493808e-01
3.929322592543493808e-01
3.929322592543493808e-01
3.929322592543493808e-01
3.929322592543493808e-01
3.929322592543493808e-01
3.929322592543493808e-01
3.929322592543493808e-01
3.929322592543493808e-01
3.929322592543493808e-01
3.929322592543493808e-01
3.929322592543493808e-01
3.929322592543493808e-01
3.929322592543493808e-01
3.929322592543493808e-01
3.929322592543493808e-01
3.929322592543493808e-01
3.929322592543493808e-01
3.929322592543493808e-01
3.929322592543493808e-01
3.929322592543493808e-01
3.929322592543493808e-01
3.929322592543493808e-01
3.929322592543493808e-01
3.929322592543493808e-01
3.929322592543493808e-01
3.929322592543493808e-01
3.929322592543493808e-01
3.929322592543493808e-01
3.929322592543493808e-01
3.929322592543493808e-01
3.929322592543493808e-01
3.929322592543493808e-01
3.929322592543493808e-01
3.929322592543493808e-01
3.929322592543493253e-01
3.929322592543494364e-01
3.929322592543489923e-01
3.929322592543545434e-01
3.929322592543550430e-01
3.929322592538101455e-01
3.929322592536887426e-01
3.929322593079688786e-01
3.929322593235324290e-01
3.929322536476836381e-01
3.929322513706470787e-01
3.929328979571568015e-01
3.929333320253611816e-01
3.928454648577460739e-01
3.926676876058509680e-01
4.108768649881599511e-01
