6.610670234224418351e-01
6.155648353652658500e-01
5.891672185104932513e-01
5.744392895719616643e-01
5.631022520807604792e-01
5.526024404637346343e-01
5.440925154277052034e-01
5.380323210352360164e-01
5.335219200061459555e-01
5.297579459422233628e-01
5.265252046711513811e-01
5.237922278415616528e-01
5.214888622313578193e-01
5.195440663367629774e-01
5.178980112274096381e-01
5.165010624854334820e-01
5.153122162100083337e-01
5.142975035227523861e-01
5.134287340359702245e-01
5.126824743706045462e-01
5.120390160115252387e-01
5.114816218044465623e-01
5.109960714870365184e-01
5.105708698703952386e-01
5.101972488122095140e-01
5.098686763314284054e-01
5.095798829412536701e-01
5.093261259990844447e-01
5.091031456369663477e-01
5.089071208619618814e-01
5.087348539313680806e-01
5.085835006355131638e-01
5.084505675032924277e-01
5.084505675032924277e-01
5.084505675032924277e-01
5.084505675032924277e-01
5.084505675032924277e-01
5.084505675032924277e-01
5.084505675032924277e-01
5.084505675032924277e-01
5.084505675032924277e-01
5.084505675032924277e-01
5.084505675032924277e-01
5.084505675032924277e-01
5.084505675032924277e-01
5.084505675032924277e-01
5.084505675032924277e-01
5.084505675032924277e-01
5.084505675032924277e-01
5.084505675032924277e-01
5.084505675032924277e-01
5.084505675032924277e-01
5.084505675032924277e-01
5.084505675032924277e-01
5.084505675032924277e-01
5.084505675032924277e-01
5.084505675032924277e-01
5.084505675032924277e-01
5.084505675032924277e-01
5.084505675032924277e-01
5.084505675032924277e-01
5.084505675032924277e-01
5.084505675032924277e-01
5.084505675032924277e-01
5.084505675032924277e-01
5.084505675032924277e-01
5.084505675032924277e-01
5.084505675032924277e-01
5.084505675032924277e-01
5.084505675032924277e-01
5.084505675032924277e-01
5.084505675032924277e-01
5.084505675032924277e-01
5.084505675032924277e-01
5.084505675032924277e-01
5.084505675032924277e-01
5.084505675032924277e-01
5.084505675032924277e-01
5.084505675032924277e-01
5.084505675032924277e-01
5.084505675032924277e-01
5.084505675032924277e-01
5.084505675032924277e-01
5.084505675032924277e-01
5.084505675032924277e-01
5.084505675032924277e-01
5.084505675032924277e-01
5.084505675032924277e-01
5.084505675032924277e-01
5.084505675032924277e-01
5.084505675032924277e-01
5.084505675032924277e-01
5.084505675032924277e-01
5.084505675032924277e-01
5.084505675032924277e-01
5.084505675032924277e-01
5.085437212910320914e-01
5.086584490683931925e-01
5.087976583869833203e-01
5.089647603807999632e-01
5.091636735069098307e-01
5.093989803850313969e-01
5.096760486165581305e-01
5.100011933628937344e-01
5.103817645584068918e-01
5.108265064990741289e-01
5.113456580940698437e-01
5.119513322422379886e-01
5.126579364437278130e-01
5.134825063966620418e-01
5.144453662441633712e-01
5.155708240887595384e-01
5.168880300080584966e-01
5.184319877283937172e-01
5.202450431672529518e-01
5.223783725854191928e-01
5.248934925204942203e-01
5.278634281887792934e-01
5.313606915094428729e-01
5.354192101648469482e-01
5.402583750103469029e-01
5.466882274757476345e-01
5.556128926202217322e-01
5.665657880812067226e-01
5.783885815568663435e-01
5.936694222341096783e-01
6.207660343894447763e-01
6.671419074903229829e-01
