1.125947978689085111e-01
1.030647352090373059e-01
1.001584057707753800e-01
9.921779225502114219e-02
9.890749173348173384e-02
9.880447967195182812e-02
9.877021075325907729e-02
9.875880263843113405e-02
9.875500400673380141e-02
9.875373905690526533e-02
9.875331781660878772e-02
9.875317753860220205e-02
9.875313082430123290e-02
9.875311526787294847e-02
9.875311008739985630e-02
9.875310836224390765e-02
9.875310778774837317e-02
9.875310759643543546e-02
9.875310753272632802e-02
9.875310751151063215e-02
9.875310750444563079e-02
9.875310750209290167e-02
9.875310750130943116e-02
9.875310750104852875e-02
9.875310750096163992e-02
9.875310750093269085e-02
9.875310750092308743e-02
9.875310750091986778e-02
9.875310750091882694e-02
9.875310750091843837e-02
9.875310750091834122e-02
9.875310750091829959e-02
9.875310750091825795e-02
9.875310750091825795e-02
9.875310750091825795e-02
9.875310750091825795e-02
9.875310750091825795e-02
9.875310750091825795e-02
9.875310750091825795e-02
9.875310750091825795e-02
9.875310750091825795e-02
9.875310750091825795e-02
9.875310750091825795e-02
9.875310750091825795e-02
9.875310750091825795e-02
9.875310750091825795e-02
9.875310750091825795e-02
9.875310750091825795e-02
9.875310750091825795e-02
9.875310750091825795e-02
9.875310750091825795e-02
9.875310750091825795e-02
9.875310750091825795e-02
9.875310750091825795e-02
9.875310750091825795e-02
9.875310750091825795e-02
9.875310750091825795e-02
9.875310750091825795e-02
9.875310750091825795e-02
9.875310750091825795e-02
9.875310750091825795e-02
9.875310750091825795e-02
9.875310750091825795e-02
9.875310750091825795e-02
9.875310750091825795e-02
9.875310750091825795e-02
9.875310750091825795e-02
9.875310750091825795e-02
9.875310750091825795e-02
9.875310750091825795e-02
9.875310750091825795e-02
9.875310750091825795e-02
9.875310750091825795e-02
9.875310750091825795e-02
9.875310750091825795e-02
9.875310750091825795e-02
9.875310750091825795e-02
9.875310750091825795e-02
9.875310750091825795e-02
9.875310750091825795e-02
9.875310750091825795e-02
9.875310750091825795e-02
9.875310750091825795e-02
9.875310750091825795e-02
9.875310750091825795e-02
9.875310750091825795e-02
9.875310750091825795e-02
9.875310750091825795e-02
9.875310750091825795e-02
9.875310750091825795e-02
9.875310750091825795e-02
9.875310750091825795e-02
9.875310750091825795e-02
9.875310750091825795e-02
9.875310750091825795e-02
9.875310750091825795e-02
9.875310750091829959e-02
9.875310750091829959e-02
9.875310750091843837e-02
9.875310750091878531e-02
9.875310750091986778e-02
9.875310750092308743e-02
9.875310750093269085e-02
9.875310750096163992e-02
9.875310750104852875e-02
9.875310750130943116e-02
9.875310750209290167e-02
9.875310750444563079e-02
9.875310751151063215e-02
9.875310753272632802e-02
9.875310759643543546e-02
9.875310778774837317e-02
9.875310836224390765e-02
9.875311008739985630e-02
9.875311526787294847e-02
9.875313082430123290e-02
9.875317753860220205e-02
9.875331781660878772e-02
9.875373905690526533e-02
9.875500400673380141e-02
9.875880263843113405e-02
9.877021075325907729e-02
9.880447967195182812e-02
9.890749173348173384e-02
9.921779225502114219e-02
1.001584057707753800e-01
1.030647352090373059e-01
1.125947978689085111e-01
