3.630319055250467164e-01
3.199747007141385824e-01
3.120734130785092209e-01
3.104999651013642392e-01
3.101837818356937837e-01
3.101205842484607844e-01
3.101080612333363407e-01
3.101056039183989199e-01
3.101051268551723861e-01
3.101050353148296357e-01
3.101050179768100046e-01
3.101050147410587821e-01
3.101050141474521182e-01
3.101050140407671241e-01
3.101050140220760198e-01
3.101050140189081095e-01
3.101050140183955750e-01
3.101050140183183035e-01
3.101050140183077564e-01
3.101050140183069237e-01
3.101050140183066461e-01
3.101050140183067017e-01
3.101050140183067017e-01
3.101050140183066461e-01
3.101050140183066461e-01
3.101050140183066461e-01
3.101050140183066461e-01
3.101050140183066461e-01
3.101050140183066461e-01
3.101050140183066461e-01
3.101050140183066461e-01
3.101050140183066461e-01
3.101050140183066461e-01
3.101050140183066461e-01
3.101050140183066461e-01
3.101050140183066461e-01
3.101050140183066461e-01
3.101050140183066461e-01
3.101050140183066461e-01
3.101050140183066461e-01
3.101050140183066461e-01
3.101050140183066461e-01
3.101050140183066461e-01
3.101050140183066461e-01
3.101050140183066461e-01
3.101050140183066461e-01
3.101050140183066461e-01
3.101050140183066461e-01
3.101050140183066461e-01
3.101050140183066461e-01
3.101050140183066461e-01
3.101050140183066461e-01
3.101050140183066461e-01
3.101050140183066461e-01
3.101050140183066461e-01
3.101050140183066461e-01
3.101050140183066461e-01
3.101050140183066461e-01
3.101050140183066461e-01
3.101050140183066461e-01
3.101050140183066461e-01
3.101050140183066461e-01
3.101050140183066461e-01
3.101050140183066461e-01
3.101050140183066461e-01
3.101050140183066461e-01
3.101050140183066461e-01
3.101050140183066461e-01
3.101050140183066461e-01
3.101050140183066461e-01
3.101050140183066461e-01
3.101050140183066461e-01
3.101050140183066461e-01
3.101050140183066461e-01
3.101050140183066461e-01
3.101050140183066461e-01
3.101050140183066461e-01
3.101050140183066461e-01
3.101050140183066461e-01
3.101050140183066461e-01
3.101050140183066461e-01
3.101050140183066461e-01
3.101050140183066461e-01
3.101050140183066461e-01
3.101050140183066461e-01
3.101050140183066461e-01
3.101050140183066461e-01
3.101050140183066461e-01
3.101050140183066461e-01
3.101050140183066461e-01
3.101050140183066461e-01
3.101050140183066461e-01
3.101050140183066461e-01
3.101050140183066461e-01
3.101050140183066461e-01
3.101050140183066461e-01
3.101050140183066461e-01
3.101050140183066461e-01
3.101050140183066461e-01
3.101050140183066461e-01
3.101050140183066461e-01
3.101050140183066461e-01
3.101050140183066461e-01
3.101050140183066461e-01
3.101050140183066461e-01
3.101050140183066461e-01
3.101050140183067017e-01
3.101050140183066461e-01
3.101050140183069237e-01
3.101050140183077564e-01
3.101050140183182480e-01
3.101050140183955750e-01
3.101050140189081650e-01
3.101050140220760198e-01
3.101050140407671241e-01
3.101050141474521182e-01
3.101050147410587821e-01
3.101050179768100601e-01
3.101050353148296357e-01
3.101051268551723861e-01
3.101056039183989199e-01
3.101080612333363407e-01
3.101205842484607844e-01
3.101837818356937837e-01
3.104999651013642392e-01
3.120734130785092209e-01
3.199747007141385269e-01
3.630319055250467719e-01
