3.732591465342414150e-01
3.325476433090164274e-01
3.272523029352908952e-01
3.267895971976151337e-01
3.268069868485029006e-01
3.268240277278278150e-01
3.268278274725342492e-01
3.268282715233607472e-01
3.268282632092970319e-01
3.268282460217171170e-01
3.268282417314695154e-01
3.268282411880472083e-01
3.268282411957814659e-01
3.268282412177831442e-01
3.268282412235175571e-01
3.268282412242692891e-01
3.268282412242596857e-01
3.268282412242287660e-01
3.268282412242201618e-01
3.268282412242192736e-01
3.268282412242189405e-01
3.268282412242189960e-01
3.268282412242191071e-01
3.268282412242191071e-01
3.268282412242191071e-01
3.268282412242191071e-01
3.268282412242191071e-01
3.268282412242191071e-01
3.268282412242191071e-01
3.268282412242191071e-01
3.268282412242191071e-01
3.268282412242191071e-01
3.268282412242191071e-01
3.268282412242191071e-01
3.268282412242191071e-01
3.268282412242191071e-01
3.268282412242191071e-01
3.268282412242191071e-01
3.268282412242191071e-01
3.268282412242191071e-01
3.268282412242191071e-01
3.268282412242191071e-01
3.268282412242191071e-01
3.268282412242191071e-01
3.268282412242191071e-01
3.268282412242191071e-01
3.268282412242191071e-01
3.268282412242191071e-01
3.268282412242191071e-01
3.268282412242191071e-01
3.268282412242191071e-01
3.268282412242191071e-01
3.268282412242191071e-01
3.268282412242191071e-01
3.268282412242191071e-01
3.268282412242191071e-01
3.268282412242191071e-01
3.268282412242191071e-01
3.268282412242191071e-01
3.268282412242191071e-01
3.268282412242191071e-01
3.268282412242191071e-01
3.268282412242191071e-01
3.268282412242191071e-01
3.268282412242191071e-01
3.268282412242191071e-01
3.268282412242191071e-01
3.268282412242191071e-01
3.268282412242191071e-01
3.268282412242191071e-01
3.268282412242191071e-01
3.268282412242191071e-01
3.268282412242191071e-01
3.268282412242191071e-01
3.268282412242191071e-01
3.268282412242191071e-01
3.268282412242191071e-01
3.268282412242191071e-01
3.268282412242191071e-01
3.268282412242191071e-01
3.268282412242191071e-01
3.268282412242191071e-01
3.268282412242191071e-01
3.268282412242191071e-01
3.268282412242191071e-01
3.268282412242191071e-01
3.268282412242191071e-01
3.268282412242191071e-01
3.268282412242191071e-01
3.268282412242191071e-01
3.268282412242191071e-01
3.268282412242191071e-01
3.268282412242191071e-01
3.268282412242191071e-01
3.268282412242191071e-01
3.268282412242191071e-01
3.268282412242191071e-01
3.268282412242191071e-01
3.268282412242191071e-01
3.268282412242191071e-01
3.268282412242191071e-01
3.268282412242191071e-01
3.268282412242191071e-01
3.268282412242191071e-01
3.268282412242191071e-01
3.268282412242191071e-01
3.268282412242189960e-01
3.268282412242189405e-01
3.268282412242192736e-01
3.268282412242202173e-01
3.268282412242287660e-01
3.268282412242596302e-01
3.268282412242693447e-01
3.268282412235175571e-01
3.268282412177831442e-01
3.268282411957814659e-01
3.268282411880472083e-01
3.268282417314695154e-01
3.268282460217171170e-01
3.268282632092970319e-01
3.268282715233607472e-01
3.268278274725342492e-01
3.268240277278278705e-01
3.268069868485029006e-01
3.267895971976151337e-01
3.272523029352908952e-01
3.325476433090164274e-01
3.732591465342414150e-01
