1.824054745694088619e-05
1.187909907505679572e-05
7.699597832789119309e-06
4.921091733647976567e-06
3.066704046845419632e-06
1.834949876978157542e-06
1.029545247182224284e-06
5.197000096387829169e-07
2.164647683335395570e-07
5.827736646223562403e-08
1.967563450527033206e-09
1.689347102248261591e-08
8.112191561625634530e-08
1.787997112180548913e-07
2.984578095647493511e-07
4.317512366201988162e-07
5.726115714364900254e-07
7.166342869803310666e-07
8.606471645352378462e-07
1.002390783944608654e-06
1.140274856390086378e-06
1.273213786545279127e-06
1.400502412603033290e-06
1.521712081947629826e-06
1.636621679560715591e-06
1.745163858473365220e-06
1.847383315356806724e-06
1.943404587193891468e-06
2.033408777931562447e-06
2.117623013676948947e-06
2.196291416467264703e-06
2.269674746081210268e-06
2.338047590589265516e-06
2.401675223361987821e-06
2.460831228553875269e-06
2.515773867679629888e-06
2.566757419651926052e-06
2.614028946884366404e-06
2.657815986674837459e-06
2.698341875111011324e-06
2.735817755507447544e-06
2.770437616078849297e-06
2.802385947236856674e-06
2.831837080875062512e-06
2.858953279611798872e-06
2.883884753385915089e-06
2.906769308201651340e-06
2.927736453466023903e-06
2.946905842442361600e-06
2.964387474492819895e-06
2.980282165982690006e-06
2.994681995206519242e-06
3.007670719690125387e-06
3.019324051045870372e-06
3.029709898759040296e-06
3.038889381999507931e-06
3.046916706462159637e-06
3.053839374126330504e-06
3.059698424842926435e-06
3.064528646979515668e-06
3.068358757365484895e-06
3.071211550785322039e-06
3.073104019254237922e-06
3.074047441280924574e-06
3.074047441280924574e-06
3.073104019254239192e-06
3.071211550785323733e-06
3.068358757365484895e-06
3.064528646979515668e-06
3.059698424842924741e-06
3.053839374126330504e-06
3.046916706462157943e-06
3.038889381999507931e-06
3.029709898759038602e-06
3.019324051045870372e-06
3.007670719690125387e-06
2.994681995206520936e-06
2.980282165982692548e-06
2.964387474492818624e-06
2.946905842442361600e-06
2.927736453466025597e-06
2.906769308201651340e-06
2.883884753385916360e-06
2.858953279611797178e-06
2.831837080875065900e-06
2.802385947236856674e-06
2.770437616078852685e-06
2.735817755507447544e-06
2.698341875111011324e-06
2.657815986674839153e-06
2.614028946884366404e-06
2.566757419651926052e-06
2.515773867679629888e-06
2.460831228553875269e-06
2.401675223361987821e-06
2.338047590589266787e-06
2.269674746081210268e-06
2.196291416467263856e-06
2.117623013676948947e-06
2.033408777931560753e-06
1.943404587193889774e-06
1.847383315356806724e-06
1.745163858473365431e-06
1.636621679560715591e-06
1.521712081947628556e-06
1.400502412603034349e-06
1.273213786545278915e-06
1.140274856390085108e-06
1.002390783944608654e-06
8.606471645352367874e-07
7.166342869803310666e-07
5.726115714364900254e-07
4.317512366201996102e-07
2.984578095647500393e-07
1.787997112180548913e-07
8.112191561625712616e-08
1.689347102248261591e-08
1.967563450527033206e-09
5.827736646223523360e-08
2.164647683335387629e-07
5.197000096387841875e-07
1.029545247182224284e-06
1.834949876978157542e-06
3.066704046845423443e-06
4.921091733647979108e-06
7.699597832789127779e-06
1.187909907505679233e-05
1.824054745694089974e-05
