2.276508599666267618e-01
1.711929976074210158e-01
1.502096472802621485e-01
1.386624291850171997e-01
1.348316318313457218e-01
1.346416810400894726e-01
1.367311904842113679e-01
1.401970026504926192e-01
1.436510602081767507e-01
1.466544102371445391e-01
1.489630575084985586e-01
1.502947296283786427e-01
1.507930890235750498e-01
1.506958960297127004e-01
1.502576631781200045e-01
1.496946679395270707e-01
1.491618222685017203e-01
1.487505029498793208e-01
1.484972814881864167e-01
1.483973637391663714e-01
1.484192906571340786e-01
1.485190322318635237e-01
1.486518608296360511e-01
1.487807499988471616e-01
1.488803586286401581e-01
1.489384779908969059e-01
1.489549652433270199e-01
1.489382084683909813e-01
1.489009369255915316e-01
1.488564003928372625e-01
1.488155761214065564e-01
1.487856443280851093e-01
1.487696146924758489e-01
1.487696146924758489e-01
1.487696146924758489e-01
1.487696146924758489e-01
1.487696146924758489e-01
1.487696146924758489e-01
1.487696146924758489e-01
1.487696146924758489e-01
1.487696146924758489e-01
1.487696146924758489e-01
1.487696146924758489e-01
1.487696146924758489e-01
1.487696146924758489e-01
1.487696146924758489e-01
1.487696146924758489e-01
1.487696146924758489e-01
1.487696146924758489e-01
1.487696146924758489e-01
1.487696146924758489e-01
1.487696146924758489e-01
1.487696146924758489e-01
1.487696146924758489e-01
1.487696146924758489e-01
1.487696146924758489e-01
1.487696146924758489e-01
1.487696146924758489e-01
1.487696146924758489e-01
1.487696146924758489e-01
1.487696146924758489e-01
1.487696146924758489e-01
1.487696146924758489e-01
1.487696146924758489e-01
1.487696146924758489e-01
1.487696146924758489e-01
1.487696146924758489e-01
1.487696146924758489e-01
1.487696146924758489e-01
1.487696146924758489e-01
1.487696146924758489e-01
1.487696146924758489e-01
1.487696146924758489e-01
1.487696146924758489e-01
1.487696146924758489e-01
1.487696146924758489e-01
1.487696146924758489e-01
1.487696146924758489e-01
1.487696146924758489e-01
1.487696146924758489e-01
1.487696146924758489e-01
1.487696146924758489e-01
1.487696146924758489e-01
1.487696146924758489e-01
1.487696146924758489e-01
1.487696146924758489e-01
1.487696146924758489e-01
1.487696146924758489e-01
1.487696146924758489e-01
1.487696146924758489e-01
1.487696146924758489e-01
1.487696146924758489e-01
1.487696146924758489e-01
1.487696146924758489e-01
1.487696146924758489e-01
1.487696146924758489e-01
1.487809183219811759e-01
1.488036899518782041e-01
1.488367430009326642e-01
1.488747111028924930e-01
1.489078675302758503e-01
1.489232448771001804e-01
1.489072328793880906e-01
1.488495658013918310e-01
1.487481622816667903e-01
1.486136981849485172e-01
1.484723907095594209e-01
1.483652822889038603e-01
1.483429047213190022e-01
1.484551703221340946e-01
1.487375138153708143e-01
1.491950516437456076e-01
1.497865479588843252e-01
1.504105128855733053e-01
1.508965506569579229e-01
1.510090185053939438e-01
1.504739207792822886e-01
1.490408280034608568e-01
1.465691370850841502e-01
1.433654213105626796e-01
1.397140685841298802e-01
1.361063617557635719e-01
1.339572664543309255e-01
1.341896983156985745e-01
1.381519138461641816e-01
1.499170383496517822e-01
1.711902879322080850e-01
2.280550755930206286e-01
