3.505615133914974368e-01
2.666974587506846239e-01
2.362400878777432822e-01
2.312267109108799290e-01
2.397372238820115742e-01
2.546425751801284498e-01
2.744447148445795515e-01
2.914554349391235144e-01
3.044763841760801948e-01
3.106187263749746741e-01
3.107497607794088013e-01
3.063199194491125765e-01
2.997619835906631947e-01
2.931610110413216952e-01
2.878900227207062401e-01
2.845917788402967941e-01
2.833328117743489361e-01
2.837897202950682152e-01
2.854184008301964837e-01
2.875989202597811767e-01
2.897575597348406307e-01
2.914609454425693413e-01
2.924671922633836907e-01
2.927309154970712535e-01
2.923664196574878860e-01
2.915934753286598125e-01
2.906668301372646868e-01
2.898130628632514805e-01
2.891901333134851426e-01
2.888717932972584279e-01
2.888530727442608081e-01
2.890694404641607762e-01
2.894235024262502565e-01
2.894235024262502565e-01
2.894235024262502565e-01
2.894235024262502565e-01
2.894235024262502565e-01
2.894235024262502565e-01
2.894235024262502565e-01
2.894235024262502565e-01
2.894235024262502565e-01
2.894235024262502565e-01
2.894235024262502565e-01
2.894235024262502565e-01
2.894235024262502565e-01
2.894235024262502565e-01
2.894235024262502565e-01
2.894235024262502565e-01
2.894235024262502565e-01
2.894235024262502565e-01
2.894235024262502565e-01
2.894235024262502565e-01
2.894235024262502565e-01
2.894235024262502565e-01
2.894235024262502565e-01
2.894235024262502565e-01
2.894235024262502565e-01
2.894235024262502565e-01
2.894235024262502565e-01
2.894235024262502565e-01
2.894235024262502565e-01
2.894235024262502565e-01
2.894235024262502565e-01
2.894235024262502565e-01
2.894235024262502565e-01
2.894235024262502565e-01
2.894235024262502565e-01
2.894235024262502565e-01
2.894235024262502565e-01
2.894235024262502565e-01
2.894235024262502565e-01
2.894235024262502565e-01
2.894235024262502565e-01
2.894235024262502565e-01
2.894235024262502565e-01
2.894235024262502565e-01
2.894235024262502565e-01
2.894235024262502565e-01
2.894235024262502565e-01
2.894235024262502565e-01
2.894235024262502565e-01
2.894235024262502565e-01
2.894235024262502565e-01
2.894235024262502565e-01
2.894235024262502565e-01
2.894235024262502565e-01
2.894235024262502565e-01
2.894235024262502565e-01
2.894235024262502565e-01
2.894235024262502565e-01
2.894235024262502565e-01
2.894235024262502565e-01
2.894235024262502565e-01
2.894235024262502565e-01
2.894235024262502565e-01
2.894235024262502565e-01
2.891729429544020458e-01
2.890075355648392685e-01
2.890227739158389708e-01
2.892957583972180502e-01
2.898539420293408941e-01
2.906485377134821468e-01
2.915402536536347844e-01
2.923068343659790402e-01
2.926785402231079081e-01
2.924025926993606417e-01
2.913265087038094392e-01
2.894783196309884676e-01
2.871148866807639033e-01
2.847165081012569821e-01
2.829220732633878077e-01
2.824188888955160848e-01
2.838034304893551907e-01
2.874236875472272468e-01
2.931983312017742427e-01
3.004149345808332372e-01
3.075654813251629260e-01
3.123773222245740389e-01
3.122359015946231664e-01
3.056234025413719357e-01
2.917788745755958146e-01
2.738600628215137056e-01
2.533227932193209964e-01
2.379793100189103450e-01
2.293318566330856401e-01
2.344036910501518522e-01
2.649569310830123814e-01
3.487905254495446972e-01
