3.965578800446973445e-04
2.559798713151633948e-04
1.791428958769036134e-04
1.361932803081414463e-04
1.115447557691406715e-04
9.686566147848035000e-05
8.757528422806971067e-05
8.115969525323500199e-05
7.631805888334963609e-05
7.244398940742768878e-05
6.927331970884252881e-05
6.666848822510401435e-05
6.452868497841730572e-05
6.276263625265443720e-05
6.129680213049439508e-05
6.007345534479087705e-05
5.904719505424668594e-05
5.818193466102729614e-05
5.744885542660719695e-05
5.682461632393282441e-05
5.629034683533257411e-05
5.583061769500149746e-05
5.543295154483079761e-05
5.508732890611170658e-05
5.478573523922080886e-05
5.452179560994023619e-05
5.429040335747014278e-05
5.408741586658483353e-05
5.390933066540063432e-05
5.375310946905763711e-05
5.361611721666646377e-05
5.349597929794864355e-05
5.339061379594946656e-05
5.339061379594945301e-05
5.339061379594945301e-05
5.339061379594945301e-05
5.339061379594946656e-05
5.339061379594945301e-05
5.339061379594945301e-05
5.339061379594945301e-05
5.339061379594946656e-05
5.339061379594945301e-05
5.339061379594945301e-05
5.339061379594945301e-05
5.339061379594946656e-05
5.339061379594945301e-05
5.339061379594945301e-05
5.339061379594945301e-05
5.339061379594946656e-05
5.339061379594945301e-05
5.339061379594945301e-05
5.339061379594945301e-05
5.339061379594946656e-05
5.339061379594945301e-05
5.339061379594945301e-05
5.339061379594945301e-05
5.339061379594946656e-05
5.339061379594945301e-05
5.339061379594945301e-05
5.339061379594945301e-05
5.339061379594946656e-05
5.339061379594945301e-05
5.339061379594945301e-05
5.339061379594945301e-05
5.339061379594946656e-05
5.339061379594945301e-05
5.339061379594945301e-05
5.339061379594945301e-05
5.339061379594946656e-05
5.339061379594945301e-05
5.339061379594945301e-05
5.339061379594945301e-05
5.339061379594946656e-05
5.339061379594945301e-05
5.339061379594945301e-05
5.339061379594945301e-05
5.339061379594946656e-05
5.339061379594945301e-05
5.339061379594945301e-05
5.339061379594945301e-05
5.339061379594946656e-05
5.339061379594945301e-05
5.339061379594945301e-05
5.339061379594945301e-05
5.339061379594946656e-05
5.339061379594945301e-05
5.339061379594945301e-05
5.339061379594945301e-05
5.339061379594946656e-05
5.339061379594945301e-05
5.339061379594945301e-05
5.339061379594945301e-05
5.339061379594946656e-05
5.339061379594945301e-05
5.339061379594945301e-05
5.339061379594945301e-05
5.346468321799150152e-05
5.355594093770461509e-05
5.366680025828311307e-05
5.380005733824400917e-05
5.395899216949720268e-05
5.414745250072091612e-05
5.436998794520564535e-05
5.463201567235757817e-05
5.493993343739837722e-05
5.530143668756798073e-05
5.572575143951164758e-05
5.622396269663483266e-05
5.680945937244437133e-05
5.749869653847803627e-05
5.831163036840941938e-05
5.927307048178013431e-05
6.041372862775279753e-05
6.177221905977649393e-05
6.339732900618217802e-05
6.535114549835401129e-05
6.771310623529557850e-05
7.058221903315182793e-05
7.406928432057199440e-05
7.832587379164081547e-05
8.363779433434348530e-05
9.065119205054005902e-05
1.007470063537387864e-04
1.166018320773065285e-04
1.431253626644496553e-04
1.893205099861114567e-04
2.721892914672491455e-04
4.246714871512981965e-04
