2.957401809071521503e-01
2.199471382955217880e-01
1.967361843916240471e-01
1.931658454275212433e-01
1.974342707391874840e-01
2.038228129718230031e-01
2.094386042761323952e-01
2.132119933091667918e-01
2.151894503308990625e-01
2.158972909220735481e-01
2.159075874524622185e-01
2.156427897987490405e-01
2.153446274716136755e-01
2.151161660709321743e-01
2.149780380113359146e-01
2.149132594946110697e-01
2.148949530214032400e-01
2.148998124495384854e-01
2.149123546878778379e-01
2.149244214589078883e-01
2.149329646447410425e-01
2.149377710810238262e-01
2.149397915558888261e-01
2.149401674069872925e-01
2.149397984193929800e-01
2.149392412862846935e-01
2.149387649828731761e-01
2.149384519541378824e-01
2.149382891523259342e-01
2.149382299301777766e-01
2.149382274538872151e-01
2.149382477743614628e-01
2.149382713558064539e-01
2.149382896836705414e-01
2.149383008936657236e-01
2.149383062286449042e-01
2.149383077983348656e-01
2.149383074665533189e-01
2.149383064856359160e-01
2.149383055231649242e-01
2.149383048341677316e-01
2.149383044423568145e-01
2.149383042747499140e-01
2.149383042408781197e-01
2.149383042684889500e-01
2.149383043124182269e-01
2.149383043505522506e-01
2.149383043758776035e-01
2.149383043892050815e-01
2.149383043941702487e-01
2.149383043945032046e-01
2.149383043929391224e-01
2.149383043910684798e-01
2.149383043895959078e-01
2.149383043886858580e-01
2.149383043882467370e-01
2.149383043881125110e-01
2.149383043881343269e-01
2.149383043882109046e-01
2.149383043882880373e-01
2.149383043883446587e-01
2.149383043883786870e-01
2.149383043883955624e-01
2.149383043884020295e-01
2.149383043884021127e-01
2.149383043883955624e-01
2.149383043883786870e-01
2.149383043883446587e-01
2.149383043882880928e-01
2.149383043882109046e-01
2.149383043881343269e-01
2.149383043881125110e-01
2.149383043882467648e-01
2.149383043886858580e-01
2.149383043895959078e-01
2.149383043910684798e-01
2.149383043929391224e-01
2.149383043945032046e-01
2.149383043941702487e-01
2.149383043892050815e-01
2.149383043758776035e-01
2.149383043505523061e-01
2.149383043124182546e-01
2.149383042684890055e-01
2.149383042408781475e-01
2.149383042747499417e-01
2.149383044423568700e-01
2.149383048341677593e-01
2.149383055231649242e-01
2.149383064856359160e-01
2.149383074665533189e-01
2.149383077983348656e-01
2.149383062286448487e-01
2.149383008936656680e-01
2.149382896836705137e-01
2.149382713558064539e-01
2.149382477743614628e-01
2.149382274538871873e-01
2.149382299301777766e-01
2.149382891523259342e-01
2.149384519541378824e-01
2.149387649828731761e-01
2.149392412862846935e-01
2.149397984193929800e-01
2.149401674069872925e-01
2.149397915558887706e-01
2.149377710810237707e-01
2.149329646447410147e-01
2.149244214589078605e-01
2.149123546878777824e-01
2.148998124495383744e-01
2.148949530214031567e-01
2.149132594946110697e-01
2.149780380113359146e-01
2.151161660709321743e-01
2.153446274716136755e-01
2.156427897987490405e-01
2.159075874524622185e-01
2.158972909220736036e-01
2.151894503308990625e-01
2.132119933091667918e-01
2.094386042761323952e-01
2.038228129718230031e-01
1.974342707391874840e-01
1.931658454275212433e-01
1.967361843916240471e-01
2.199471382955217047e-01
2.957401809071521503e-01
