6.662199018494760483e-02
5.751350354090594558e-02
5.199159421728745401e-02
4.844594953339369237e-02
4.608052109519666234e-02
4.446061022498660337e-02
4.333081134451548938e-02
4.253260540803551620e-02
4.196345625746643326e-02
4.155494187721927440e-02
4.126032404210112220e-02
4.104711320139711739e-02
4.089242870467629798e-02
4.078000070429634027e-02
4.069817737097435051e-02
4.063857019034346901e-02
4.059511665714286149e-02
4.056342288153766407e-02
4.054029771087263451e-02
4.052341998068440670e-02
4.051109945632303672e-02
4.050210433548075833e-02
4.049553637711882786e-02
4.049074029192387125e-02
4.048723787862990031e-02
4.048468008645741273e-02
4.048281209184852181e-02
4.048144783877442865e-02
4.048045146879779982e-02
4.047972377143311401e-02
4.047919229493018856e-02
4.047880412720393506e-02
4.047852062520190114e-02
4.047831356642229983e-02
4.047816233863774787e-02
4.047805188763518164e-02
4.047797121845254226e-02
4.047791230080236002e-02
4.047786926966452647e-02
4.047783784144302899e-02
4.047781488755433643e-02
4.047779812299425600e-02
4.047778587887923551e-02
4.047777693631882112e-02
4.047777040508190871e-02
4.047776563497881841e-02
4.047776215113787351e-02
4.047775960673379719e-02
4.047775774846235075e-02
4.047775639132444869e-02
4.047775540020977919e-02
4.047775467644672276e-02
4.047775414797937649e-02
4.047775376219459736e-02
4.047775348068399781e-02
4.047775327542037921e-02
4.047775312596749858e-02
4.047775301744554327e-02
4.047775293904980198e-02
4.047775288297493501e-02
4.047775284363781118e-02
4.047775281712189671e-02
4.047775280078709514e-02
4.047775279300699913e-02
4.047775279300699913e-02
4.047775280078709514e-02
4.047775281712189671e-02
4.047775284363781118e-02
4.047775288297493501e-02
4.047775293904980198e-02
4.047775301744554327e-02
4.047775312596749858e-02
4.047775327542037921e-02
4.047775348068399781e-02
4.047775376219459736e-02
4.047775414797939730e-02
4.047775467644672276e-02
4.047775540020980001e-02
4.047775639132444869e-02
4.047775774846235075e-02
4.047775960673379719e-02
4.047776215113787351e-02
4.047776563497881841e-02
4.047777040508190871e-02
4.047777693631884194e-02
4.047778587887923551e-02
4.047779812299425600e-02
4.047781488755435725e-02
4.047783784144302899e-02
4.047786926966454035e-02
4.047791230080236002e-02
4.047797121845254226e-02
4.047805188763518164e-02
4.047816233863774787e-02
4.047831356642229983e-02
4.047852062520190114e-02
4.047880412720393506e-02
4.047919229493018856e-02
4.047972377143311401e-02
4.048045146879779982e-02
4.048144783877442865e-02
4.048281209184852181e-02
4.048468008645741273e-02
4.048723787862990031e-02
4.049074029192387125e-02
4.049553637711882786e-02
4.050210433548075833e-02
4.051109945632303672e-02
4.052341998068440670e-02
4.054029771087263451e-02
4.056342288153766407e-02
4.059511665714286149e-02
4.063857019034346901e-02
4.069817737097432969e-02
4.078000070429634027e-02
4.089242870467629798e-02
4.104711320139711739e-02
4.126032404210112220e-02
4.155494187721927440e-02
4.196345625746643326e-02
4.253260540803549539e-02
4.333081134451548938e-02
4.446061022498660337e-02
4.608052109519666234e-02
4.844594953339369237e-02
5.199159421728745401e-02
5.751350354090594558e-02
6.662199018494760483e-02
