1.674205386511526047e-02
1.523209046220608438e-02
1.401080632695774798e-02
1.300788503734113914e-02
1.217353167606771529e-02
1.147161826471331143e-02
1.087537270474506906e-02
1.036458361577302645e-02
9.923738998415988430e-03
9.540757126515780895e-03
9.206102839520998588e-03
8.912160479436140662e-03
8.652781303693972761e-03
8.422951750417132649e-03
8.218546845831517858e-03
8.036144531109989594e-03
7.872884199478838094e-03
7.726357738259073335e-03
7.594524758648893772e-03
7.475646025503303316e-03
7.368230723725522138e-03
7.270994345514585067e-03
7.182824803470082980e-03
7.102754968249460829e-03
7.029940263507677631e-03
6.963640271333148765e-03
6.903203540254636283e-03
6.848054967489762904e-03
6.797685263263276989e-03
6.751642109057737207e-03
6.709522701737652244e-03
6.670967437558977635e-03
6.635654538507998121e-03
6.603295461441622237e-03
6.573630960539290913e-03
6.546427697438086078e-03
6.521475312481091885e-03
6.498583885809200780e-03
6.477581729371147297e-03
6.458313460932957849e-03
6.440638319316415589e-03
6.424428686760130791e-03
6.409568789769980353e-03
6.395953554338962982e-03
6.383487595152783148e-03
6.372084321502752453e-03
6.361665145217610361e-03
6.352158778094692954e-03
6.343500608133052776e-03
6.335632145408369269e-03
6.328500529730505045e-03
6.322058093330354921e-03
6.316261972766009335e-03
6.311073765046180430e-03
6.306459223664394667e-03
6.302387990838466403e-03
6.298833362772307196e-03
6.295772085213933826e-03
6.293184176985372816e-03
6.291052779516582462e-03
6.289364030734012970e-03
6.288106961942021601e-03
6.287273416597854644e-03
6.286857990123288775e-03
6.286857990123288775e-03
6.287273416597852910e-03
6.288106961942021601e-03
6.289364030734012970e-03
6.291052779516582462e-03
6.293184176985372816e-03
6.295772085213933826e-03
6.298833362772307196e-03
6.302387990838466403e-03
6.306459223664397269e-03
6.311073765046180430e-03
6.316261972766009335e-03
6.322058093330354921e-03
6.328500529730504177e-03
6.335632145408369269e-03
6.343500608133052776e-03
6.352158778094690351e-03
6.361665145217610361e-03
6.372084321502749851e-03
6.383487595152783148e-03
6.395953554338962115e-03
6.409568789769980353e-03
6.424428686760129056e-03
6.440638319316415589e-03
6.458313460932957849e-03
6.477581729371144695e-03
6.498583885809200780e-03
6.521475312481091885e-03
6.546427697438086078e-03
6.573630960539290913e-03
6.603295461441622237e-03
6.635654538507996386e-03
6.670967437558977635e-03
6.709522701737647907e-03
6.751642109057737207e-03
6.797685263263276989e-03
6.848054967489765506e-03
6.903203540254636283e-03
6.963640271333148765e-03
7.029940263507677631e-03
7.102754968249466033e-03
7.182824803470082980e-03
7.270994345514585067e-03
7.368230723725522138e-03
7.475646025503303316e-03
7.594524758648893772e-03
7.726357738259073335e-03
7.872884199478838094e-03
8.036144531109989594e-03
8.218546845831514389e-03
8.422951750417132649e-03
8.652781303693969292e-03
8.912160479436140662e-03
9.206102839520998588e-03
9.540757126515780895e-03
9.923738998415983226e-03
1.036458361577302645e-02
1.087537270474506906e-02
1.147161826471331143e-02
1.217353167606771529e-02
1.300788503734113914e-02
1.401080632695774798e-02
1.523209046220608438e-02
1.674205386511526047e-02
