3.764640071938563093e-01
3.092657402839161240e-01
3.092908193535832684e-01
3.217296097634929630e-01
3.301367875757654780e-01
3.329118265049277325e-01
3.329082019974896611e-01
3.323261743511729538e-01
3.319525598306475311e-01
3.318326028086540092e-01
3.318328626085253474e-01
3.318579614535321354e-01
3.318740870845381385e-01
3.318792635384929524e-01
3.318792478175034422e-01
3.318781615953401709e-01
3.318774647114091647e-01
3.318772413184161718e-01
3.318772421918761983e-01
3.318772891937119551e-01
3.318773193084856299e-01
3.318773289490797307e-01
3.318773289029462448e-01
3.318773268691269651e-01
3.318773255677622824e-01
3.318773251517209144e-01
3.318773251540770852e-01
3.318773252420821884e-01
3.318773252983185928e-01
3.318773253162727865e-01
3.318773253161554360e-01
3.318773253123474265e-01
3.318773253099172038e-01
3.318773253091423237e-01
3.318773253091480968e-01
3.318773253093127429e-01
3.318773253094179920e-01
3.318773253094512987e-01
3.318773253094510767e-01
3.318773253094438047e-01
3.318773253094393638e-01
3.318773253094379760e-01
3.318773253094379760e-01
3.318773253094383091e-01
3.318773253094384756e-01
3.318773253094385312e-01
3.318773253094385312e-01
3.318773253094385312e-01
3.318773253094385312e-01
3.318773253094385312e-01
3.318773253094384756e-01
3.318773253094385312e-01
3.318773253094385312e-01
3.318773253094385312e-01
3.318773253094384756e-01
3.318773253094385312e-01
3.318773253094385312e-01
3.318773253094385312e-01
3.318773253094384756e-01
3.318773253094385312e-01
3.318773253094385312e-01
3.318773253094385312e-01
3.318773253094384756e-01
3.318773253094385312e-01
3.318773253094385312e-01
3.318773253094385312e-01
3.318773253094384756e-01
3.318773253094385312e-01
3.318773253094385312e-01
3.318773253094385312e-01
3.318773253094384756e-01
3.318773253094385312e-01
3.318773253094385312e-01
3.318773253094385312e-01
3.318773253094384756e-01
3.318773253094385312e-01
3.318773253094385312e-01
3.318773253094385312e-01
3.318773253094384756e-01
3.318773253094385312e-01
3.318773253094385312e-01
3.318773253094385312e-01
3.318773253094385312e-01
3.318773253094384201e-01
3.318773253094382536e-01
3.318773253094379760e-01
3.318773253094379760e-01
3.318773253094393638e-01
3.318773253094438047e-01
3.318773253094510767e-01
3.318773253094514097e-01
3.318773253094179920e-01
3.318773253093129094e-01
3.318773253091480968e-01
3.318773253091423237e-01
3.318773253099172038e-01
3.318773253123474265e-01
3.318773253161554360e-01
3.318773253162727865e-01
3.318773252983185928e-01
3.318773252420822439e-01
3.318773251540770297e-01
3.318773251517209699e-01
3.318773255677622824e-01
3.318773268691269096e-01
3.318773289029462448e-01
3.318773289490797307e-01
3.318773193084856299e-01
3.318772891937119551e-01
3.318772421918761983e-01
3.318772413184161718e-01
3.318774647114091647e-01
3.318781615953401709e-01
3.318792478175035532e-01
3.318792635384929524e-01
3.318740870845381941e-01
3.318579614535322464e-01
3.318328626085253474e-01
3.318326028086540092e-01
3.319525598306476422e-01
3.323261743511729538e-01
3.329082019974896611e-01
3.329118265049277325e-01
3.301367875757654780e-01
3.217296097634929630e-01
3.092908193535833794e-01
3.092657402839161240e-01
3.764640071938564203e-01
