3.515449568822824888e-01
3.019927311833454642e-01
2.935979182051608460e-01
2.926752233438758011e-01
2.927622961361316944e-01
2.928417920002269192e-01
2.928649398213369892e-01
2.928684905805357119e-01
2.928683461522569864e-01
2.928680685045276233e-01
2.928679762129631770e-01
2.928679606154699910e-01
2.928679610665871902e-01
2.928679623059479153e-01
2.928679627397617335e-01
2.928679628161992565e-01
2.928679628143516234e-01
2.928679628081833908e-01
2.928679628059664419e-01
2.928679628055674278e-01
2.928679628055760875e-01
2.928679628056086726e-01
2.928679628056207740e-01
2.928679628056227724e-01
2.928679628056232720e-01
2.928679628056226614e-01
2.928679628056226614e-01
2.928679628056225503e-01
2.928679628056225503e-01
2.928679628056225503e-01
2.928679628056224948e-01
2.928679628056225503e-01
2.928679628056225503e-01
2.928679628056224948e-01
2.928679628056224948e-01
2.928679628056225503e-01
2.928679628056225503e-01
2.928679628056224948e-01
2.928679628056224948e-01
2.928679628056225503e-01
2.928679628056225503e-01
2.928679628056224948e-01
2.928679628056224948e-01
2.928679628056225503e-01
2.928679628056225503e-01
2.928679628056224948e-01
2.928679628056224948e-01
2.928679628056225503e-01
2.928679628056225503e-01
2.928679628056224948e-01
2.928679628056224948e-01
2.928679628056225503e-01
2.928679628056225503e-01
2.928679628056224948e-01
2.928679628056224948e-01
2.928679628056225503e-01
2.928679628056225503e-01
2.928679628056224948e-01
2.928679628056224948e-01
2.928679628056225503e-01
2.928679628056225503e-01
2.928679628056224948e-01
2.928679628056224948e-01
2.928679628056225503e-01
2.928679628056225503e-01
2.928679628056224948e-01
2.928679628056224948e-01
2.928679628056225503e-01
2.928679628056225503e-01
2.928679628056224948e-01
2.928679628056224948e-01
2.928679628056225503e-01
2.928679628056225503e-01
2.928679628056224948e-01
2.928679628056224948e-01
2.928679628056225503e-01
2.928679628056225503e-01
2.928679628056224948e-01
2.928679628056224948e-01
2.928679628056225503e-01
2.928679628056225503e-01
2.928679628056224948e-01
2.928679628056224948e-01
2.928679628056225503e-01
2.928679628056225503e-01
2.928679628056224948e-01
2.928679628056224948e-01
2.928679628056225503e-01
2.928679628056225503e-01
2.928679628056224948e-01
2.928679628056224948e-01
2.928679628056225503e-01
2.928679628056225503e-01
2.928679628056224948e-01
2.928679628056224948e-01
2.928679628056225503e-01
2.928679628056225503e-01
2.928679628056224948e-01
2.928679628056225503e-01
2.928679628056225503e-01
2.928679628056225503e-01
2.928679628056226614e-01
2.928679628056226614e-01
2.928679628056232720e-01
2.928679628056227724e-01
2.928679628056207740e-01
2.928679628056086726e-01
2.928679628055760875e-01
2.928679628055674278e-01
2.928679628059664974e-01
2.928679628081833908e-01
2.928679628143516234e-01
2.928679628161992565e-01
2.928679627397617335e-01
2.928679623059479153e-01
2.928679610665871902e-01
2.928679606154700465e-01
2.928679762129631770e-01
2.928680685045276233e-01
2.928683461522569864e-01
2.928684905805357119e-01
2.928649398213369892e-01
2.928417920002268082e-01
2.927622961361316944e-01
2.926752233438758566e-01
2.935979182051608460e-01
3.019927311833454642e-01
3.515449568822824888e-01
