8.400309888148932425e-02
7.293465649096872450e-02
6.709926699562926422e-02
6.380474989284357079e-02
6.186974191173174459e-02
6.070614810103133752e-02
5.999636661614653199e-02
5.955959519251706469e-02
5.928936590642655546e-02
5.912161303776073545e-02
5.901725926546395884e-02
5.895225881050719652e-02
5.891173841251263338e-02
5.888646587474186123e-02
5.887069847469607320e-02
5.886085935571840067e-02
5.885471883470641541e-02
5.885088629103938512e-02
5.884849413565124143e-02
5.884700098288315334e-02
5.884606895949626160e-02
5.884548718585038557e-02
5.884512403752445442e-02
5.884489735625716977e-02
5.884475585898728267e-02
5.884466753455187132e-02
5.884461240127925041e-02
5.884457798637329762e-02
5.884455650415119227e-02
5.884454309468323263e-02
5.884453472433397864e-02
5.884452949946661349e-02
5.884452623804757587e-02
5.884452420223605651e-02
5.884452293146254231e-02
5.884452213823395533e-02
5.884452164309375566e-02
5.884452133402319485e-02
5.884452114109900434e-02
5.884452102067436186e-02
5.884452094550453316e-02
5.884452089858305257e-02
5.884452086929442549e-02
5.884452085101232049e-02
5.884452083960055313e-02
5.884452083247729282e-02
5.884452082803091899e-02
5.884452082525548633e-02
5.884452082352305269e-02
5.884452082244166771e-02
5.884452082176666599e-02
5.884452082134533635e-02
5.884452082108233839e-02
5.884452082091818498e-02
5.884452082081571833e-02
5.884452082075178336e-02
5.884452082071186391e-02
5.884452082068698103e-02
5.884452082067147954e-02
5.884452082066185530e-02
5.884452082065592948e-02
5.884452082065237677e-02
5.884452082065036449e-02
5.884452082064946243e-02
5.884452082064946243e-02
5.884452082065036449e-02
5.884452082065237677e-02
5.884452082065592948e-02
5.884452082066185530e-02
5.884452082067147954e-02
5.884452082068698103e-02
5.884452082071186391e-02
5.884452082075177642e-02
5.884452082081571833e-02
5.884452082091818498e-02
5.884452082108233145e-02
5.884452082134533635e-02
5.884452082176667986e-02
5.884452082244166771e-02
5.884452082352305269e-02
5.884452082525548633e-02
5.884452082803091899e-02
5.884452083247727894e-02
5.884452083960055313e-02
5.884452085101231356e-02
5.884452086929441855e-02
5.884452089858305257e-02
5.884452094550451928e-02
5.884452102067436186e-02
5.884452114109900434e-02
5.884452133402319485e-02
5.884452164309375566e-02
5.884452213823395533e-02
5.884452293146254231e-02
5.884452420223605651e-02
5.884452623804757587e-02
5.884452949946661349e-02
5.884453472433397864e-02
5.884454309468321875e-02
5.884455650415119227e-02
5.884457798637328374e-02
5.884461240127925041e-02
5.884466753455186439e-02
5.884475585898728267e-02
5.884489735625716977e-02
5.884512403752445442e-02
5.884548718585038557e-02
5.884606895949626160e-02
5.884700098288313946e-02
5.884849413565124143e-02
5.885088629103938512e-02
5.885471883470641541e-02
5.886085935571840067e-02
5.887069847469607320e-02
5.888646587474186123e-02
5.891173841251261950e-02
5.895225881050719652e-02
5.901725926546395884e-02
5.912161303776072852e-02
5.928936590642654159e-02
5.955959519251706469e-02
5.999636661614653199e-02
6.070614810103133752e-02
6.186974191173174459e-02
6.380474989284357079e-02
6.709926699562926422e-02
7.293465649096872450e-02
8.400309888148932425e-02
