1.029118774098522343e-01
9.173345711415156756e-02
8.723254542369787701e-02
8.528962867331887909e-02
8.442526046100284898e-02
8.403551876682693877e-02
8.385871642973183326e-02
8.377829108158718618e-02
8.374166082409569001e-02
8.372496781852675762e-02
8.371735856796239106e-02
8.371388959856485013e-02
8.371230805118190510e-02
8.371158698638128670e-02
8.371125823249779552e-02
8.371110834364581255e-02
8.371104000467941009e-02
8.371100884682407262e-02
8.371099464099672482e-02
8.371098816412615717e-02
8.371098521112536883e-02
8.371098386476431841e-02
8.371098325091873293e-02
8.371098297104873076e-02
8.371098284344799523e-02
8.371098278527122627e-02
8.371098275874680472e-02
8.371098274665360328e-02
8.371098274113997206e-02
8.371098273862617734e-02
8.371098273748006635e-02
8.371098273695752601e-02
8.371098273671928602e-02
8.371098273661066458e-02
8.371098273656116251e-02
8.371098273653856947e-02
8.371098273652828603e-02
8.371098273652358146e-02
8.371098273652144428e-02
8.371098273652047284e-02
8.371098273652002875e-02
8.371098273651982058e-02
8.371098273651972344e-02
8.371098273651968180e-02
8.371098273651966792e-02
8.371098273651965405e-02
8.371098273651965405e-02
8.371098273651965405e-02
8.371098273651965405e-02
8.371098273651964017e-02
8.371098273651964017e-02
8.371098273651964017e-02
8.371098273651965405e-02
8.371098273651964017e-02
8.371098273651964017e-02
8.371098273651964017e-02
8.371098273651965405e-02
8.371098273651964017e-02
8.371098273651964017e-02
8.371098273651964017e-02
8.371098273651965405e-02
8.371098273651964017e-02
8.371098273651964017e-02
8.371098273651964017e-02
8.371098273651965405e-02
8.371098273651964017e-02
8.371098273651964017e-02
8.371098273651964017e-02
8.371098273651965405e-02
8.371098273651964017e-02
8.371098273651964017e-02
8.371098273651964017e-02
8.371098273651965405e-02
8.371098273651964017e-02
8.371098273651964017e-02
8.371098273651964017e-02
8.371098273651965405e-02
8.371098273651964017e-02
8.371098273651964017e-02
8.371098273651964017e-02
8.371098273651965405e-02
8.371098273651965405e-02
8.371098273651965405e-02
8.371098273651966792e-02
8.371098273651968180e-02
8.371098273651972344e-02
8.371098273651982058e-02
8.371098273652002875e-02
8.371098273652047284e-02
8.371098273652143040e-02
8.371098273652358146e-02
8.371098273652828603e-02
8.371098273653856947e-02
8.371098273656113475e-02
8.371098273661065070e-02
8.371098273671928602e-02
8.371098273695752601e-02
8.371098273748006635e-02
8.371098273862617734e-02
8.371098274113998594e-02
8.371098274665358940e-02
8.371098275874680472e-02
8.371098278527122627e-02
8.371098284344798135e-02
8.371098297104873076e-02
8.371098325091871906e-02
8.371098386476430453e-02
8.371098521112536883e-02
8.371098816412614330e-02
8.371099464099672482e-02
8.371100884682407262e-02
8.371104000467941009e-02
8.371110834364581255e-02
8.371125823249778164e-02
8.371158698638128670e-02
8.371230805118190510e-02
8.371388959856485013e-02
8.371735856796237718e-02
8.372496781852672987e-02
8.374166082409567613e-02
8.377829108158718618e-02
8.385871642973184714e-02
8.403551876682693877e-02
8.442526046100284898e-02
8.528962867331887909e-02
8.723254542369787701e-02
9.173345711415156756e-02
1.029118774098522204e-01
