6.672876226432170044e-02
5.125884714829948008e-02
4.207564635017568833e-02
3.674590136743616925e-02
3.365901650483253682e-02
3.178864335773275152e-02
3.052039712467428251e-02
2.953974212146962680e-02
2.872424013761599310e-02
2.803971184534984062e-02
2.747196234650467472e-02
2.700390052492736281e-02
2.661590537979494075e-02
2.629248904353231192e-02
2.602161639332076920e-02
2.579374339511237776e-02
2.560124696522048104e-02
2.543798129983666084e-02
2.529893840671421090e-02
2.518000632715385739e-02
2.507778956364735065e-02
2.498947942815052392e-02
2.491278095407137988e-02
2.484584301480954188e-02
2.478720265918878118e-02
2.473571437439795601e-02
2.469046500987912007e-02
2.465070781379021664e-02
2.461579514044486688e-02
2.458515145936360571e-02
2.455826642824570152e-02
2.453467351166818688e-02
2.451396419889288747e-02
2.451396419889288053e-02
2.451396419889288747e-02
2.451396419889288053e-02
2.451396419889288747e-02
2.451396419889288053e-02
2.451396419889288747e-02
2.451396419889288053e-02
2.451396419889288747e-02
2.451396419889288053e-02
2.451396419889288747e-02
2.451396419889288053e-02
2.451396419889288747e-02
2.451396419889288053e-02
2.451396419889288747e-02
2.451396419889288053e-02
2.451396419889288747e-02
2.451396419889288053e-02
2.451396419889288747e-02
2.451396419889288053e-02
2.451396419889288747e-02
2.451396419889288053e-02
2.451396419889288747e-02
2.451396419889288053e-02
2.451396419889288747e-02
2.451396419889288053e-02
2.451396419889288747e-02
2.451396419889288053e-02
2.451396419889288747e-02
2.451396419889288053e-02
2.451396419889288747e-02
2.451396419889288053e-02
2.451396419889288747e-02
2.451396419889288053e-02
2.451396419889288747e-02
2.451396419889288053e-02
2.451396419889288747e-02
2.451396419889288053e-02
2.451396419889288747e-02
2.451396419889288053e-02
2.451396419889288747e-02
2.451396419889288053e-02
2.451396419889288747e-02
2.451396419889288053e-02
2.451396419889288747e-02
2.451396419889288053e-02
2.451396419889288747e-02
2.451396419889288053e-02
2.451396419889288747e-02
2.451396419889288053e-02
2.451396419889288747e-02
2.451396419889288053e-02
2.451396419889288747e-02
2.451396419889288053e-02
2.451396419889288747e-02
2.451396419889288053e-02
2.451396419889288747e-02
2.451396419889288053e-02
2.451396419889288747e-02
2.451396419889288053e-02
2.451396419889288747e-02
2.451396419889288053e-02
2.451396419889288747e-02
2.451396419889288053e-02
2.452840077884496650e-02
2.454620317989139600e-02
2.456783597023113469e-02
2.459383653077207646e-02
2.462483092390617065e-02
2.466154559973224997e-02
2.470484957880004356e-02
2.475575390083670918e-02
2.481546119315570370e-02
2.488539825451906509e-02
2.496726142701841816e-02
2.506307974776815148e-02
2.517527955210120683e-02
2.530678500045025967e-02
2.546113195215753827e-02
2.564262265226795179e-02
2.585652470566666278e-02
2.610933005211118693e-02
2.640910017384378444e-02
2.676593368169291609e-02
2.719256524758944041e-02
2.770539246126235353e-02
2.832525608395633498e-02
2.907069794945847663e-02
2.995772775594876536e-02
3.102330060006586870e-02
3.239555722492603457e-02
3.440191166838696413e-02
3.768383771895038314e-02
4.332035286623181491e-02
5.301944022178047000e-02
6.938517050357946581e-02
