1.157617289700902663e-01
1.071974300409271746e-01
1.049334201072638639e-01
1.043021679819756686e-01
1.041235493100941545e-01
1.040727967957220113e-01
1.040583589998813341e-01
1.040542504386220285e-01
1.040530811551847318e-01
1.040527483720801727e-01
1.040526536599248597e-01
1.040526267042169439e-01
1.040526190324455869e-01
1.040526168490106679e-01
1.040526162275917377e-01
1.040526160507322384e-01
1.040526160003970302e-01
1.040526159860713507e-01
1.040526159819942231e-01
1.040526159808338319e-01
1.040526159805035822e-01
1.040526159804095740e-01
1.040526159803828454e-01
1.040526159803752126e-01
1.040526159803730755e-01
1.040526159803724510e-01
1.040526159803722567e-01
1.040526159803722150e-01
1.040526159803722150e-01
1.040526159803722150e-01
1.040526159803721873e-01
1.040526159803721873e-01
1.040526159803721873e-01
1.040526159803721873e-01
1.040526159803721873e-01
1.040526159803721873e-01
1.040526159803721873e-01
1.040526159803721873e-01
1.040526159803721873e-01
1.040526159803721873e-01
1.040526159803721873e-01
1.040526159803721873e-01
1.040526159803721873e-01
1.040526159803721873e-01
1.040526159803721873e-01
1.040526159803721873e-01
1.040526159803721873e-01
1.040526159803721873e-01
1.040526159803721873e-01
1.040526159803721873e-01
1.040526159803721873e-01
1.040526159803721873e-01
1.040526159803721873e-01
1.040526159803721873e-01
1.040526159803721873e-01
1.040526159803721873e-01
1.040526159803721873e-01
1.040526159803721873e-01
1.040526159803721873e-01
1.040526159803721873e-01
1.040526159803721873e-01
1.040526159803721873e-01
1.040526159803721873e-01
1.040526159803721873e-01
1.040526159803721873e-01
1.040526159803721873e-01
1.040526159803721873e-01
1.040526159803721873e-01
1.040526159803721873e-01
1.040526159803721873e-01
1.040526159803721873e-01
1.040526159803721873e-01
1.040526159803721873e-01
1.040526159803721873e-01
1.040526159803721873e-01
1.040526159803721873e-01
1.040526159803721873e-01
1.040526159803721873e-01
1.040526159803721873e-01
1.040526159803721873e-01
1.040526159803721873e-01
1.040526159803721873e-01
1.040526159803721873e-01
1.040526159803721873e-01
1.040526159803721873e-01
1.040526159803721873e-01
1.040526159803721873e-01
1.040526159803721873e-01
1.040526159803721873e-01
1.040526159803721873e-01
1.040526159803721873e-01
1.040526159803721873e-01
1.040526159803721873e-01
1.040526159803721873e-01
1.040526159803721873e-01
1.040526159803721873e-01
1.040526159803721873e-01
1.040526159803721873e-01
1.040526159803721873e-01
1.040526159803722150e-01
1.040526159803722150e-01
1.040526159803722706e-01
1.040526159803724371e-01
1.040526159803730755e-01
1.040526159803752404e-01
1.040526159803828316e-01
1.040526159804095740e-01
1.040526159805035822e-01
1.040526159808338458e-01
1.040526159819942231e-01
1.040526159860713645e-01
1.040526160003970302e-01
1.040526160507322384e-01
1.040526162275917377e-01
1.040526168490106540e-01
1.040526190324455730e-01
1.040526267042169162e-01
1.040526536599248597e-01
1.040527483720801449e-01
1.040530811551847318e-01
1.040542504386220146e-01
1.040583589998813341e-01
1.040727967957220113e-01
1.041235493100941545e-01
1.043021679819756409e-01
1.049334201072638639e-01
1.071974300409271608e-01
1.157617289700902663e-01
