6.432839326100232846e-02
5.639204398272601448e-02
5.268724592248212601e-02
4.954443354867590910e-02
4.753987286849038763e-02
4.595479448940993639e-02
4.465489995687527136e-02
4.370080308706284639e-02
4.285316136923161823e-02
4.218616578062876071e-02
4.166230465676634687e-02
4.122684646122468100e-02
4.086491070203582265e-02
4.056270423480799747e-02
4.030918186272264281e-02
4.009557233592797587e-02
3.991487561479107465e-02
3.976143217376786054e-02
3.963063794245419436e-02
3.951871914812600528e-02
3.942254586969899666e-02
3.933952399344792239e-02
3.926746484174260809e-02
3.920453375319918332e-02
3.914939305043767942e-02
3.910105497433004340e-02
3.905867031853409166e-02
3.902149311034162210e-02
3.898887829640487052e-02
3.896025493925284189e-02
3.893513103954234639e-02
3.891307417683703695e-02
3.889370421797527788e-02
3.889370421797527788e-02
3.889370421797527788e-02
3.889370421797527788e-02
3.889370421797527788e-02
3.889370421797527788e-02
3.889370421797527788e-02
3.889370421797527788e-02
3.889370421797527788e-02
3.889370421797527788e-02
3.889370421797527788e-02
3.889370421797527788e-02
3.889370421797527788e-02
3.889370421797527788e-02
3.889370421797527788e-02
3.889370421797527788e-02
3.889370421797527788e-02
3.889370421797527788e-02
3.889370421797527788e-02
3.889370421797527788e-02
3.889370421797527788e-02
3.889370421797527788e-02
3.889370421797527788e-02
3.889370421797527788e-02
3.889370421797527788e-02
3.889370421797527788e-02
3.889370421797527788e-02
3.889370421797527788e-02
3.889370421797527788e-02
3.889370421797527788e-02
3.889370421797527788e-02
3.889370421797527788e-02
3.889370421797527788e-02
3.889370421797527788e-02
3.889370421797527788e-02
3.889370421797527788e-02
3.889370421797527788e-02
3.889370421797527788e-02
3.889370421797527788e-02
3.889370421797527788e-02
3.889370421797527788e-02
3.889370421797527788e-02
3.889370421797527788e-02
3.889370421797527788e-02
3.889370421797527788e-02
3.889370421797527788e-02
3.889370421797527788e-02
3.889370421797527788e-02
3.889370421797527788e-02
3.889370421797527788e-02
3.889370421797527788e-02
3.889370421797527788e-02
3.889370421797527788e-02
3.889370421797527788e-02
3.889370421797527788e-02
3.889370421797527788e-02
3.889370421797527788e-02
3.889370421797527788e-02
3.889370421797527788e-02
3.889370421797527788e-02
3.889370421797527788e-02
3.889370421797527788e-02
3.889370421797527788e-02
3.889370421797527788e-02
3.890753665571580755e-02
3.892451349115703951e-02
3.894507618452985875e-02
3.896973118184484525e-02
3.899906967823220383e-02
3.903378790243740987e-02
3.907468860363775415e-02
3.912272118067537663e-02
3.917901023508263414e-02
3.924488591496674145e-02
3.932192898600329889e-02
3.941200930395202806e-02
3.951737060806961854e-02
3.964070473542885553e-02
3.978524687297941426e-02
3.995492614570999440e-02
4.015452107637356577e-02
4.038991285533459485e-02
4.066838236185508354e-02
4.099902373312810933e-02
4.139327777098447680e-02
4.186542863048298146e-02
4.243091340732930289e-02
4.314554956929421425e-02
4.404758583552483009e-02
4.506303258531943468e-02
4.643563886603799262e-02
4.810415006135493332e-02
5.020849567220007914e-02
5.348149734782960130e-02
5.733689286565775423e-02
6.555783766979196570e-02
