6.124505178436570052e-01
5.679125658122798903e-01
5.348455402619534116e-01
5.123795707520104603e-01
4.979460327256477470e-01
4.885997486397740119e-01
4.819740636978958603e-01
4.766782536038239870e-01
4.721526243703174641e-01
4.682641302628142155e-01
4.649741959967974014e-01
4.622160819214173877e-01
4.598974079725762776e-01
4.579416440371513741e-01
4.562871671301723109e-01
4.548835082985946965e-01
4.536892090589054183e-01
4.526700295927484907e-01
4.517975225495771130e-01
4.510478466236401696e-01
4.504010350112610528e-01
4.498403675968346560e-01
4.493520003789531758e-01
4.489246902315853216e-01
4.485495239912989929e-01
4.482194769248418753e-01
4.479289248536567625e-01
4.476732517116993604e-01
4.474484324569794058e-01
4.472508702280365012e-01
4.470773601237053585e-01
4.469249602454640202e-01
4.467910825586589030e-01
4.467910825586588475e-01
4.467910825586589030e-01
4.467910825586588475e-01
4.467910825586589030e-01
4.467910825586588475e-01
4.467910825586589030e-01
4.467910825586588475e-01
4.467910825586589030e-01
4.467910825586588475e-01
4.467910825586589030e-01
4.467910825586588475e-01
4.467910825586589030e-01
4.467910825586588475e-01
4.467910825586589030e-01
4.467910825586588475e-01
4.467910825586589030e-01
4.467910825586588475e-01
4.467910825586589030e-01
4.467910825586588475e-01
4.467910825586589030e-01
4.467910825586588475e-01
4.467910825586589030e-01
4.467910825586588475e-01
4.467910825586589030e-01
4.467910825586588475e-01
4.467910825586589030e-01
4.467910825586588475e-01
4.467910825586589030e-01
4.467910825586588475e-01
4.467910825586589030e-01
4.467910825586588475e-01
4.467910825586589030e-01
4.467910825586588475e-01
4.467910825586589030e-01
4.467910825586588475e-01
4.467910825586589030e-01
4.467910825586588475e-01
4.467910825586589030e-01
4.467910825586588475e-01
4.467910825586589030e-01
4.467910825586588475e-01
4.467910825586589030e-01
4.467910825586588475e-01
4.467910825586589030e-01
4.467910825586588475e-01
4.467910825586589030e-01
4.467910825586588475e-01
4.467910825586589030e-01
4.467910825586588475e-01
4.467910825586589030e-01
4.467910825586588475e-01
4.467910825586589030e-01
4.467910825586588475e-01
4.467910825586589030e-01
4.467910825586588475e-01
4.467910825586589030e-01
4.467910825586588475e-01
4.467910825586589030e-01
4.467910825586588475e-01
4.467910825586589030e-01
4.467910825586588475e-01
4.467910825586589030e-01
4.467910825586588475e-01
4.468844198012575930e-01
4.469994526690144188e-01
4.471391391065264731e-01
4.473068857645843277e-01
4.475066452117674731e-01
4.477429840875412070e-01
4.480213407286556260e-01
4.483480044152876598e-01
4.487304109146790232e-01
4.491773213147739474e-01
4.496990341784111167e-01
4.503077650699977563e-01
4.510179867030449929e-01
4.518468726071276365e-01
4.528148976746563803e-01
4.539465783026858103e-01
4.552713279769002863e-01
4.568245793855271186e-01
4.586492524397552950e-01
4.607975137209171512e-01
4.633328969309927770e-01
4.663341155387891179e-01
4.698963841605597880e-01
4.740891938471087919e-01
4.789545517243648520e-01
4.846306411341675391e-01
4.916861097889075882e-01
5.015273349522222368e-01
5.165440850434672715e-01
5.397072132914884079e-01
5.735980665868392059e-01
6.190587968528389329e-01
