2.661933301914398697e-01
1.779990030947707635e-01
1.381301794428634599e-01
1.195011274562739895e-01
1.122352893188682810e-01
1.121499077727953209e-01
1.172386005020761152e-01
1.263174634400620056e-01
1.383825796150146559e-01
1.522747619623459614e-01
1.665696368982427789e-01
1.796969063002001321e-01
1.902456551365697690e-01
1.973091684359445930e-01
2.006809360482061100e-01
2.008035584700943454e-01
1.985266180894943444e-01
1.948171489162136005e-01
1.905409172749208679e-01
1.863539701545509353e-01
1.826836479031847260e-01
1.797590198405563389e-01
1.776580741281038045e-01
1.763535170010181174e-01
1.757504530050319758e-01
1.757153892745877410e-01
1.760982503095990526e-01
1.767492062001313202e-01
1.775314422184310903e-01
1.783302897537248077e-01
1.790587430636111921e-01
1.796593847490561280e-01
1.801030170316878787e-01
1.803846643230059554e-01
1.805178922723667534e-01
1.805284759232605729e-01
1.804483355083463525e-01
1.803104051578827971e-01
1.801447968982753944e-01
1.799763469015868977e-01
1.798234276209680349e-01
1.796977896775374117e-01
1.796051500866421846e-01
1.795462478486855029e-01
1.795181231279525391e-01
1.795154258352829879e-01
1.795316126175510729e-01
1.795599417611379034e-01
1.795942199879857759e-01
1.796292918357754453e-01
1.796612904207975647e-01
1.796876876376402588e-01
1.797071925807547932e-01
1.797195500882088626e-01
1.797252882273177588e-01
1.797254560205297780e-01
1.797213826007536541e-01
1.797144780046513735e-01
1.797060853644929790e-01
1.796973853450635761e-01
1.796893468808710148e-01
1.796827138288163150e-01
1.796780150127938458e-01
1.796755850598463766e-01
1.796755850598463766e-01
1.796780150127938458e-01
1.796827138288162873e-01
1.796893468808709871e-01
1.796973853450635761e-01
1.797060853644929790e-01
1.797144780046513735e-01
1.797213826007536819e-01
1.797254560205298057e-01
1.797252882273177588e-01
1.797195500882088626e-01
1.797071925807548765e-01
1.796876876376402588e-01
1.796612904207975647e-01
1.796292918357754453e-01
1.795942199879857759e-01
1.795599417611379034e-01
1.795316126175510729e-01
1.795154258352829879e-01
1.795181231279525114e-01
1.795462478486855029e-01
1.796051500866421846e-01
1.796977896775373562e-01
1.798234276209679794e-01
1.799763469015868422e-01
1.801447968982753389e-01
1.803104051578827693e-01
1.804483355083463525e-01
1.805284759232604896e-01
1.805178922723666979e-01
1.803846643230059554e-01
1.801030170316877954e-01
1.796593847490561002e-01
1.790587430636111366e-01
1.783302897537248077e-01
1.775314422184310625e-01
1.767492062001312647e-01
1.760982503095990526e-01
1.757153892745877410e-01
1.757504530050319758e-01
1.763535170010180897e-01
1.776580741281038045e-01
1.797590198405563389e-01
1.826836479031847260e-01
1.863539701545509353e-01
1.905409172749208679e-01
1.948171489162136005e-01
1.985266180894943444e-01
2.008035584700943454e-01
2.006809360482061377e-01
1.973091684359445930e-01
1.902456551365697690e-01
1.796969063002001876e-01
1.665696368982427789e-01
1.522747619623459614e-01
1.383825796150146836e-01
1.263174634400620056e-01
1.172386005020761152e-01
1.121499077727953209e-01
1.122352893188682810e-01
1.195011274562739895e-01
1.381301794428634599e-01
1.779990030947707635e-01
2.661933301914398697e-01
