6.717678231811709255e-02
5.703930498526877529e-02
5.220359767962859388e-02
4.956502947263351916e-02
4.739602346764854035e-02
4.566313094905320724e-02
4.451714086189070135e-02
4.372617979279974643e-02
4.309357407256055733e-02
4.259783536129876924e-02
4.223591039314963935e-02
4.197728414133437141e-02
4.179466059372140968e-02
4.166934357616347562e-02
4.158724384353085918e-02
4.153746066019456396e-02
4.151150022858509508e-02
4.150274334139487931e-02
4.150606034538371208e-02
4.151751343482317641e-02
4.153411874783091012e-02
4.155366092658888816e-02
4.157454095208554246e-02
4.159561827187031879e-02
4.161605675115711417e-02
4.163523518705975618e-02
4.165273689181671346e-02
4.166832695823406707e-02
4.168191817978907088e-02
4.169351645974719162e-02
4.170320486682448091e-02
4.171111894383255914e-02
4.171742502348683296e-02
4.171742502348682602e-02
4.171742502348682602e-02
4.171742502348682602e-02
4.171742502348683296e-02
4.171742502348682602e-02
4.171742502348682602e-02
4.171742502348682602e-02
4.171742502348683296e-02
4.171742502348682602e-02
4.171742502348682602e-02
4.171742502348682602e-02
4.171742502348683296e-02
4.171742502348682602e-02
4.171742502348682602e-02
4.171742502348682602e-02
4.171742502348683296e-02
4.171742502348682602e-02
4.171742502348682602e-02
4.171742502348682602e-02
4.171742502348683296e-02
4.171742502348682602e-02
4.171742502348682602e-02
4.171742502348682602e-02
4.171742502348683296e-02
4.171742502348682602e-02
4.171742502348682602e-02
4.171742502348682602e-02
4.171742502348683296e-02
4.171742502348682602e-02
4.171742502348682602e-02
4.171742502348682602e-02
4.171742502348683296e-02
4.171742502348682602e-02
4.171742502348682602e-02
4.171742502348682602e-02
4.171742502348683296e-02
4.171742502348682602e-02
4.171742502348682602e-02
4.171742502348682602e-02
4.171742502348683296e-02
4.171742502348682602e-02
4.171742502348682602e-02
4.171742502348682602e-02
4.171742502348683296e-02
4.171742502348682602e-02
4.171742502348682602e-02
4.171742502348682602e-02
4.171742502348683296e-02
4.171742502348682602e-02
4.171742502348682602e-02
4.171742502348682602e-02
4.171742502348683296e-02
4.171742502348682602e-02
4.171742502348682602e-02
4.171742502348682602e-02
4.171742502348683296e-02
4.171742502348682602e-02
4.171742502348682602e-02
4.171742502348682602e-02
4.171742502348683296e-02
4.171742502348682602e-02
4.171742502348682602e-02
4.171742502348682602e-02
4.171292875938808348e-02
4.170684406189045790e-02
4.169891852924231118e-02
4.168892660866013733e-02
4.167669380145098273e-02
4.166211804321877377e-02
4.164520787634857363e-02
4.162611832966745667e-02
4.160520706662005491e-02
4.158309190110493631e-02
4.156072466266690080e-02
4.153948573262807031e-02
4.152128823518394518e-02
4.150870720093490646e-02
4.150513458741030004e-02
4.151496785156845448e-02
4.154384232838254781e-02
4.159892634961438046e-02
4.168930380372322386e-02
4.182650756549489979e-02
4.202529513972843439e-02
4.230507569026819431e-02
4.269394993272342120e-02
4.322325648111684238e-02
4.389686174633292137e-02
4.473759004000792128e-02
4.594499112820299436e-02
4.775388894033923137e-02
5.001303368258963600e-02
5.275985685619504623e-02
5.775285560665888857e-02
6.815351840781419535e-02
