1.697733579296989148e-01
1.686208005478281591e-01
1.678592377403815838e-01
1.672776380751930803e-01
1.668275625898775205e-01
1.664633182266881395e-01
1.661682065826624866e-01
1.659208391299499263e-01
1.657151017507698665e-01
1.655394973405596437e-01
1.654015920158656283e-01
1.652847669702552369e-01
1.651862883370311119e-01
1.651030969423589179e-01
1.650326254206047338e-01
1.649727599917660825e-01
1.649217647522013275e-01
1.648782012819191289e-01
1.648408821484363962e-01
1.648088093968963497e-01
1.647811464826944572e-01
1.647571885203174269e-01
1.647363365894568277e-01
1.647180799523838002e-01
1.647020482619692971e-01
1.646879686353916183e-01
1.646756034014018599e-01
1.646647422715190601e-01
1.646552003507405493e-01
1.646468180996973341e-01
1.646394516012120168e-01
1.646329783601034880e-01
1.646272914633820639e-01
1.646272914633820639e-01
1.646272914633820639e-01
1.646272914633820639e-01
1.646272914633820639e-01
1.646272914633820639e-01
1.646272914633820639e-01
1.646272914633820639e-01
1.646272914633820639e-01
1.646272914633820639e-01
1.646272914633820639e-01
1.646272914633820639e-01
1.646272914633820639e-01
1.646272914633820639e-01
1.646272914633820639e-01
1.646272914633820639e-01
1.646272914633820639e-01
1.646272914633820639e-01
1.646272914633820639e-01
1.646272914633820639e-01
1.646272914633820639e-01
1.646272914633820639e-01
1.646272914633820639e-01
1.646272914633820639e-01
1.646272914633820639e-01
1.646272914633820639e-01
1.646272914633820639e-01
1.646272914633820639e-01
1.646272914633820639e-01
1.646272914633820639e-01
1.646272914633820639e-01
1.646272914633820639e-01
1.646272914633820639e-01
1.646272914633820639e-01
1.646272914633820639e-01
1.646272914633820639e-01
1.646272914633820639e-01
1.646272914633820639e-01
1.646272914633820639e-01
1.646272914633820639e-01
1.646272914633820639e-01
1.646272914633820639e-01
1.646272914633820639e-01
1.646272914633820639e-01
1.646272914633820639e-01
1.646272914633820639e-01
1.646272914633820639e-01
1.646272914633820639e-01
1.646272914633820639e-01
1.646272914633820639e-01
1.646272914633820639e-01
1.646272914633820639e-01
1.646272914633820639e-01
1.646272914633820639e-01
1.646272914633820639e-01
1.646272914633820639e-01
1.646272914633820639e-01
1.646272914633820639e-01
1.646272914633820639e-01
1.646272914633820639e-01
1.646272914633820639e-01
1.646272914633820639e-01
1.646272914633820639e-01
1.646272914633820639e-01
1.646313523936770440e-01
1.646363333441910326e-01
1.646423625647125411e-01
1.646495858355853659e-01
1.646581742522050251e-01
1.646683242550938675e-01
1.646802654334549032e-01
1.646942683446454558e-01
1.647106484708165397e-01
1.647297760276438261e-01
1.647520877497669067e-01
1.647780967877851555e-01
1.648084123937280654e-01
1.648437538685968984e-01
1.648849763213904862e-01
1.649330985600202526e-01
1.649893390536097126e-01
1.650551600743482561e-01
1.651323299518253074e-01
1.652229881272137268e-01
1.653297348274149758e-01
1.654556423170102653e-01
1.656034670007881515e-01
1.657898046924393132e-01
1.660069802627398006e-01
1.662665476389954822e-01
1.665743827902098628e-01
1.669519556264034144e-01
1.674153436842490406e-01
1.680103873564909034e-01
1.687838005594973489e-01
1.699607468829605894e-01
