5.631894800235261872e-02
4.742607735104194949e-02
4.166671239606628552e-02
3.815461732025635794e-02
3.608535495750238298e-02
3.484285252555072154e-02
3.402491688731560521e-02
3.342114970727258494e-02
3.294930193505757332e-02
3.258332083130229678e-02
3.230831339540644886e-02
3.210774461797917534e-02
3.196496761118288593e-02
3.186666625641580014e-02
3.180230598841556067e-02
3.176351589463922293e-02
3.174366776729044964e-02
3.173754185989315080e-02
3.174106314580687344e-02
3.175108970743834719e-02
3.176523799307531121e-02
3.178173285384884583e-02
3.179927493452763126e-02
3.181692424000119590e-02
3.183400305580196682e-02
3.185002908703859353e-02
3.186467416332621622e-02
3.187773642957782844e-02
3.188912542601526900e-02
3.189884078350976870e-02
3.190694831226109640e-02
3.191356377539507350e-02
3.191882974160638320e-02
3.191882974160639014e-02
3.191882974160639014e-02
3.191882974160639014e-02
3.191882974160638320e-02
3.191882974160639014e-02
3.191882974160639014e-02
3.191882974160639014e-02
3.191882974160638320e-02
3.191882974160639014e-02
3.191882974160639014e-02
3.191882974160639014e-02
3.191882974160638320e-02
3.191882974160639014e-02
3.191882974160639014e-02
3.191882974160639014e-02
3.191882974160638320e-02
3.191882974160639014e-02
3.191882974160639014e-02
3.191882974160639014e-02
3.191882974160638320e-02
3.191882974160639014e-02
3.191882974160639014e-02
3.191882974160639014e-02
3.191882974160638320e-02
3.191882974160639014e-02
3.191882974160639014e-02
3.191882974160639014e-02
3.191882974160638320e-02
3.191882974160639014e-02
3.191882974160639014e-02
3.191882974160639014e-02
3.191882974160638320e-02
3.191882974160639014e-02
3.191882974160639014e-02
3.191882974160639014e-02
3.191882974160638320e-02
3.191882974160639014e-02
3.191882974160639014e-02
3.191882974160639014e-02
3.191882974160638320e-02
3.191882974160639014e-02
3.191882974160639014e-02
3.191882974160639014e-02
3.191882974160638320e-02
3.191882974160639014e-02
3.191882974160639014e-02
3.191882974160639014e-02
3.191882974160638320e-02
3.191882974160639014e-02
3.191882974160639014e-02
3.191882974160639014e-02
3.191882974160638320e-02
3.191882974160639014e-02
3.191882974160639014e-02
3.191882974160639014e-02
3.191882974160638320e-02
3.191882974160639014e-02
3.191882974160639014e-02
3.191882974160639014e-02
3.191882974160638320e-02
3.191882974160639014e-02
3.191882974160639014e-02
3.191882974160639014e-02
3.191515726345157955e-02
3.191015958886107839e-02
3.190362390432259498e-02
3.189536048816649094e-02
3.188521980542716183e-02
3.187311628485142018e-02
3.185904869200769512e-02
3.184314230488855674e-02
3.182568414339065344e-02
3.180717484872294665e-02
3.178839058915930438e-02
3.177045203940005030e-02
3.175491204105049259e-02
3.174385714805703224e-02
3.174002693296128219e-02
3.174695838475757870e-02
3.176915945045658690e-02
3.181232109155834181e-02
3.188358230533299559e-02
3.199186466696966186e-02
3.214829490107142668e-02
3.236683286694349432e-02
3.266486516212835367e-02
3.305972956312955291e-02
3.356728042814790397e-02
3.421487448404322840e-02
3.508686607327345108e-02
3.639756885833591443e-02
3.855650104833213687e-02
4.219237049946287371e-02
4.812840295084497982e-02
5.727209131690735172e-02
