3.883485158991125674e-01
3.216742927108083849e-01
3.556714175414087964e-01
3.971363741199347430e-01
3.963661463393557405e-01
3.846563938457097653e-01
3.848595652595769856e-01
3.907447677250610596e-01
3.903544074282080389e-01
3.870055165045924173e-01
3.868981220145982225e-01
3.885145215953549891e-01
3.883494480762900714e-01
3.872345044289108307e-01
3.872164623614811618e-01
3.878513362730184322e-01
3.878073233608858028e-01
3.873640847472975546e-01
3.873603950965399667e-01
3.876342571858031882e-01
3.876210491324915131e-01
3.874257018534324470e-01
3.874257031010517882e-01
3.875561260625718929e-01
3.875515246250810231e-01
3.874558039543815613e-01
3.874563562805213301e-01
3.875230286569600890e-01
3.875210193256782287e-01
3.874719690916701986e-01
3.874726955872394019e-01
3.875080573970459685e-01
3.875074454814789182e-01
3.875074454814789182e-01
3.875074454814789182e-01
3.875074454814789182e-01
3.875074454814789182e-01
3.875074454814789182e-01
3.875074454814789182e-01
3.875074454814789182e-01
3.875074454814789182e-01
3.875074454814789182e-01
3.875074454814789182e-01
3.875074454814789182e-01
3.875074454814789182e-01
3.875074454814789182e-01
3.875074454814789182e-01
3.875074454814789182e-01
3.875074454814789182e-01
3.875074454814789182e-01
3.875074454814789182e-01
3.875074454814789182e-01
3.875074454814789182e-01
3.875074454814789182e-01
3.875074454814789182e-01
3.875074454814789182e-01
3.875074454814789182e-01
3.875074454814789182e-01
3.875074454814789182e-01
3.875074454814789182e-01
3.875074454814789182e-01
3.875074454814789182e-01
3.875074454814789182e-01
3.875074454814789182e-01
3.875074454814789182e-01
3.875074454814789182e-01
3.875074454814789182e-01
3.875074454814789182e-01
3.875074454814789182e-01
3.875074454814789182e-01
3.875074454814789182e-01
3.875074454814789182e-01
3.875074454814789182e-01
3.875074454814789182e-01
3.875074454814789182e-01
3.875074454814789182e-01
3.875074454814789182e-01
3.875074454814789182e-01
3.875074454814789182e-01
3.875074454814789182e-01
3.875074454814789182e-01
3.875074454814789182e-01
3.875074454814789182e-01
3.875074454814789182e-01
3.875074454814789182e-01
3.875074454814789182e-01
3.875074454814789182e-01
3.875074454814789182e-01
3.875074454814789182e-01
3.875074454814789182e-01
3.875074454814789182e-01
3.875074454814789182e-01
3.875074454814789182e-01
3.875074454814789182e-01
3.875074454814789182e-01
3.875074454814789182e-01
3.875077492398884549e-01
3.874802553215520584e-01
3.874795313671176022e-01
3.875219543571435388e-01
3.875239442217415786e-01
3.874616893175602539e-01
3.874612527590887145e-01
3.875568219014361437e-01
3.875620419374040670e-01
3.874258932512701370e-01
3.874266088980740097e-01
3.876397933633581872e-01
3.876557010628730038e-01
3.873552158712130766e-01
3.873610281638157904e-01
3.878527537109991430e-01
3.879044439899944074e-01
3.872091405526313923e-01
3.872329769954583889e-01
3.884518125288304868e-01
3.886377409514902292e-01
3.869017003784294695e-01
3.870267909943272411e-01
3.905864710597691802e-01
3.910145769540572802e-01
3.848495475640673069e-01
3.846588991573424154e-01
3.967903455843156957e-01
3.976125168182430558e-01
3.551842687764872331e-01
3.207210092033492832e-01
3.876389191630500441e-01
