3.744982681773165178e-01
3.338024008529245634e-01
3.287255658540219616e-01
3.284432133069550841e-01
3.285552963298591922e-01
3.286090564931983815e-01
3.286241395116502040e-01
3.286274065732763816e-01
3.286279656810838223e-01
3.286280317289960728e-01
3.286280320481760886e-01
3.286280293122896823e-01
3.286280282844489253e-01
3.286280280217113159e-01
3.286280279687454620e-01
3.286280279604676946e-01
3.286280279596884291e-01
3.286280279597574294e-01
3.286280279598166598e-01
3.286280279598355891e-01
3.286280279598400855e-01
3.286280279598409182e-01
3.286280279598410292e-01
3.286280279598410292e-01
3.286280279598410292e-01
3.286280279598410292e-01
3.286280279598410292e-01
3.286280279598410292e-01
3.286280279598410292e-01
3.286280279598410292e-01
3.286280279598410292e-01
3.286280279598410292e-01
3.286280279598410292e-01
3.286280279598410292e-01
3.286280279598410292e-01
3.286280279598410292e-01
3.286280279598410292e-01
3.286280279598410292e-01
3.286280279598410292e-01
3.286280279598410292e-01
3.286280279598410292e-01
3.286280279598410292e-01
3.286280279598410292e-01
3.286280279598410292e-01
3.286280279598410292e-01
3.286280279598410292e-01
3.286280279598410292e-01
3.286280279598410292e-01
3.286280279598410292e-01
3.286280279598410292e-01
3.286280279598410292e-01
3.286280279598410292e-01
3.286280279598410292e-01
3.286280279598410292e-01
3.286280279598410292e-01
3.286280279598410292e-01
3.286280279598410292e-01
3.286280279598410292e-01
3.286280279598410292e-01
3.286280279598410292e-01
3.286280279598410292e-01
3.286280279598410292e-01
3.286280279598410292e-01
3.286280279598410292e-01
3.286280279598410292e-01
3.286280279598410292e-01
3.286280279598410292e-01
3.286280279598410292e-01
3.286280279598410292e-01
3.286280279598410292e-01
3.286280279598410292e-01
3.286280279598410292e-01
3.286280279598410292e-01
3.286280279598410292e-01
3.286280279598410292e-01
3.286280279598410292e-01
3.286280279598410292e-01
3.286280279598410292e-01
3.286280279598410292e-01
3.286280279598410292e-01
3.286280279598410292e-01
3.286280279598410292e-01
3.286280279598410292e-01
3.286280279598410292e-01
3.286280279598410292e-01
3.286280279598410292e-01
3.286280279598410292e-01
3.286280279598410292e-01
3.286280279598410292e-01
3.286280279598410292e-01
3.286280279598410292e-01
3.286280279598410292e-01
3.286280279598410292e-01
3.286280279598410292e-01
3.286280279598410292e-01
3.286280279598410292e-01
3.286280279598410292e-01
3.286280279598410292e-01
3.286280279598410292e-01
3.286280279598410292e-01
3.286280279598410292e-01
3.286280279598410292e-01
3.286280279598410292e-01
3.286280279598410292e-01
3.286280279598410292e-01
3.286280279598410292e-01
3.286280279598409182e-01
3.286280279598400855e-01
3.286280279598355891e-01
3.286280279598166598e-01
3.286280279597574294e-01
3.286280279596884291e-01
3.286280279604676946e-01
3.286280279687454620e-01
3.286280280217113159e-01
3.286280282844489253e-01
3.286280293122896823e-01
3.286280320481760886e-01
3.286280317289960728e-01
3.286279656810838223e-01
3.286274065732763816e-01
3.286241395116502040e-01
3.286090564931983815e-01
3.285552963298591922e-01
3.284432133069550841e-01
3.287255658540219616e-01
3.338024008529245634e-01
3.744982681773165178e-01
