4.862033581359963552e-01
4.861150974926183310e-01
5.692305680422601322e-01
5.693006425077398180e-01
5.503126500208626037e-01
5.502896027153320047e-01
5.541556777259830646e-01
5.541624575169327160e-01
5.533553424250202690e-01
5.533535344051552229e-01
5.535211667704864613e-01
5.535216263550623017e-01
5.534867727770812484e-01
5.534866598793724002e-01
5.534939048904934378e-01
5.534939319707216088e-01
5.534924258822760956e-01
5.534924195023063209e-01
5.534927325836312972e-01
5.534927340659240302e-01
5.534926689834268609e-01
5.534926686428541798e-01
5.534926821720054235e-01
5.534926822495458421e-01
5.534926794371503034e-01
5.534926794196297628e-01
5.534926800042604400e-01
5.534926800081940712e-01
5.534926798866631747e-01
5.534926798857848773e-01
5.534926799110482243e-01
5.534926799112434015e-01
5.534926799059918245e-01
5.534926799059486369e-01
5.534926799070402081e-01
5.534926799070498671e-01
5.534926799068228265e-01
5.534926799068208281e-01
5.534926799068679015e-01
5.534926799068684566e-01
5.534926799068585757e-01
5.534926799068584646e-01
5.534926799068604630e-01
5.534926799068604630e-01
5.534926799068600189e-01
5.534926799068600189e-01
5.534926799068601300e-01
5.534926799068601300e-01
5.534926799068601300e-01
5.534926799068601300e-01
5.534926799068601300e-01
5.534926799068601300e-01
5.534926799068601300e-01
5.534926799068601300e-01
5.534926799068601300e-01
5.534926799068601300e-01
5.534926799068601300e-01
5.534926799068601300e-01
5.534926799068601300e-01
5.534926799068601300e-01
5.534926799068601300e-01
5.534926799068601300e-01
5.534926799068601300e-01
5.534926799068601300e-01
5.534926799068601300e-01
5.534926799068601300e-01
5.534926799068601300e-01
5.534926799068601300e-01
5.534926799068601300e-01
5.534926799068601300e-01
5.534926799068601300e-01
5.534926799068601300e-01
5.534926799068601300e-01
5.534926799068601300e-01
5.534926799068601300e-01
5.534926799068601300e-01
5.534926799068601300e-01
5.534926799068601300e-01
5.534926799068601300e-01
5.534926799068601300e-01
5.534926799068601300e-01
5.534926799068601300e-01
5.534926799068600189e-01
5.534926799068600189e-01
5.534926799068604630e-01
5.534926799068604630e-01
5.534926799068584646e-01
5.534926799068585757e-01
5.534926799068684566e-01
5.534926799068679015e-01
5.534926799068208281e-01
5.534926799068228265e-01
5.534926799070498671e-01
5.534926799070402081e-01
5.534926799059486369e-01
5.534926799059918245e-01
5.534926799112432905e-01
5.534926799110481133e-01
5.534926798857847663e-01
5.534926798866630637e-01
5.534926800081939602e-01
5.534926800042604400e-01
5.534926794196295408e-01
5.534926794371503034e-01
5.534926822495458421e-01
5.534926821720053125e-01
5.534926686428541798e-01
5.534926689834267499e-01
5.534927340659239192e-01
5.534927325836311862e-01
5.534924195023062099e-01
5.534924258822759846e-01
5.534939319707216088e-01
5.534939048904933268e-01
5.534866598793724002e-01
5.534867727770810264e-01
5.535216263550623017e-01
5.535211667704863503e-01
5.533535344051550009e-01
5.533553424250201580e-01
5.541624575169327160e-01
5.541556777259830646e-01
5.502896027153317826e-01
5.503126500208626037e-01
5.693006425077397070e-01
5.692305680422599101e-01
4.861150974926182755e-01
4.862033581359962442e-01
