7.704428950565468670e-02
6.865115099299237689e-02
6.339732977289466720e-02
6.025581238159761349e-02
5.776239492237735668e-02
5.615803723889935262e-02
5.485297442973679355e-02
5.396668328364051526e-02
5.327605446326567212e-02
5.278610831160724520e-02
5.239478678214778973e-02
5.211356968878517321e-02
5.191309885654346590e-02
5.177397111467878926e-02
5.168140903016422982e-02
5.162387072325047566e-02
5.159230473977870907e-02
5.157961745575333906e-02
5.158029187816799005e-02
5.159007688648464818e-02
5.160574133285948661e-02
5.162487716912528973e-02
5.164572500451294901e-02
5.166704767305389107e-02
5.168790858611334305e-02
5.170761208618681465e-02
5.172569357425518821e-02
5.174188007092282021e-02
5.175604684001693101e-02
5.176818332889678020e-02
5.177835620601475841e-02
5.178669585775657475e-02
5.179336950495005976e-02
5.179336950495006670e-02
5.179336950495005976e-02
5.179336950495005976e-02
5.179336950495005976e-02
5.179336950495006670e-02
5.179336950495005976e-02
5.179336950495005976e-02
5.179336950495005976e-02
5.179336950495006670e-02
5.179336950495005976e-02
5.179336950495005976e-02
5.179336950495005976e-02
5.179336950495006670e-02
5.179336950495005976e-02
5.179336950495005976e-02
5.179336950495005976e-02
5.179336950495006670e-02
5.179336950495005976e-02
5.179336950495005976e-02
5.179336950495005976e-02
5.179336950495006670e-02
5.179336950495005976e-02
5.179336950495005976e-02
5.179336950495005976e-02
5.179336950495006670e-02
5.179336950495005976e-02
5.179336950495005976e-02
5.179336950495005976e-02
5.179336950495006670e-02
5.179336950495005976e-02
5.179336950495005976e-02
5.179336950495005976e-02
5.179336950495006670e-02
5.179336950495005976e-02
5.179336950495005976e-02
5.179336950495005976e-02
5.179336950495006670e-02
5.179336950495005976e-02
5.179336950495005976e-02
5.179336950495005976e-02
5.179336950495006670e-02
5.179336950495005976e-02
5.179336950495005976e-02
5.179336950495005976e-02
5.179336950495006670e-02
5.179336950495005976e-02
5.179336950495005976e-02
5.179336950495005976e-02
5.179336950495006670e-02
5.179336950495005976e-02
5.179336950495005976e-02
5.179336950495005976e-02
5.179336950495006670e-02
5.179336950495005976e-02
5.179336950495005976e-02
5.179336950495005976e-02
5.179336950495006670e-02
5.179336950495005976e-02
5.179336950495005976e-02
5.179336950495005976e-02
5.179336950495006670e-02
5.179336950495005976e-02
5.179336950495005976e-02
5.178864705446264982e-02
5.178227232776285577e-02
5.177399125394952645e-02
5.176357944391158511e-02
5.175087330310594591e-02
5.173578691469667840e-02
5.171835493378608428e-02
5.169877332273658394e-02
5.167745485349770768e-02
5.165509770778494575e-02
5.163275734433342423e-02
5.161195170270586885e-02
5.159476938963717535e-02
5.158401026900825276e-02
5.158334872170546731e-02
5.159753394980618607e-02
5.163263224197738727e-02
5.169632856696883272e-02
5.179832159613872306e-02
5.195083135800760560e-02
5.216934971133722898e-02
5.247406946101756953e-02
5.289515082682363228e-02
5.342186593349118606e-02
5.415790560669643539e-02
5.509867301403393453e-02
5.647052592555017181e-02
5.815323589334770588e-02
6.074467382324080095e-02
6.400270537083355138e-02
6.941022488358224163e-02
7.802137431775028886e-02
