2.281754060768121095e-01
1.488365983410538662e-01
1.111789122514053874e-01
9.350445176944068015e-02
8.671253461028760601e-02
8.663483722414778987e-02
9.109055651989672597e-02
9.864850645930892115e-02
1.081061246010133342e-01
1.183177012245600623e-01
1.281959986247142580e-01
1.367868219092073789e-01
1.433953200438426168e-01
1.476738883718493045e-01
1.496681784032191098e-01
1.497396666676480137e-01
1.484204249846922397e-01
1.462700415682278987e-01
1.437769748148541860e-01
1.413127689181361002e-01
1.391259273212633873e-01
1.373579182362194839e-01
1.360668868965793643e-01
1.352505637771380942e-01
1.348656345161503289e-01
1.348427641073874361e-01
1.350982693949990543e-01
1.355434289406671766e-01
1.360922498090873789e-01
1.366678106017206185e-01
1.372071057664167038e-01
1.376642222460626175e-01
1.380113746402976405e-01
1.380113746402976405e-01
1.380113746402976405e-01
1.380113746402976405e-01
1.380113746402976405e-01
1.380113746402976405e-01
1.380113746402976405e-01
1.380113746402976405e-01
1.380113746402976405e-01
1.380113746402976405e-01
1.380113746402976405e-01
1.380113746402976405e-01
1.380113746402976405e-01
1.380113746402976405e-01
1.380113746402976405e-01
1.380113746402976405e-01
1.380113746402976405e-01
1.380113746402976405e-01
1.380113746402976405e-01
1.380113746402976405e-01
1.380113746402976405e-01
1.380113746402976405e-01
1.380113746402976405e-01
1.380113746402976405e-01
1.380113746402976405e-01
1.380113746402976405e-01
1.380113746402976405e-01
1.380113746402976405e-01
1.380113746402976405e-01
1.380113746402976405e-01
1.380113746402976405e-01
1.380113746402976405e-01
1.380113746402976405e-01
1.380113746402976405e-01
1.380113746402976405e-01
1.380113746402976405e-01
1.380113746402976405e-01
1.380113746402976405e-01
1.380113746402976405e-01
1.380113746402976405e-01
1.380113746402976405e-01
1.380113746402976405e-01
1.380113746402976405e-01
1.380113746402976405e-01
1.380113746402976405e-01
1.380113746402976405e-01
1.380113746402976405e-01
1.380113746402976405e-01
1.380113746402976405e-01
1.380113746402976405e-01
1.380113746402976405e-01
1.380113746402976405e-01
1.380113746402976405e-01
1.380113746402976405e-01
1.380113746402976405e-01
1.380113746402976405e-01
1.380113746402976405e-01
1.380113746402976405e-01
1.380113746402976405e-01
1.380113746402976405e-01
1.380113746402976405e-01
1.380113746402976405e-01
1.380113746402976405e-01
1.380113746402976405e-01
1.377493371260877508e-01
1.373807344478993053e-01
1.369208425783758065e-01
1.364060283920937033e-01
1.358946575647606292e-01
1.354650958212957057e-01
1.352110925048716772e-01
1.352344104928735746e-01
1.356352963259020994e-01
1.365004761763146113e-01
1.378883081261486065e-01
1.398101966060626145e-01
1.422077825546090579e-01
1.449260517908345092e-01
1.476867953100851616e-01
1.500722016076473098e-01
1.515348892980046269e-01
1.514558554308201577e-01
1.492627802469509435e-01
1.445942645975365759e-01
1.374556479643666840e-01
1.282855105709425625e-01
1.178786592874671996e-01
1.072645146953760675e-01
9.755843060726336613e-02
8.988729929717052813e-02
8.540454485936875562e-02
8.548220923877876409e-02
9.224077923763925047e-02
1.097716210584642471e-01
1.470128585882252148e-01
2.251546517881857501e-01
