1.692987790152786221e-01
1.678627145967608314e-01
1.671252174142760505e-01
1.664865580674484702e-01
1.659695368380392777e-01
1.656176334681052631e-01
1.652996781780742275e-01
1.650449017695700404e-01
1.648549325924487385e-01
1.646867873574346941e-01
1.645415050062790097e-01
1.644204964880051911e-01
1.643186548123343749e-01
1.642325670885553812e-01
1.641595656330523956e-01
1.640974877858876746e-01
1.640445598621029233e-01
1.639993094990838673e-01
1.639605136243525996e-01
1.639271450706197286e-01
1.638983408167881128e-01
1.638733743454575675e-01
1.638516185663479452e-01
1.638325512752024371e-01
1.638157876447461914e-01
1.638010491926254475e-01
1.637880923860138282e-01
1.637767027961811728e-01
1.637666911963349126e-01
1.637578935212833375e-01
1.637501612107739590e-01
1.637433669612901321e-01
1.637373970067534934e-01
1.637373970067535212e-01
1.637373970067534934e-01
1.637373970067534934e-01
1.637373970067534934e-01
1.637373970067535212e-01
1.637373970067534934e-01
1.637373970067534934e-01
1.637373970067534934e-01
1.637373970067535212e-01
1.637373970067534934e-01
1.637373970067534934e-01
1.637373970067534934e-01
1.637373970067535212e-01
1.637373970067534934e-01
1.637373970067534934e-01
1.637373970067534934e-01
1.637373970067535212e-01
1.637373970067534934e-01
1.637373970067534934e-01
1.637373970067534934e-01
1.637373970067535212e-01
1.637373970067534934e-01
1.637373970067534934e-01
1.637373970067534934e-01
1.637373970067535212e-01
1.637373970067534934e-01
1.637373970067534934e-01
1.637373970067534934e-01
1.637373970067535212e-01
1.637373970067534934e-01
1.637373970067534934e-01
1.637373970067534934e-01
1.637373970067535212e-01
1.637373970067534934e-01
1.637373970067534934e-01
1.637373970067534934e-01
1.637373970067535212e-01
1.637373970067534934e-01
1.637373970067534934e-01
1.637373970067534934e-01
1.637373970067535212e-01
1.637373970067534934e-01
1.637373970067534934e-01
1.637373970067534934e-01
1.637373970067535212e-01
1.637373970067534934e-01
1.637373970067534934e-01
1.637373970067534934e-01
1.637373970067535212e-01
1.637373970067534934e-01
1.637373970067534934e-01
1.637373970067534934e-01
1.637373970067535212e-01
1.637373970067534934e-01
1.637373970067534934e-01
1.637373970067534934e-01
1.637373970067535212e-01
1.637373970067534934e-01
1.637373970067534934e-01
1.637373970067534934e-01
1.637373970067535212e-01
1.637373970067534934e-01
1.637373970067534934e-01
1.637416136622526497e-01
1.637467968024941267e-01
1.637530794304202786e-01
1.637606119436816887e-01
1.637695717833586029e-01
1.637801634675190576e-01
1.637926263351158207e-01
1.638072403818917055e-01
1.638243340433973572e-01
1.638442900807298153e-01
1.638675630669147731e-01
1.638946853647248736e-01
1.639262866745866409e-01
1.639631117635929614e-01
1.640060402621802416e-01
1.640561240417920397e-01
1.641146152426168903e-01
1.641830140226591683e-01
1.642631304547933768e-01
1.643571569935336207e-01
1.644677906696730418e-01
1.645984738182532103e-01
1.647543324781826635e-01
1.649339459151447085e-01
1.651363441286167744e-01
1.654045070257281758e-01
1.657364439944256640e-01
1.661029523766781035e-01
1.666350621483073391e-01
1.672880610741118157e-01
1.680392538991935525e-01
1.695014436072441177e-01
