9.579344951705501265e-02
8.383009114645861848e-02
7.790928433342544923e-02
7.471639082799630405e-02
7.325169445916512867e-02
7.286388649031622089e-02
7.314662409114151831e-02
7.379318989173218324e-02
7.455322970504765778e-02
7.526713960160005823e-02
7.578086963591301739e-02
7.611014195906670721e-02
7.626670174575360395e-02
7.629200157895883738e-02
7.623527570642338325e-02
7.614122869466478927e-02
7.604387056828328106e-02
7.596472038719165321e-02
7.591378635133690100e-02
7.589198420857008742e-02
7.589420024982357349e-02
7.591230230465065287e-02
7.593767538241728843e-02
7.596300634627788095e-02
7.598314980143916486e-02
7.599547169994609608e-02
7.599969782575395627e-02
7.599728131213985549e-02
7.599060407326155286e-02
7.598223261526972083e-02
7.597434701683113134e-02
7.596842083776793320e-02
7.596512069122000887e-02
7.596512069122000887e-02
7.596512069122000887e-02
7.596512069122000887e-02
7.596512069122000887e-02
7.596512069122000887e-02
7.596512069122000887e-02
7.596512069122000887e-02
7.596512069122000887e-02
7.596512069122000887e-02
7.596512069122000887e-02
7.596512069122000887e-02
7.596512069122000887e-02
7.596512069122000887e-02
7.596512069122000887e-02
7.596512069122000887e-02
7.596512069122000887e-02
7.596512069122000887e-02
7.596512069122000887e-02
7.596512069122000887e-02
7.596512069122000887e-02
7.596512069122000887e-02
7.596512069122000887e-02
7.596512069122000887e-02
7.596512069122000887e-02
7.596512069122000887e-02
7.596512069122000887e-02
7.596512069122000887e-02
7.596512069122000887e-02
7.596512069122000887e-02
7.596512069122000887e-02
7.596512069122000887e-02
7.596512069122000887e-02
7.596512069122000887e-02
7.596512069122000887e-02
7.596512069122000887e-02
7.596512069122000887e-02
7.596512069122000887e-02
7.596512069122000887e-02
7.596512069122000887e-02
7.596512069122000887e-02
7.596512069122000887e-02
7.596512069122000887e-02
7.596512069122000887e-02
7.596512069122000887e-02
7.596512069122000887e-02
7.596512069122000887e-02
7.596512069122000887e-02
7.596512069122000887e-02
7.596512069122000887e-02
7.596512069122000887e-02
7.596512069122000887e-02
7.596512069122000887e-02
7.596512069122000887e-02
7.596512069122000887e-02
7.596512069122000887e-02
7.596512069122000887e-02
7.596512069122000887e-02
7.596512069122000887e-02
7.596512069122000887e-02
7.596512069122000887e-02
7.596512069122000887e-02
7.596512069122000887e-02
7.596512069122000887e-02
7.596747476559588541e-02
7.597202616015612253e-02
7.597846451757588049e-02
7.598565539213930631e-02
7.599163635767126890e-02
7.599386368786899271e-02
7.598975615606258505e-02
7.597748800314441109e-02
7.595691583256514168e-02
7.593041939126372875e-02
7.590336043697944179e-02
7.588385947723964853e-02
7.588164763001098434e-02
7.590594837951450402e-02
7.596253598278072949e-02
7.605034990978241927e-02
7.615819801421670754e-02
7.626224431797259951e-02
7.632523690843504016e-02
7.629877335662209326e-02
7.613033686319224669e-02
7.577685764139116542e-02
7.522789098353216408e-02
7.447312900217617493e-02
7.367520467929718209e-02
7.300292789577486618e-02
7.271489674915970758e-02
7.312264422047023982e-02
7.463307685264546076e-02
7.789819691840726978e-02
8.390776440512895396e-02
9.598481879590656241e-02
