2.240678513876759592e-01
1.620156330036976733e-01
1.352345909839076377e-01
1.235123407149086305e-01
1.193657890853108139e-01
1.193232725950086337e-01
1.214485209428066426e-01
1.245169170133185454e-01
1.277257119400930785e-01
1.305835577177834606e-01
1.328468087090857730e-01
1.344573227937894133e-01
1.354767541749777315e-01
1.360267007897384695e-01
1.362434566252648249e-01
1.362501166746337422e-01
1.361436555960688910e-01
1.359923590022434070e-01
1.358390646411693214e-01
1.357068140475256313e-01
1.356048074811271598e-01
1.355335796682204386e-01
1.354889902712227701e-01
1.354650084301125268e-01
1.354554615297896836e-01
1.354549858583992683e-01
1.354594177920281362e-01
1.354658310487844020e-01
1.354723795689922738e-01
1.354780588741557046e-01
1.354824579338037849e-01
1.354855414865695495e-01
1.354874798551110315e-01
1.354885285668449013e-01
1.354889518664491033e-01
1.354889806522425189e-01
1.354887948305691092e-01
1.354885212354199620e-01
1.354882401506944389e-01
1.354879954833744515e-01
1.354878054211946237e-01
1.354876718161923677e-01
1.354875875393200813e-01
1.354875416952387168e-01
1.354875229458146202e-01
1.354875213468177408e-01
1.354875291273702487e-01
1.354875407932998599e-01
1.354875528549403796e-01
1.354875633937074886e-01
1.354875716049715462e-01
1.354875773940000805e-01
1.354875810583014983e-01
1.354875830617323640e-01
1.354875838900450047e-01
1.354875839706717600e-01
1.354875836383531151e-01
1.354875831302296829e-01
1.354875825974548587e-01
1.354875821240776046e-01
1.354875817472379063e-01
1.354875814753110641e-01
1.354875813024643272e-01
1.354875812192240514e-01
1.354875812192240514e-01
1.354875813024643272e-01
1.354875814753110919e-01
1.354875817472379063e-01
1.354875821240776046e-01
1.354875825974548587e-01
1.354875831302296829e-01
1.354875836383531151e-01
1.354875839706717600e-01
1.354875838900449769e-01
1.354875830617323640e-01
1.354875810583014983e-01
1.354875773940000805e-01
1.354875716049715184e-01
1.354875633937074886e-01
1.354875528549403241e-01
1.354875407932998321e-01
1.354875291273702487e-01
1.354875213468177131e-01
1.354875229458146202e-01
1.354875416952387168e-01
1.354875875393200813e-01
1.354876718161923677e-01
1.354878054211945682e-01
1.354879954833743683e-01
1.354882401506944389e-01
1.354885212354199620e-01
1.354887948305691092e-01
1.354889806522424633e-01
1.354889518664491033e-01
1.354885285668449013e-01
1.354874798551109483e-01
1.354855414865694940e-01
1.354824579338037294e-01
1.354780588741557046e-01
1.354723795689922183e-01
1.354658310487843464e-01
1.354594177920280806e-01
1.354549858583992406e-01
1.354554615297896836e-01
1.354650084301124713e-01
1.354889902712227701e-01
1.355335796682204108e-01
1.356048074811271043e-01
1.357068140475256313e-01
1.358390646411693214e-01
1.359923590022434070e-01
1.361436555960688910e-01
1.362501166746336589e-01
1.362434566252647694e-01
1.360267007897384695e-01
1.354767541749776483e-01
1.344573227937893578e-01
1.328468087090857175e-01
1.305835577177834606e-01
1.277257119400930507e-01
1.245169170133184899e-01
1.214485209428066426e-01
1.193232725950086337e-01
1.193657890853108000e-01
1.235123407149086028e-01
1.352345909839076377e-01
1.620156330036976733e-01
2.240678513876759037e-01
