3.151412272249287105e-01
2.615383973336095069e-01
2.468090621441513532e-01
2.422661940673735970e-01
2.408233951139279738e-01
2.403637269553270950e-01
2.402180856191648006e-01
2.401723426619871982e-01
2.401581240342396673e-01
2.401537555858490325e-01
2.401524308919921191e-01
2.401520351297362910e-01
2.401519189269281929e-01
2.401518855105912731e-01
2.401518761468762475e-01
2.401518736103648022e-01
2.401518729549574072e-01
2.401518727974641110e-01
2.401518727642530382e-01
2.401518727591923086e-01
2.401518727593474345e-01
2.401518727599532832e-01
2.401518727603182690e-01
2.401518727604868564e-01
2.401518727605560788e-01
2.401518727605824466e-01
2.401518727605919945e-01
2.401518727605954084e-01
2.401518727605967685e-01
2.401518727605969628e-01
2.401518727605971293e-01
2.401518727605971293e-01
2.401518727605971015e-01
2.401518727605971293e-01
2.401518727605971015e-01
2.401518727605971293e-01
2.401518727605971293e-01
2.401518727605971293e-01
2.401518727605971015e-01
2.401518727605971293e-01
2.401518727605971293e-01
2.401518727605971293e-01
2.401518727605971015e-01
2.401518727605971293e-01
2.401518727605971293e-01
2.401518727605971293e-01
2.401518727605971015e-01
2.401518727605971293e-01
2.401518727605971293e-01
2.401518727605971293e-01
2.401518727605971015e-01
2.401518727605971293e-01
2.401518727605971293e-01
2.401518727605971293e-01
2.401518727605971015e-01
2.401518727605971293e-01
2.401518727605971293e-01
2.401518727605971293e-01
2.401518727605971015e-01
2.401518727605971293e-01
2.401518727605971293e-01
2.401518727605971293e-01
2.401518727605971015e-01
2.401518727605971293e-01
2.401518727605971293e-01
2.401518727605971293e-01
2.401518727605971015e-01
2.401518727605971293e-01
2.401518727605971293e-01
2.401518727605971293e-01
2.401518727605971015e-01
2.401518727605971293e-01
2.401518727605971293e-01
2.401518727605971293e-01
2.401518727605971015e-01
2.401518727605971293e-01
2.401518727605971293e-01
2.401518727605971293e-01
2.401518727605971015e-01
2.401518727605971293e-01
2.401518727605971293e-01
2.401518727605971293e-01
2.401518727605971015e-01
2.401518727605971293e-01
2.401518727605971293e-01
2.401518727605971293e-01
2.401518727605971015e-01
2.401518727605971293e-01
2.401518727605971293e-01
2.401518727605971293e-01
2.401518727605971015e-01
2.401518727605971293e-01
2.401518727605971293e-01
2.401518727605971293e-01
2.401518727605971293e-01
2.401518727605971015e-01
2.401518727605971293e-01
2.401518727605971293e-01
2.401518727605969628e-01
2.401518727605967130e-01
2.401518727605954084e-01
2.401518727605919945e-01
2.401518727605824743e-01
2.401518727605560510e-01
2.401518727604868564e-01
2.401518727603182690e-01
2.401518727599532832e-01
2.401518727593474067e-01
2.401518727591923086e-01
2.401518727642530382e-01
2.401518727974641110e-01
2.401518729549574072e-01
2.401518736103648022e-01
2.401518761468762475e-01
2.401518855105912731e-01
2.401519189269281929e-01
2.401520351297362910e-01
2.401524308919920914e-01
2.401537555858490602e-01
2.401581240342396673e-01
2.401723426619871982e-01
2.402180856191648284e-01
2.403637269553270950e-01
2.408233951139279738e-01
2.422661940673735970e-01
2.468090621441513532e-01
2.615383973336095624e-01
3.151412272249287105e-01
