2.702037373498350492e-01
1.889633162607620709e-01
1.706149126574424135e-01
1.709378849225797192e-01
1.821997900702164164e-01
1.968534672717937861e-01
2.063263807814299522e-01
2.098916693121772314e-01
2.086944016132515067e-01
2.055663259168313273e-01
2.028620378182809103e-01
2.015433967017682682e-01
2.016230043517375781e-01
2.024894897367126301e-01
2.033770090516684725e-01
2.037986661382167053e-01
2.036965496619934923e-01
2.033008824113266000e-01
2.029020794767733560e-01
2.026915783702083196e-01
2.027078123327093473e-01
2.028667965062549150e-01
2.030401795467494663e-01
2.031324338204612834e-01
2.031187421811002369e-01
2.030361710326345215e-01
2.029463511629474026e-01
2.028969696366363096e-01
2.029017605405992186e-01
2.029429108507631585e-01
2.029887421934345737e-01
2.030139439463015394e-01
2.030109296777126426e-01
2.030109296777126704e-01
2.030109296777126426e-01
2.030109296777126704e-01
2.030109296777126426e-01
2.030109296777126704e-01
2.030109296777126426e-01
2.030109296777126704e-01
2.030109296777126426e-01
2.030109296777126704e-01
2.030109296777126426e-01
2.030109296777126704e-01
2.030109296777126426e-01
2.030109296777126704e-01
2.030109296777126426e-01
2.030109296777126704e-01
2.030109296777126426e-01
2.030109296777126704e-01
2.030109296777126426e-01
2.030109296777126704e-01
2.030109296777126426e-01
2.030109296777126704e-01
2.030109296777126426e-01
2.030109296777126704e-01
2.030109296777126426e-01
2.030109296777126704e-01
2.030109296777126426e-01
2.030109296777126704e-01
2.030109296777126426e-01
2.030109296777126704e-01
2.030109296777126426e-01
2.030109296777126704e-01
2.030109296777126426e-01
2.030109296777126704e-01
2.030109296777126426e-01
2.030109296777126704e-01
2.030109296777126426e-01
2.030109296777126704e-01
2.030109296777126426e-01
2.030109296777126704e-01
2.030109296777126426e-01
2.030109296777126704e-01
2.030109296777126426e-01
2.030109296777126704e-01
2.030109296777126426e-01
2.030109296777126704e-01
2.030109296777126426e-01
2.030109296777126704e-01
2.030109296777126426e-01
2.030109296777126704e-01
2.030109296777126426e-01
2.030109296777126704e-01
2.030109296777126426e-01
2.030109296777126704e-01
2.030109296777126426e-01
2.030109296777126704e-01
2.030109296777126426e-01
2.030109296777126704e-01
2.030109296777126426e-01
2.030109296777126704e-01
2.030109296777126426e-01
2.030109296777126704e-01
2.030109296777126426e-01
2.030109296777126704e-01
2.030130348726687239e-01
2.029934388127768996e-01
2.029556295159700152e-01
2.029198910189813077e-01
2.029154419101227569e-01
2.029617046158325167e-01
2.030488277063885461e-01
2.031315080878091650e-01
2.031461601164226416e-01
2.030501593093446966e-01
2.028653917090370573e-01
2.026937226949891147e-01
2.026772517790077777e-01
2.029107480624682269e-01
2.033530812669140930e-01
2.037930058018045665e-01
2.039097525474342087e-01
2.034503773569828200e-01
2.024824088275462008e-01
2.015441202533759246e-01
2.014662536494429557e-01
2.028926833352587000e-01
2.057891212098136302e-01
2.091203641519522316e-01
2.104088528685144899e-01
2.066787740031859333e-01
1.967628853954406509e-01
1.816248809016856036e-01
1.701238079179933360e-01
1.698163698247830700e-01
1.883625904840569298e-01
2.697173828678573471e-01
