9.461320350648524946e-02
8.207802756642622322e-02
7.658215839573634387e-02
7.319537691730701456e-02
7.185796857246586067e-02
7.144949145604125029e-02
7.169604211871066779e-02
7.229753465071066254e-02
7.295124211726969343e-02
7.354753797888223532e-02
7.403043635522955912e-02
7.433462690972381104e-02
7.447895975863948193e-02
7.450209545882850726e-02
7.444937953411753795e-02
7.436211683518838267e-02
7.427184199197352232e-02
7.419856298772113667e-02
7.415158074617976547e-02
7.413174410012909887e-02
7.413427349629658769e-02
7.415157240418471241e-02
7.417559360251542444e-02
7.419950213721342169e-02
7.421848278396211973e-02
7.423006726792336085e-02
7.423400645683501942e-02
7.423167476841271983e-02
7.422532678957194374e-02
7.421739026382466464e-02
7.420992897821084011e-02
7.420433341031187902e-02
7.420122838028357648e-02
7.420122838028356260e-02
7.420122838028357648e-02
7.420122838028357648e-02
7.420122838028357648e-02
7.420122838028356260e-02
7.420122838028357648e-02
7.420122838028357648e-02
7.420122838028357648e-02
7.420122838028356260e-02
7.420122838028357648e-02
7.420122838028357648e-02
7.420122838028357648e-02
7.420122838028356260e-02
7.420122838028357648e-02
7.420122838028357648e-02
7.420122838028357648e-02
7.420122838028356260e-02
7.420122838028357648e-02
7.420122838028357648e-02
7.420122838028357648e-02
7.420122838028356260e-02
7.420122838028357648e-02
7.420122838028357648e-02
7.420122838028357648e-02
7.420122838028356260e-02
7.420122838028357648e-02
7.420122838028357648e-02
7.420122838028357648e-02
7.420122838028356260e-02
7.420122838028357648e-02
7.420122838028357648e-02
7.420122838028357648e-02
7.420122838028356260e-02
7.420122838028357648e-02
7.420122838028357648e-02
7.420122838028357648e-02
7.420122838028356260e-02
7.420122838028357648e-02
7.420122838028357648e-02
7.420122838028357648e-02
7.420122838028356260e-02
7.420122838028357648e-02
7.420122838028357648e-02
7.420122838028357648e-02
7.420122838028356260e-02
7.420122838028357648e-02
7.420122838028357648e-02
7.420122838028357648e-02
7.420122838028356260e-02
7.420122838028357648e-02
7.420122838028357648e-02
7.420122838028357648e-02
7.420122838028356260e-02
7.420122838028357648e-02
7.420122838028357648e-02
7.420122838028357648e-02
7.420122838028356260e-02
7.420122838028357648e-02
7.420122838028357648e-02
7.420122838028357648e-02
7.420122838028356260e-02
7.420122838028357648e-02
7.420122838028357648e-02
7.420341904746384498e-02
7.420767929849102218e-02
7.421372562535286099e-02
7.422049864304007538e-02
7.422615234826299146e-02
7.422829089195225050e-02
7.422447608520731099e-02
7.421297411149309353e-02
7.419362737341275715e-02
7.416864224242694648e-02
7.414302560764937655e-02
7.412437275652343505e-02
7.412179810465595320e-02
7.414394614253133620e-02
7.419623759398986940e-02
7.427770540645330100e-02
7.437791398808644983e-02
7.447466753179676768e-02
7.453334199343591981e-02
7.450911174377503055e-02
7.435350616915652189e-02
7.402630794126727198e-02
7.350992452260746157e-02
7.287437968724577719e-02
7.218327186168700671e-02
7.155668331431219720e-02
7.130467722839961553e-02
7.173382690716383070e-02
7.311774641036344891e-02
7.657769101500325193e-02
8.216417248899324233e-02
9.481725963283357816e-02
