5.807280472532121152e-02
4.955274256134131750e-02
4.508760656037513748e-02
4.273660648046317262e-02
4.099203386654444448e-02
3.942518033261101923e-02
3.818882939276278810e-02
3.732629354180402870e-02
3.669384529874723799e-02
3.617219314934817798e-02
3.572857470442451777e-02
3.535668703655148182e-02
3.504548467200837431e-02
3.478430331493342909e-02
3.456436352139680146e-02
3.437851194152455325e-02
3.422092405111244739e-02
3.408683869215723555e-02
3.397234406173001153e-02
3.387422075867475846e-02
3.378978007504460090e-02
3.371675848252071034e-02
3.365324338542488580e-02
3.359769384582012713e-02
3.354893803639619199e-02
3.350610359582446157e-02
3.346848809333063945e-02
3.343546185202758703e-02
3.340646082637592496e-02
3.338098066731214064e-02
3.335860026312546800e-02
3.333894587007549259e-02
3.332169041094822093e-02
3.332169041094822093e-02
3.332169041094822093e-02
3.332169041094822093e-02
3.332169041094822093e-02
3.332169041094822093e-02
3.332169041094822093e-02
3.332169041094822093e-02
3.332169041094822093e-02
3.332169041094822093e-02
3.332169041094822093e-02
3.332169041094822093e-02
3.332169041094822093e-02
3.332169041094822093e-02
3.332169041094822093e-02
3.332169041094822093e-02
3.332169041094822093e-02
3.332169041094822093e-02
3.332169041094822093e-02
3.332169041094822093e-02
3.332169041094822093e-02
3.332169041094822093e-02
3.332169041094822093e-02
3.332169041094822093e-02
3.332169041094822093e-02
3.332169041094822093e-02
3.332169041094822093e-02
3.332169041094822093e-02
3.332169041094822093e-02
3.332169041094822093e-02
3.332169041094822093e-02
3.332169041094822093e-02
3.332169041094822093e-02
3.332169041094822093e-02
3.332169041094822093e-02
3.332169041094822093e-02
3.332169041094822093e-02
3.332169041094822093e-02
3.332169041094822093e-02
3.332169041094822093e-02
3.332169041094822093e-02
3.332169041094822093e-02
3.332169041094822093e-02
3.332169041094822093e-02
3.332169041094822093e-02
3.332169041094822093e-02
3.332169041094822093e-02
3.332169041094822093e-02
3.332169041094822093e-02
3.332169041094822093e-02
3.332169041094822093e-02
3.332169041094822093e-02
3.332169041094822093e-02
3.332169041094822093e-02
3.332169041094822093e-02
3.332169041094822093e-02
3.332169041094822093e-02
3.332169041094822093e-02
3.332169041094822093e-02
3.332169041094822093e-02
3.332169041094822093e-02
3.332169041094822093e-02
3.332169041094822093e-02
3.332169041094822093e-02
3.333378160989078354e-02
3.334867745228267677e-02
3.336675837130986810e-02
3.338847144634084912e-02
3.341433134116304077e-02
3.344494131112367430e-02
3.348101027927397055e-02
3.352337439368181099e-02
3.357301002896648234e-02
3.363108294913370877e-02
3.369896418355948498e-02
3.377828533250039345e-02
3.387099783529204378e-02
3.397942243272838309e-02
3.410635365594569257e-02
3.425515839990775357e-02
3.442992103093786560e-02
3.463559954494235121e-02
3.487827742982532730e-02
3.516542450384513296e-02
3.550619545072403183e-02
3.591172268390953326e-02
3.639364123141563406e-02
3.695890262894584166e-02
3.764141109580503020e-02
3.856280487705570498e-02
3.986969422858642476e-02
4.151912271012372230e-02
4.335750956255770422e-02
4.582591874365726792e-02
5.047226764187152936e-02
5.929531166103411965e-02
