1.922650281327629440e-01
1.339933333840291063e-01
1.127887504685207154e-01
1.052004854782911669e-01
1.022593894479978810e-01
1.022821368840654416e-01
1.045467638824215534e-01
1.075610770352831563e-01
1.104663874041639515e-01
1.129999707734421766e-01
1.148791522045391755e-01
1.159581785424091543e-01
1.163291831182342584e-01
1.161956932477004323e-01
1.157789536389494112e-01
1.152662036874893825e-01
1.147901884509903020e-01
1.144278856367021840e-01
1.142086669863938420e-01
1.141262037110660071e-01
1.141513027983079853e-01
1.142442328844567867e-01
1.143650957540195273e-01
1.144809436662948127e-01
1.145695423542277408e-01
1.146204531155059769e-01
1.146338874089898735e-01
1.146176680057451880e-01
1.145833838744573646e-01
1.145429478005994539e-01
1.145061847113594267e-01
1.144794552761806417e-01
1.144653600879162736e-01
1.144653600879162736e-01
1.144653600879162597e-01
1.144653600879162736e-01
1.144653600879162736e-01
1.144653600879162736e-01
1.144653600879162597e-01
1.144653600879162736e-01
1.144653600879162736e-01
1.144653600879162736e-01
1.144653600879162597e-01
1.144653600879162736e-01
1.144653600879162736e-01
1.144653600879162736e-01
1.144653600879162597e-01
1.144653600879162736e-01
1.144653600879162736e-01
1.144653600879162736e-01
1.144653600879162597e-01
1.144653600879162736e-01
1.144653600879162736e-01
1.144653600879162736e-01
1.144653600879162597e-01
1.144653600879162736e-01
1.144653600879162736e-01
1.144653600879162736e-01
1.144653600879162597e-01
1.144653600879162736e-01
1.144653600879162736e-01
1.144653600879162736e-01
1.144653600879162597e-01
1.144653600879162736e-01
1.144653600879162736e-01
1.144653600879162736e-01
1.144653600879162597e-01
1.144653600879162736e-01
1.144653600879162736e-01
1.144653600879162736e-01
1.144653600879162597e-01
1.144653600879162736e-01
1.144653600879162736e-01
1.144653600879162736e-01
1.144653600879162597e-01
1.144653600879162736e-01
1.144653600879162736e-01
1.144653600879162736e-01
1.144653600879162597e-01
1.144653600879162736e-01
1.144653600879162736e-01
1.144653600879162736e-01
1.144653600879162597e-01
1.144653600879162736e-01
1.144653600879162736e-01
1.144653600879162736e-01
1.144653600879162597e-01
1.144653600879162736e-01
1.144653600879162736e-01
1.144653600879162736e-01
1.144653600879162597e-01
1.144653600879162736e-01
1.144653600879162736e-01
1.144653600879162736e-01
1.144653600879162597e-01
1.144653600879162736e-01
1.144752215294213699e-01
1.144954301668575231e-01
1.145250440998872299e-01
1.145593756644293082e-01
1.145897857912485940e-01
1.146046441377086972e-01
1.145916113231869315e-01
1.145411845924975969e-01
1.144510543825736221e-01
1.143302436611865897e-01
1.142017203982707285e-01
1.141018713360126280e-01
1.140758617895093752e-01
1.141688027307214831e-01
1.144136174470581913e-01
1.148172069426411784e-01
1.153464416474573595e-01
1.159156110565340292e-01
1.163783762484954937e-01
1.165300783569429705e-01
1.161314232918681938e-01
1.149664511685454249e-01
1.129444377853921072e-01
1.102319165748294749e-01
1.071485249819375124e-01
1.040026916298050358e-01
1.016885043602463318e-01
1.016979978843476212e-01
1.047421535276635979e-01
1.125095473302483717e-01
1.339613250947245537e-01
1.924884513957592913e-01
