2.743653018080681738e-01
1.930728285266086197e-01
1.751161384482520789e-01
1.754076777336142645e-01
1.873379764603376463e-01
2.016680086303781760e-01
2.113037859018109810e-01
2.152837662389802398e-01
2.141218217211738606e-01
2.110929280603979219e-01
2.084126427533735948e-01
2.070542355029236781e-01
2.070924601271497967e-01
2.079352492726324331e-01
2.088191808082391077e-01
2.092505043249410501e-01
2.091615856827360176e-01
2.087756736347078923e-01
2.083807566905578335e-01
2.081694001903548752e-01
2.081826300014502085e-01
2.083388268487904593e-01
2.085109254588808636e-01
2.086035051898791071e-01
2.085910026322463640e-01
2.085095888864710589e-01
2.084203072810346669e-01
2.083707999081673146e-01
2.083750952847604754e-01
2.084157443882657113e-01
2.084613397933047230e-01
2.084865914251168295e-01
2.084837961967055397e-01
2.084837961967055397e-01
2.084837961967055397e-01
2.084837961967055397e-01
2.084837961967055397e-01
2.084837961967055397e-01
2.084837961967055397e-01
2.084837961967055397e-01
2.084837961967055397e-01
2.084837961967055397e-01
2.084837961967055397e-01
2.084837961967055397e-01
2.084837961967055397e-01
2.084837961967055397e-01
2.084837961967055397e-01
2.084837961967055397e-01
2.084837961967055397e-01
2.084837961967055397e-01
2.084837961967055397e-01
2.084837961967055397e-01
2.084837961967055397e-01
2.084837961967055397e-01
2.084837961967055397e-01
2.084837961967055397e-01
2.084837961967055397e-01
2.084837961967055397e-01
2.084837961967055397e-01
2.084837961967055397e-01
2.084837961967055397e-01
2.084837961967055397e-01
2.084837961967055397e-01
2.084837961967055397e-01
2.084837961967055397e-01
2.084837961967055397e-01
2.084837961967055397e-01
2.084837961967055397e-01
2.084837961967055397e-01
2.084837961967055397e-01
2.084837961967055397e-01
2.084837961967055397e-01
2.084837961967055397e-01
2.084837961967055397e-01
2.084837961967055397e-01
2.084837961967055397e-01
2.084837961967055397e-01
2.084837961967055397e-01
2.084837961967055397e-01
2.084837961967055397e-01
2.084837961967055397e-01
2.084837961967055397e-01
2.084837961967055397e-01
2.084837961967055397e-01
2.084837961967055397e-01
2.084837961967055397e-01
2.084837961967055397e-01
2.084837961967055397e-01
2.084837961967055397e-01
2.084837961967055397e-01
2.084837961967055397e-01
2.084837961967055397e-01
2.084837961967055397e-01
2.084837961967055397e-01
2.084837961967055397e-01
2.084837961967055397e-01
2.084857372477446902e-01
2.084661453267503961e-01
2.084285989547710327e-01
2.083933315440203160e-01
2.083893306456828243e-01
2.084356794377119348e-01
2.085222444651786966e-01
2.086037735389509040e-01
2.086172213165734535e-01
2.085209023494238589e-01
2.083374742850124528e-01
2.081687953515777012e-01
2.081556168552816943e-01
2.083901514631221197e-01
2.088284538581488270e-01
2.092578872835531567e-01
2.093601683252077628e-01
2.088898130994872315e-01
2.079249882619188250e-01
2.070116602786649385e-01
2.069785477255886297e-01
2.084500794915946642e-01
2.113282610957087915e-01
2.145634194901294978e-01
2.158151972352306547e-01
2.116656012616754123e-01
2.015809087544526146e-01
1.867536135856228963e-01
1.745785936425607032e-01
1.743040538541206219e-01
1.924627288212201470e-01
2.738869147045337460e-01
