3.044751997451021208e-01
2.045985092430493146e-01
1.765248513833785893e-01
1.725709640678136370e-01
1.786430039165444739e-01
1.931363575211527128e-01
2.115217288153548036e-01
2.271793982508288068e-01
2.377797518512079489e-01
2.431234229616272280e-01
2.432329888732166767e-01
2.394230475920897383e-01
2.337436614461814444e-01
2.280168592071714906e-01
2.234434445401255742e-01
2.205819505544674153e-01
2.194891636948385349e-01
2.198862080887145909e-01
2.213040776709947755e-01
2.232061445799319865e-01
2.250931029087331614e-01
2.265850761883319853e-01
2.274683618115790895e-01
2.277000065017163177e-01
2.273795894236314841e-01
2.266994477779824824e-01
2.258838588201955433e-01
2.251325151170406325e-01
2.245843357272965801e-01
2.243040691398020536e-01
2.242875772236396226e-01
2.244782624074808941e-01
2.247902619135181690e-01
2.247902619135181690e-01
2.247902619135181967e-01
2.247902619135181690e-01
2.247902619135181690e-01
2.247902619135181690e-01
2.247902619135181967e-01
2.247902619135181690e-01
2.247902619135181690e-01
2.247902619135181690e-01
2.247902619135181967e-01
2.247902619135181690e-01
2.247902619135181690e-01
2.247902619135181690e-01
2.247902619135181967e-01
2.247902619135181690e-01
2.247902619135181690e-01
2.247902619135181690e-01
2.247902619135181967e-01
2.247902619135181690e-01
2.247902619135181690e-01
2.247902619135181690e-01
2.247902619135181967e-01
2.247902619135181690e-01
2.247902619135181690e-01
2.247902619135181690e-01
2.247902619135181967e-01
2.247902619135181690e-01
2.247902619135181690e-01
2.247902619135181690e-01
2.247902619135181967e-01
2.247902619135181690e-01
2.247902619135181690e-01
2.247902619135181690e-01
2.247902619135181967e-01
2.247902619135181690e-01
2.247902619135181690e-01
2.247902619135181690e-01
2.247902619135181967e-01
2.247902619135181690e-01
2.247902619135181690e-01
2.247902619135181690e-01
2.247902619135181967e-01
2.247902619135181690e-01
2.247902619135181690e-01
2.247902619135181690e-01
2.247902619135181967e-01
2.247902619135181690e-01
2.247902619135181690e-01
2.247902619135181690e-01
2.247902619135181967e-01
2.247902619135181690e-01
2.247902619135181690e-01
2.247902619135181690e-01
2.247902619135181967e-01
2.247902619135181690e-01
2.247902619135181690e-01
2.247902619135181690e-01
2.247902619135181967e-01
2.247902619135181690e-01
2.247902619135181690e-01
2.247902619135181690e-01
2.247902619135181967e-01
2.247902619135181690e-01
2.245715472157014114e-01
2.244268714608354254e-01
2.244402142065913264e-01
2.246793957602785941e-01
2.251688354878460252e-01
2.258659500278713539e-01
2.266486916567365673e-01
2.273218971512695197e-01
2.276483490411601862e-01
2.274060173035886978e-01
2.264617358429523442e-01
2.248419419125027574e-01
2.227740433428525013e-01
2.206797115609590854e-01
2.191159455037268167e-01
2.186781251307349239e-01
2.198817293422488384e-01
2.230285499914458069e-01
2.280505888721583718e-01
2.343300274592856891e-01
2.405459016161608510e-01
2.447037682482039456e-01
2.445847036115811057e-01
2.388086338787434038e-01
2.274566680058567880e-01
2.109728783161266552e-01
1.919611111726382269e-01
1.771325591573131575e-01
1.709437032649615551e-01
1.749471595059665652e-01
2.030758050920164204e-01
3.024858422872037100e-01
