3.405939917087368873e-01
2.900238230600348799e-01
2.790012768413335231e-01
2.765598121255148922e-01
2.760722167366722601e-01
2.759938407923233084e-01
2.759874071574659471e-01
2.759892413864714622e-01
2.759904690137173766e-01
2.759909118985895415e-01
2.759910355152465633e-01
2.759910633404998315e-01
2.759910679587381788e-01
2.759910682156123118e-01
2.759910680154036844e-01
2.759910679022686830e-01
2.759910678625528413e-01
2.759910678516514504e-01
2.759910678492825120e-01
2.759910678489328473e-01
2.759910678489372882e-01
2.759910678489649882e-01
2.759910678489784219e-01
2.759910678489823632e-01
2.759910678489835290e-01
2.759910678489838620e-01
2.759910678489838065e-01
2.759910678489837510e-01
2.759910678489836955e-01
2.759910678489836955e-01
2.759910678489836955e-01
2.759910678489836955e-01
2.759910678489836955e-01
2.759910678489836955e-01
2.759910678489836955e-01
2.759910678489836955e-01
2.759910678489836955e-01
2.759910678489836955e-01
2.759910678489836955e-01
2.759910678489836955e-01
2.759910678489836955e-01
2.759910678489836955e-01
2.759910678489836955e-01
2.759910678489836955e-01
2.759910678489836955e-01
2.759910678489836955e-01
2.759910678489836955e-01
2.759910678489836955e-01
2.759910678489836955e-01
2.759910678489836955e-01
2.759910678489836955e-01
2.759910678489836955e-01
2.759910678489836955e-01
2.759910678489836955e-01
2.759910678489836955e-01
2.759910678489836955e-01
2.759910678489836955e-01
2.759910678489836955e-01
2.759910678489836955e-01
2.759910678489836955e-01
2.759910678489836955e-01
2.759910678489836955e-01
2.759910678489836955e-01
2.759910678489836955e-01
2.759910678489836955e-01
2.759910678489836955e-01
2.759910678489836955e-01
2.759910678489836955e-01
2.759910678489836955e-01
2.759910678489836955e-01
2.759910678489836955e-01
2.759910678489836955e-01
2.759910678489836955e-01
2.759910678489836955e-01
2.759910678489836955e-01
2.759910678489836955e-01
2.759910678489836955e-01
2.759910678489836955e-01
2.759910678489836955e-01
2.759910678489836955e-01
2.759910678489836955e-01
2.759910678489836955e-01
2.759910678489836955e-01
2.759910678489836955e-01
2.759910678489836955e-01
2.759910678489836955e-01
2.759910678489836955e-01
2.759910678489836955e-01
2.759910678489836955e-01
2.759910678489836955e-01
2.759910678489836955e-01
2.759910678489836955e-01
2.759910678489836955e-01
2.759910678489836955e-01
2.759910678489836955e-01
2.759910678489836955e-01
2.759910678489836955e-01
2.759910678489836955e-01
2.759910678489836955e-01
2.759910678489837510e-01
2.759910678489836955e-01
2.759910678489838065e-01
2.759910678489839175e-01
2.759910678489835290e-01
2.759910678489823632e-01
2.759910678489783664e-01
2.759910678489649882e-01
2.759910678489372882e-01
2.759910678489329028e-01
2.759910678492825120e-01
2.759910678516514504e-01
2.759910678625528413e-01
2.759910679022686830e-01
2.759910680154036844e-01
2.759910682156123118e-01
2.759910679587381788e-01
2.759910633404998315e-01
2.759910355152465633e-01
2.759909118985895415e-01
2.759904690137173766e-01
2.759892413864714622e-01
2.759874071574659471e-01
2.759938407923233084e-01
2.760722167366722601e-01
2.765598121255148922e-01
2.790012768413335231e-01
2.900238230600348799e-01
3.405939917087368873e-01
