7.471349112887891442e-02
6.555145581922858233e-02
6.095985594957049197e-02
5.739999007319306762e-02
5.526183748793216111e-02
5.347559696409578262e-02
5.231450900281649913e-02
5.138418180934755525e-02
5.073751067656790542e-02
5.025557222435145938e-02
4.987856679015784112e-02
4.960622470047595239e-02
4.941193559134374191e-02
4.927717244864393553e-02
4.918766049165598092e-02
4.913220115624467726e-02
4.910199395413066686e-02
4.909013919906183437e-02
4.909126361087372270e-02
4.910122688127602913e-02
4.911688227868941936e-02
4.913588179643584020e-02
4.915651578247809406e-02
4.917757679252596908e-02
4.919815928974464320e-02
4.921758059173469979e-02
4.923539345668270784e-02
4.925132839377707739e-02
4.926526801722682508e-02
4.927720218174672789e-02
4.928720323137125020e-02
4.929539813642935114e-02
4.930195102557923675e-02
4.930195102557922981e-02
4.930195102557923675e-02
4.930195102557922981e-02
4.930195102557923675e-02
4.930195102557922981e-02
4.930195102557923675e-02
4.930195102557922981e-02
4.930195102557923675e-02
4.930195102557922981e-02
4.930195102557923675e-02
4.930195102557922981e-02
4.930195102557923675e-02
4.930195102557922981e-02
4.930195102557923675e-02
4.930195102557922981e-02
4.930195102557923675e-02
4.930195102557922981e-02
4.930195102557923675e-02
4.930195102557922981e-02
4.930195102557923675e-02
4.930195102557922981e-02
4.930195102557923675e-02
4.930195102557922981e-02
4.930195102557923675e-02
4.930195102557922981e-02
4.930195102557923675e-02
4.930195102557922981e-02
4.930195102557923675e-02
4.930195102557922981e-02
4.930195102557923675e-02
4.930195102557922981e-02
4.930195102557923675e-02
4.930195102557922981e-02
4.930195102557923675e-02
4.930195102557922981e-02
4.930195102557923675e-02
4.930195102557922981e-02
4.930195102557923675e-02
4.930195102557922981e-02
4.930195102557923675e-02
4.930195102557922981e-02
4.930195102557923675e-02
4.930195102557922981e-02
4.930195102557923675e-02
4.930195102557922981e-02
4.930195102557923675e-02
4.930195102557922981e-02
4.930195102557923675e-02
4.930195102557922981e-02
4.930195102557923675e-02
4.930195102557922981e-02
4.930195102557923675e-02
4.930195102557922981e-02
4.930195102557923675e-02
4.930195102557922981e-02
4.930195102557923675e-02
4.930195102557922981e-02
4.930195102557923675e-02
4.930195102557922981e-02
4.930195102557923675e-02
4.930195102557922981e-02
4.930195102557923675e-02
4.930195102557922981e-02
4.929732184765019815e-02
4.929106705443914160e-02
4.928293546392577967e-02
4.927270607433219263e-02
4.926021274581475484e-02
4.924536995520385763e-02
4.922820628703340751e-02
4.920891045108641976e-02
4.918788294634214575e-02
4.916579861770591087e-02
4.914368739021587190e-02
4.912302591641409116e-02
4.910585046950789040e-02
4.909489148058802238e-02
4.909373164285540242e-02
4.910700057088639853e-02
4.914060870790643021e-02
4.920204197881037494e-02
4.930072992565625450e-02
4.944854330616634680e-02
4.966046695493255003e-02
4.995578602588758577e-02
5.036196318901052515e-02
5.087999566582657868e-02
5.157119615226013476e-02
5.255567119488217809e-02
5.378164342079619353e-02
5.564771741962308560e-02
5.787935097683262475e-02
6.156225071089604234e-02
6.629870496268347457e-02
7.569796932281530610e-02
