1.063897729650756796e-01
9.258170737391330229e-02
8.808880284740176758e-02
8.721957409161083807e-02
8.840397911004392595e-02
9.042841005102744689e-02
9.182944828163427942e-02
9.250888625293082757e-02
9.252771647921824438e-02
9.224963233079490343e-02
9.194298677305369483e-02
9.179070927871532670e-02
9.181016817432258170e-02
9.192973188864649037e-02
9.205374940013152929e-02
9.211921188743453504e-02
9.211621215549839481e-02
9.207132736777985660e-02
9.202197487994190350e-02
9.199471177490549378e-02
9.199608323699590140e-02
9.201622696783506861e-02
9.203893352875638922e-02
9.205175026775463953e-02
9.205099873076127981e-02
9.204097784410729399e-02
9.202949769210654052e-02
9.202290922073054491e-02
9.202324497786391888e-02
9.202838301192468873e-02
9.203429724203941731e-02
9.203767975443703786e-02
9.203745742010652209e-02
9.203745742010652209e-02
9.203745742010652209e-02
9.203745742010652209e-02
9.203745742010652209e-02
9.203745742010652209e-02
9.203745742010652209e-02
9.203745742010652209e-02
9.203745742010652209e-02
9.203745742010652209e-02
9.203745742010652209e-02
9.203745742010652209e-02
9.203745742010652209e-02
9.203745742010652209e-02
9.203745742010652209e-02
9.203745742010652209e-02
9.203745742010652209e-02
9.203745742010652209e-02
9.203745742010652209e-02
9.203745742010652209e-02
9.203745742010652209e-02
9.203745742010652209e-02
9.203745742010652209e-02
9.203745742010652209e-02
9.203745742010652209e-02
9.203745742010652209e-02
9.203745742010652209e-02
9.203745742010652209e-02
9.203745742010652209e-02
9.203745742010652209e-02
9.203745742010652209e-02
9.203745742010652209e-02
9.203745742010652209e-02
9.203745742010652209e-02
9.203745742010652209e-02
9.203745742010652209e-02
9.203745742010652209e-02
9.203745742010652209e-02
9.203745742010652209e-02
9.203745742010652209e-02
9.203745742010652209e-02
9.203745742010652209e-02
9.203745742010652209e-02
9.203745742010652209e-02
9.203745742010652209e-02
9.203745742010652209e-02
9.203745742010652209e-02
9.203745742010652209e-02
9.203745742010652209e-02
9.203745742010652209e-02
9.203745742010652209e-02
9.203745742010652209e-02
9.203745742010652209e-02
9.203745742010652209e-02
9.203745742010652209e-02
9.203745742010652209e-02
9.203745742010652209e-02
9.203745742010652209e-02
9.203745742010652209e-02
9.203745742010652209e-02
9.203745742010652209e-02
9.203745742010652209e-02
9.203745742010652209e-02
9.203745742010652209e-02
9.203761014381242611e-02
9.203501667283903176e-02
9.203019341418738897e-02
9.202577432855985062e-02
9.202545781764079336e-02
9.203157993116384272e-02
9.204263231074562290e-02
9.205259465212056735e-02
9.205339935437953369e-02
9.204003533161377038e-02
9.201580440428169805e-02
9.199401114837324478e-02
9.199263678004829248e-02
9.202289105836546079e-02
9.207772873675963698e-02
9.212772103527201717e-02
9.213147032103753686e-02
9.205989873735460904e-02
9.192427683712815767e-02
9.179434056940609377e-02
9.177414914140162583e-02
9.193958805450004601e-02
9.226955538301943871e-02
9.256863900953088420e-02
9.255216683585378024e-02
9.184113263350711376e-02
9.037556307097861785e-02
8.828486516072112100e-02
8.706960876010483297e-02
8.796253297495715273e-02
9.252288480219464373e-02
1.064285974612589059e-01
