9.611492806011620593e-02
7.846158534702277199e-02
7.142016359295166872e-02
7.144957905844839807e-02
7.521485263908007923e-02
7.955648540053321394e-02
8.225519651614486560e-02
8.286704428728181027e-02
8.250399533660573992e-02
8.169078797901138667e-02
8.097843652525175961e-02
8.065067252281807320e-02
8.071169379442078018e-02
8.098851343437853123e-02
8.125784820166924438e-02
8.138338776002382313e-02
8.135814137616859121e-02
8.124919584493257851e-02
8.113698873124987332e-02
8.107769388894027485e-02
8.108354128625239188e-02
8.113051562009966633e-02
8.118093563417523584e-02
8.120739393272119466e-02
8.120364817853509276e-02
8.118038283681648648e-02
8.115481377900113369e-02
8.114065886701821162e-02
8.114209152835054339e-02
8.115401289677212637e-02
8.116720024274817757e-02
8.117438078480967989e-02
8.117349592517235368e-02
8.117349592517235368e-02
8.117349592517235368e-02
8.117349592517235368e-02
8.117349592517235368e-02
8.117349592517235368e-02
8.117349592517235368e-02
8.117349592517235368e-02
8.117349592517235368e-02
8.117349592517235368e-02
8.117349592517235368e-02
8.117349592517235368e-02
8.117349592517235368e-02
8.117349592517235368e-02
8.117349592517235368e-02
8.117349592517235368e-02
8.117349592517235368e-02
8.117349592517235368e-02
8.117349592517235368e-02
8.117349592517235368e-02
8.117349592517235368e-02
8.117349592517235368e-02
8.117349592517235368e-02
8.117349592517235368e-02
8.117349592517235368e-02
8.117349592517235368e-02
8.117349592517235368e-02
8.117349592517235368e-02
8.117349592517235368e-02
8.117349592517235368e-02
8.117349592517235368e-02
8.117349592517235368e-02
8.117349592517235368e-02
8.117349592517235368e-02
8.117349592517235368e-02
8.117349592517235368e-02
8.117349592517235368e-02
8.117349592517235368e-02
8.117349592517235368e-02
8.117349592517235368e-02
8.117349592517235368e-02
8.117349592517235368e-02
8.117349592517235368e-02
8.117349592517235368e-02
8.117349592517235368e-02
8.117349592517235368e-02
8.117349592517235368e-02
8.117349592517235368e-02
8.117349592517235368e-02
8.117349592517235368e-02
8.117349592517235368e-02
8.117349592517235368e-02
8.117349592517235368e-02
8.117349592517235368e-02
8.117349592517235368e-02
8.117349592517235368e-02
8.117349592517235368e-02
8.117349592517235368e-02
8.117349592517235368e-02
8.117349592517235368e-02
8.117349592517235368e-02
8.117349592517235368e-02
8.117349592517235368e-02
8.117349592517235368e-02
8.117410263351410027e-02
8.116860390679708770e-02
8.115787989937267577e-02
8.114766676188506223e-02
8.114637266929729253e-02
8.115956282632151575e-02
8.118427590396289084e-02
8.120753089009814796e-02
8.121149490296203366e-02
8.118389298891799666e-02
8.113009309298938043e-02
8.107925962216661064e-02
8.107313159421775106e-02
8.113893269275497533e-02
8.126358064997878106e-02
8.138473004516785791e-02
8.141373822360567503e-02
8.127588936751616033e-02
8.098032329214147063e-02
8.067849946349937851e-02
8.061372455909446288e-02
8.096999042058374008e-02
8.173875710237919756e-02
8.261399652306583574e-02
8.300093316688508804e-02
8.235171099861757216e-02
7.952777935475062454e-02
7.505169813175001370e-02
7.121669232223749868e-02
7.119741604778048738e-02
7.827967102077817985e-02
9.594113367437812068e-02
