6.452725331136852649e-01
6.001905369353601749e-01
5.722349852243695523e-01
5.563813880144768964e-01
5.454791291494811567e-01
5.356528905350219638e-01
5.267885585723797170e-01
5.197190543926304418e-01
5.144052711238840114e-01
5.102399053551697206e-01
5.067840102433884830e-01
5.038757084583642687e-01
5.014351983166673854e-01
4.993826250932625888e-01
4.976507035920983979e-01
4.961845387159283804e-01
4.949393360659486429e-01
4.938783855960404701e-01
4.929715041867583913e-01
4.921936669860336178e-01
4.915239604581746469e-01
4.909446425082538701e-01
4.904408003312819009e-01
4.900003945706996600e-01
4.896141452956210838e-01
4.892749562340858449e-01
4.889771755562297706e-01
4.887157963762635560e-01
4.884863777221932768e-01
4.882848580805213001e-01
4.881078353543373272e-01
4.879523128088321116e-01
4.878156958293826673e-01
4.878156958293826673e-01
4.878156958293826673e-01
4.878156958293826673e-01
4.878156958293826673e-01
4.878156958293826673e-01
4.878156958293826673e-01
4.878156958293826673e-01
4.878156958293826673e-01
4.878156958293826673e-01
4.878156958293826673e-01
4.878156958293826673e-01
4.878156958293826673e-01
4.878156958293826673e-01
4.878156958293826673e-01
4.878156958293826673e-01
4.878156958293826673e-01
4.878156958293826673e-01
4.878156958293826673e-01
4.878156958293826673e-01
4.878156958293826673e-01
4.878156958293826673e-01
4.878156958293826673e-01
4.878156958293826673e-01
4.878156958293826673e-01
4.878156958293826673e-01
4.878156958293826673e-01
4.878156958293826673e-01
4.878156958293826673e-01
4.878156958293826673e-01
4.878156958293826673e-01
4.878156958293826673e-01
4.878156958293826673e-01
4.878156958293826673e-01
4.878156958293826673e-01
4.878156958293826673e-01
4.878156958293826673e-01
4.878156958293826673e-01
4.878156958293826673e-01
4.878156958293826673e-01
4.878156958293826673e-01
4.878156958293826673e-01
4.878156958293826673e-01
4.878156958293826673e-01
4.878156958293826673e-01
4.878156958293826673e-01
4.878156958293826673e-01
4.878156958293826673e-01
4.878156958293826673e-01
4.878156958293826673e-01
4.878156958293826673e-01
4.878156958293826673e-01
4.878156958293826673e-01
4.878156958293826673e-01
4.878156958293826673e-01
4.878156958293826673e-01
4.878156958293826673e-01
4.878156958293826673e-01
4.878156958293826673e-01
4.878156958293826673e-01
4.878156958293826673e-01
4.878156958293826673e-01
4.878156958293826673e-01
4.878156958293826673e-01
4.879129021824151202e-01
4.880322559549979955e-01
4.881768472116544411e-01
4.883502050329675548e-01
4.885564084923199601e-01
4.888002705414346005e-01
4.890874170633294771e-01
4.894244045579406732e-01
4.898189502293153197e-01
4.902801988176053172e-01
4.908188928299536125e-01
4.914477710670303590e-01
4.921820124620731596e-01
4.930396268050036834e-01
4.940421731512730230e-01
4.952155771435307052e-01
4.965910527785869499e-01
4.982064710878424396e-01
5.001079210906950179e-01
5.023518168239565762e-01
5.050072317442664271e-01
5.081560394411908099e-01
5.118801130169737812e-01
5.163444279123924341e-01
5.219921286183786258e-01
5.294343026869453572e-01
5.387089835962219908e-01
5.489784822272181231e-01
5.603660864343551484e-01
5.767917622520863929e-01
6.054696106628170149e-01
6.514302487475666092e-01
