8.400309797089322572e-02
7.293465646879593312e-02
6.709926723769926715e-02
6.380475022031985299e-02
6.186974218689884897e-02
6.070614825983903368e-02
5.999636670155805707e-02
5.955959558854942437e-02
5.928936590624567932e-02
5.912161322520452511e-02
5.901725901355651255e-02
5.895225854334663895e-02
5.891173827728293788e-02
5.888646587698347784e-02
5.887069858422669388e-02
5.886085954058936642e-02
5.885471906807446252e-02
5.885088655217845383e-02
5.884849441304457196e-02
5.884700127000151715e-02
5.884606925252104659e-02
5.884548748249812666e-02
5.884512433640878837e-02
5.884489765652790860e-02
5.884475616011964477e-02
5.884466783622060992e-02
5.884461270328221472e-02
5.884457828858467854e-02
5.884455680649258724e-02
5.884454339710572940e-02
5.884453502680710157e-02
5.884452980197132921e-02
5.884452654057202581e-02
5.884452450477280216e-02
5.884452323400699014e-02
5.884452244078317018e-02
5.884452194564596811e-02
5.884452163657727386e-02
5.884452144365426296e-02
5.884452132323034212e-02
5.884452124806095752e-02
5.884452120113976836e-02
5.884452117185132169e-02
5.884452115356932078e-02
5.884452114215763668e-02
5.884452113503439719e-02
5.884452113058807193e-02
5.884452112781264621e-02
5.884452112608022645e-02
5.884452112499884147e-02
5.884452112432383974e-02
5.884452112390252398e-02
5.884452112363951909e-02
5.884452112347537955e-02
5.884452112337290597e-02
5.884452112330895712e-02
5.884452112326905848e-02
5.884452112324415479e-02
5.884452112322866024e-02
5.884452112321903600e-02
5.884452112321311712e-02
5.884452112320956441e-02
5.884452112320755213e-02
5.884452112320665701e-02
5.884452112320665007e-02
5.884452112320755213e-02
5.884452112320956441e-02
5.884452112321313100e-02
5.884452112321903600e-02
5.884452112322866024e-02
5.884452112324415479e-02
5.884452112326905848e-02
5.884452112330895712e-02
5.884452112337290597e-02
5.884452112347537955e-02
5.884452112363951909e-02
5.884452112390251705e-02
5.884452112432385362e-02
5.884452112499884147e-02
5.884452112608022645e-02
5.884452112781264621e-02
5.884452113058807193e-02
5.884452113503439719e-02
5.884452114215763668e-02
5.884452115356932078e-02
5.884452117185131476e-02
5.884452120113976836e-02
5.884452124806094364e-02
5.884452132323034212e-02
5.884452144365424908e-02
5.884452163657727386e-02
5.884452194564596117e-02
5.884452244078317018e-02
5.884452323400699014e-02
5.884452450477280216e-02
5.884452654057202581e-02
5.884452980197132921e-02
5.884453502680710157e-02
5.884454339710572246e-02
5.884455680649258724e-02
5.884457828858467854e-02
5.884461270328221472e-02
5.884466783622059605e-02
5.884475616011964477e-02
5.884489765652790166e-02
5.884512433640878837e-02
5.884548748249812666e-02
5.884606925252104659e-02
5.884700127000151715e-02
5.884849441304456502e-02
5.885088655217845383e-02
5.885471906807446252e-02
5.886085954058936642e-02
5.887069858422669388e-02
5.888646587698347784e-02
5.891173827728292400e-02
5.895225854334663895e-02
5.901725901355651255e-02
5.912161322520451817e-02
5.928936590624567238e-02
5.955959558854942437e-02
5.999636670155805013e-02
6.070614825983903368e-02
6.186974218689884897e-02
6.380475022031985299e-02
6.709926723769926715e-02
7.293465646879593312e-02
8.400309797089322572e-02
