6.276710089128278991e-01
6.273983989594668076e-01
7.330777492556589392e-01
7.323721285108618639e-01
8.511650849288542320e-01
8.503776907936412277e-01
9.171082078215039290e-01
9.164549867354790935e-01
9.364823762104960148e-01
9.358845472928508658e-01
9.555812959741150081e-01
9.550364658946746133e-01
9.652707206388642103e-01
9.647943160276026831e-01
9.770733074259363438e-01
9.766729276708659979e-01
9.808265071535658963e-01
9.804896071570093907e-01
9.881177871182023065e-01
9.878398075328377326e-01
9.887561393854031877e-01
9.885231399005354191e-01
9.937262908687793939e-01
9.935326725713488072e-01
9.928348447597469262e-01
9.926708962278665282e-01
9.967494592771571904e-01
9.966129615048739954e-01
9.951857412603428710e-01
9.950712133292431982e-01
9.985718650995190071e-01
9.984778792623050236e-01
9.966119546824629971e-01
9.966119546824629971e-01
9.966119546824629971e-01
9.966119546824629971e-01
9.966119546824629971e-01
9.966119546824629971e-01
9.966119546824629971e-01
9.966119546824629971e-01
9.966119546824629971e-01
9.966119546824629971e-01
9.966119546824629971e-01
9.966119546824629971e-01
9.966119546824629971e-01
9.966119546824629971e-01
9.966119546824629971e-01
9.966119546824629971e-01
9.966119546824629971e-01
9.966119546824629971e-01
9.966119546824629971e-01
9.966119546824629971e-01
9.966119546824629971e-01
9.966119546824629971e-01
9.966119546824629971e-01
9.966119546824629971e-01
9.966119546824629971e-01
9.966119546824629971e-01
9.966119546824629971e-01
9.966119546824629971e-01
9.966119546824629971e-01
9.966119546824629971e-01
9.966119546824629971e-01
9.966119546824629971e-01
9.966119546824629971e-01
9.966119546824629971e-01
9.966119546824629971e-01
9.966119546824629971e-01
9.966119546824629971e-01
9.966119546824629971e-01
9.966119546824629971e-01
9.966119546824629971e-01
9.966119546824629971e-01
9.966119546824629971e-01
9.966119546824629971e-01
9.966119546824629971e-01
9.966119546824629971e-01
9.966119546824629971e-01
9.966119546824629971e-01
9.966119546824629971e-01
9.966119546824629971e-01
9.966119546824629971e-01
9.966119546824629971e-01
9.966119546824629971e-01
9.966119546824629971e-01
9.966119546824629971e-01
9.966119546824629971e-01
9.966119546824629971e-01
9.966119546824629971e-01
9.966119546824629971e-01
9.966119546824629971e-01
9.966119546824629971e-01
9.966119546824629971e-01
9.966119546824629971e-01
9.966119546824629971e-01
9.966119546824629971e-01
9.999365802717617990e-01
1.000000011137818001e+00
9.948421622371084183e-01
9.949400034783312252e-01
9.977174231865393317e-01
9.978447759113380222e-01
9.919481318299131489e-01
9.921112959775159057e-01
9.939298786047318091e-01
9.941329812314940728e-01
9.868916528369747754e-01
9.871440688782173734e-01
9.871996441879831163e-01
9.875062294022105558e-01
9.777673070647456832e-01
9.781394281154242032e-01
9.748901310658906194e-01
9.753309629756734545e-01
9.608918768318709391e-01
9.614106515917555384e-01
9.520045845400031403e-01
9.525923408406559156e-01
9.307693953668164655e-01
9.314062723253794251e-01
9.122103146144358021e-01
9.128970994941822958e-01
8.447838275179433420e-01
8.455903147354710825e-01
7.294387851290664582e-01
7.301506445909224929e-01
6.258539239606960569e-01
6.261266458736066687e-01
