8.648553370361587722e-02
7.179610140699325960e-02
6.528172416375972731e-02
6.265285656412623860e-02
6.143769487767822973e-02
6.109931431171526650e-02
6.145120924320366523e-02
6.208105524981340911e-02
6.273457207165403227e-02
6.333057677447168077e-02
6.379705279991361444e-02
6.409228696877966591e-02
6.422777237821690466e-02
6.424205499152067789e-02
6.418129548776321802e-02
6.408747639398890139e-02
6.399243844784498203e-02
6.391617428113939570e-02
6.386776387776789410e-02
6.384771334442242152e-02
6.385084332265841822e-02
6.386916726903693609e-02
6.389431137715749498e-02
6.391916671326058896e-02
6.393877628380233158e-02
6.395063571012131465e-02
6.395452149621828897e-02
6.395190356475709270e-02
6.394515267659364732e-02
6.393679937399902868e-02
6.392899105700411422e-02
6.392316546102985719e-02
6.391996013076629846e-02
6.391996013076629846e-02
6.391996013076629846e-02
6.391996013076629846e-02
6.391996013076629846e-02
6.391996013076629846e-02
6.391996013076629846e-02
6.391996013076629846e-02
6.391996013076629846e-02
6.391996013076629846e-02
6.391996013076629846e-02
6.391996013076629846e-02
6.391996013076629846e-02
6.391996013076629846e-02
6.391996013076629846e-02
6.391996013076629846e-02
6.391996013076629846e-02
6.391996013076629846e-02
6.391996013076629846e-02
6.391996013076629846e-02
6.391996013076629846e-02
6.391996013076629846e-02
6.391996013076629846e-02
6.391996013076629846e-02
6.391996013076629846e-02
6.391996013076629846e-02
6.391996013076629846e-02
6.391996013076629846e-02
6.391996013076629846e-02
6.391996013076629846e-02
6.391996013076629846e-02
6.391996013076629846e-02
6.391996013076629846e-02
6.391996013076629846e-02
6.391996013076629846e-02
6.391996013076629846e-02
6.391996013076629846e-02
6.391996013076629846e-02
6.391996013076629846e-02
6.391996013076629846e-02
6.391996013076629846e-02
6.391996013076629846e-02
6.391996013076629846e-02
6.391996013076629846e-02
6.391996013076629846e-02
6.391996013076629846e-02
6.391996013076629846e-02
6.391996013076629846e-02
6.391996013076629846e-02
6.391996013076629846e-02
6.391996013076629846e-02
6.391996013076629846e-02
6.391996013076629846e-02
6.391996013076629846e-02
6.391996013076629846e-02
6.391996013076629846e-02
6.391996013076629846e-02
6.391996013076629846e-02
6.391996013076629846e-02
6.391996013076629846e-02
6.391996013076629846e-02
6.391996013076629846e-02
6.391996013076629846e-02
6.391996013076629846e-02
6.392220376643983903e-02
6.392661125375614928e-02
6.393290609292548443e-02
6.394000469279349785e-02
6.394599840153061820e-02
6.394839411640883264e-02
6.394463635501905496e-02
6.393288080460536593e-02
6.391290676214358979e-02
6.388694344183604157e-02
6.386014500431720642e-02
6.384038749981692240e-02
6.383717708257816148e-02
6.385961767423596613e-02
6.391359012815346630e-02
6.399851532266070953e-02
6.410419901183689317e-02
6.420840663914921531e-02
6.427609454997276761e-02
6.426155432452788918e-02
6.411521566692279794e-02
6.379667431986611736e-02
6.329546462359671166e-02
6.265802392067731930e-02
6.196444533725310039e-02
6.130653942376008969e-02
6.094834163353429757e-02
6.130537093762589845e-02
6.256392406646883730e-02
6.526321633313188209e-02
7.187358938961166399e-02
8.666957363278970927e-02
