6.060888656079813780e-02
5.229153977054739472e-02
4.848623167553793578e-02
4.595586483947328160e-02
4.372976033597592016e-02
4.217643223399843849e-02
4.106703553324540790e-02
4.007926389932271738e-02
3.926327360951412104e-02
3.864423836564903625e-02
3.814757076955612586e-02
3.773460548874937870e-02
3.739124802053842012e-02
3.710454655390828249e-02
3.686404710083217989e-02
3.666143248262897225e-02
3.649004877795342799e-02
3.634453113025203769e-02
3.622051095968274043e-02
3.611438861756943036e-02
3.602321054650776261e-02
3.594451027663384673e-02
3.587619295565257910e-02
3.581654197474679058e-02
3.576427828900474726e-02
3.571845804363919102e-02
3.567828641728656297e-02
3.564305440858400731e-02
3.561214204431133179e-02
3.558501655629177363e-02
3.556120381446751383e-02
3.554029813577006675e-02
3.552193976059176556e-02
3.552193976059177943e-02
3.552193976059177943e-02
3.552193976059177943e-02
3.552193976059176556e-02
3.552193976059177943e-02
3.552193976059177943e-02
3.552193976059177943e-02
3.552193976059176556e-02
3.552193976059177943e-02
3.552193976059177943e-02
3.552193976059177943e-02
3.552193976059176556e-02
3.552193976059177943e-02
3.552193976059177943e-02
3.552193976059177943e-02
3.552193976059176556e-02
3.552193976059177943e-02
3.552193976059177943e-02
3.552193976059177943e-02
3.552193976059176556e-02
3.552193976059177943e-02
3.552193976059177943e-02
3.552193976059177943e-02
3.552193976059176556e-02
3.552193976059177943e-02
3.552193976059177943e-02
3.552193976059177943e-02
3.552193976059176556e-02
3.552193976059177943e-02
3.552193976059177943e-02
3.552193976059177943e-02
3.552193976059176556e-02
3.552193976059177943e-02
3.552193976059177943e-02
3.552193976059177943e-02
3.552193976059176556e-02
3.552193976059177943e-02
3.552193976059177943e-02
3.552193976059177943e-02
3.552193976059176556e-02
3.552193976059177943e-02
3.552193976059177943e-02
3.552193976059177943e-02
3.552193976059176556e-02
3.552193976059177943e-02
3.552193976059177943e-02
3.552193976059177943e-02
3.552193976059176556e-02
3.552193976059177943e-02
3.552193976059177943e-02
3.552193976059177943e-02
3.552193976059176556e-02
3.552193976059177943e-02
3.552193976059177943e-02
3.552193976059177943e-02
3.552193976059176556e-02
3.552193976059177943e-02
3.552193976059177943e-02
3.552193976059177943e-02
3.552193976059176556e-02
3.552193976059177943e-02
3.552193976059177943e-02
3.552193976059177943e-02
3.553503827976452895e-02
3.555112020151136865e-02
3.557059871351696961e-02
3.559396033304153273e-02
3.562176051881190547e-02
3.565465764467883047e-02
3.569341491146709594e-02
3.573894105088170486e-02
3.579229387027059450e-02
3.585473972996872094e-02
3.592777672998766908e-02
3.601318232264168889e-02
3.611308669075465050e-02
3.623004038628181017e-02
3.636712265427713420e-02
3.652806621942030624e-02
3.671742001945110800e-02
3.694076861731912520e-02
3.720502546446127767e-02
3.751882909927117121e-02
3.789302765070014234e-02
3.834106295706518619e-02
3.887757515741856879e-02
3.954219225259697490e-02
4.041084435691855853e-02
4.145864565453376976e-02
4.263612592256717931e-02
4.427237026681943993e-02
4.660102309570185453e-02
4.924807465835817633e-02
5.321180772989841240e-02
6.181679982924156991e-02
