1.272235607153960057e-01
1.250785564242326009e-01
1.249533518399069676e-01
1.249459500797109046e-01
1.249455121801650304e-01
1.249454862722282344e-01
1.249454847394055601e-01
1.249454846487173809e-01
1.249454846433519090e-01
1.249454846430344546e-01
1.249454846430156918e-01
1.249454846430145816e-01
1.249454846430144983e-01
1.249454846430144983e-01
1.249454846430144983e-01
1.249454846430144983e-01
1.249454846430144983e-01
1.249454846430144983e-01
1.249454846430144983e-01
1.249454846430144983e-01
1.249454846430144983e-01
1.249454846430144983e-01
1.249454846430144983e-01
1.249454846430144983e-01
1.249454846430144983e-01
1.249454846430144983e-01
1.249454846430144983e-01
1.249454846430144983e-01
1.249454846430144983e-01
1.249454846430144983e-01
1.249454846430144983e-01
1.249454846430144983e-01
1.249454846430144983e-01
1.249454846430144983e-01
1.249454846430144983e-01
1.249454846430144983e-01
1.249454846430144983e-01
1.249454846430144983e-01
1.249454846430144983e-01
1.249454846430144983e-01
1.249454846430144983e-01
1.249454846430144983e-01
1.249454846430144983e-01
1.249454846430144983e-01
1.249454846430144983e-01
1.249454846430144983e-01
1.249454846430144983e-01
1.249454846430144983e-01
1.249454846430144983e-01
1.249454846430144983e-01
1.249454846430144983e-01
1.249454846430144983e-01
1.249454846430144983e-01
1.249454846430144983e-01
1.249454846430144983e-01
1.249454846430144983e-01
1.249454846430144983e-01
1.249454846430144983e-01
1.249454846430144983e-01
1.249454846430144983e-01
1.249454846430144983e-01
1.249454846430144983e-01
1.249454846430144983e-01
1.249454846430144983e-01
1.249454846430144983e-01
1.249454846430144983e-01
1.249454846430144983e-01
1.249454846430144983e-01
1.249454846430144983e-01
1.249454846430144983e-01
1.249454846430144983e-01
1.249454846430144983e-01
1.249454846430144983e-01
1.249454846430144983e-01
1.249454846430144983e-01
1.249454846430144983e-01
1.249454846430144983e-01
1.249454846430144983e-01
1.249454846430144983e-01
1.249454846430144983e-01
1.249454846430144983e-01
1.249454846430144983e-01
1.249454846430144983e-01
1.249454846430144983e-01
1.249454846430144983e-01
1.249454846430144983e-01
1.249454846430144983e-01
1.249454846430144983e-01
1.249454846430144983e-01
1.249454846430144983e-01
1.249454846430144983e-01
1.249454846430144983e-01
1.249454846430144983e-01
1.249454846430144983e-01
1.249454846430144983e-01
1.249454846430144983e-01
1.249454846430144983e-01
1.249454846430144983e-01
1.249454846430144983e-01
1.249454846430144983e-01
1.249454846430144983e-01
1.249454846430144983e-01
1.249454846430144983e-01
1.249454846430144983e-01
1.249454846430144983e-01
1.249454846430144983e-01
1.249454846430144983e-01
1.249454846430144983e-01
1.249454846430144983e-01
1.249454846430144983e-01
1.249454846430144983e-01
1.249454846430144983e-01
1.249454846430144983e-01
1.249454846430144983e-01
1.249454846430144983e-01
1.249454846430144983e-01
1.249454846430145816e-01
1.249454846430156918e-01
1.249454846430344546e-01
1.249454846433519228e-01
1.249454846487173809e-01
1.249454847394055601e-01
1.249454862722282344e-01
1.249455121801650304e-01
1.249459500797109046e-01
1.249533518399069676e-01
1.250785564242326009e-01
1.272235607153960057e-01
