1.693625553239929138e-01
1.680273130316011221e-01
1.673096375108044098e-01
1.666428831945078182e-01
1.661858108119357302e-01
1.658048504627966657e-01
1.654784550403753385e-01
1.652303225645874729e-01
1.650034495046706351e-01
1.648204811239798451e-01
1.646739266669212109e-01
1.645501360867154261e-01
1.644458524980032255e-01
1.643577886318582093e-01
1.642832041667276477e-01
1.642198534151556311e-01
1.641658960555506253e-01
1.641198092066545322e-01
1.640803294250544053e-01
1.640464030493173631e-01
1.640171427643900004e-01
1.639918037656477035e-01
1.639697504723985899e-01
1.639504446166102636e-01
1.639334931948684682e-01
1.639186058208966790e-01
1.639055309646681724e-01
1.638940462399636200e-01
1.638839583507608055e-01
1.638750953392356935e-01
1.638673084808505709e-01
1.638604664780627385e-01
1.638544535137395897e-01
1.638544535137395897e-01
1.638544535137395619e-01
1.638544535137395897e-01
1.638544535137395897e-01
1.638544535137395897e-01
1.638544535137395619e-01
1.638544535137395897e-01
1.638544535137395897e-01
1.638544535137395897e-01
1.638544535137395619e-01
1.638544535137395897e-01
1.638544535137395897e-01
1.638544535137395897e-01
1.638544535137395619e-01
1.638544535137395897e-01
1.638544535137395897e-01
1.638544535137395897e-01
1.638544535137395619e-01
1.638544535137395897e-01
1.638544535137395897e-01
1.638544535137395897e-01
1.638544535137395619e-01
1.638544535137395897e-01
1.638544535137395897e-01
1.638544535137395897e-01
1.638544535137395619e-01
1.638544535137395897e-01
1.638544535137395897e-01
1.638544535137395897e-01
1.638544535137395619e-01
1.638544535137395897e-01
1.638544535137395897e-01
1.638544535137395897e-01
1.638544535137395619e-01
1.638544535137395897e-01
1.638544535137395897e-01
1.638544535137395897e-01
1.638544535137395619e-01
1.638544535137395897e-01
1.638544535137395897e-01
1.638544535137395897e-01
1.638544535137395619e-01
1.638544535137395897e-01
1.638544535137395897e-01
1.638544535137395897e-01
1.638544535137395619e-01
1.638544535137395897e-01
1.638544535137395897e-01
1.638544535137395897e-01
1.638544535137395619e-01
1.638544535137395897e-01
1.638544535137395897e-01
1.638544535137395897e-01
1.638544535137395619e-01
1.638544535137395897e-01
1.638544535137395897e-01
1.638544535137395897e-01
1.638544535137395619e-01
1.638544535137395897e-01
1.638544535137395897e-01
1.638544535137395897e-01
1.638544535137395619e-01
1.638544535137395897e-01
1.638587479040189976e-01
1.638640156051294205e-01
1.638703916931387172e-01
1.638780305861118614e-01
1.638871118500103141e-01
1.638978460145478766e-01
1.639104746173387361e-01
1.639252818293633340e-01
1.639426022492774804e-01
1.639628287287882569e-01
1.639864240968986475e-01
1.640139310071613010e-01
1.640459934481258153e-01
1.640833745046607894e-01
1.641269781346605394e-01
1.641778846850219520e-01
1.642373828648446832e-01
1.643070253582181728e-01
1.643886870448615922e-01
1.644846435277778629e-01
1.645976626859005920e-01
1.647310554686609863e-01
1.648880850570753620e-01
1.650824096986048817e-01
1.653213778985764826e-01
1.655823496150465868e-01
1.659223363886849767e-01
1.663171672382931787e-01
1.667886252802062153e-01
1.674693570951045762e-01
1.681998040535794825e-01
1.695603903761213616e-01
