6.143240067011267874e-02
5.179351326460192306e-02
4.629259579026363119e-02
4.336474199700442178e-02
4.163066382124247511e-02
4.030898078823184905e-02
3.918887358560618761e-02
3.829946187626175752e-02
3.764793598032537686e-02
3.718261620352940333e-02
3.684736062203738255e-02
3.660612925128806788e-02
3.643620087536936225e-02
3.632031646314762274e-02
3.624515533734421618e-02
3.620037974435529743e-02
3.617793540305759559e-02
3.617155595011118524e-02
3.617639005259628421e-02
3.618871744642245675e-02
3.620572840998098618e-02
3.622534485082123251e-02
3.624606298312018499e-02
3.626680779259433551e-02
3.628680136456098604e-02
3.630548709266457480e-02
3.632248887163165574e-02
3.633758985979085310e-02
3.635071217536899740e-02
3.636188077891763792e-02
3.637119001514515365e-02
3.637877633934730182e-02
3.638480835964063437e-02
3.638480835964063437e-02
3.638480835964063437e-02
3.638480835964064131e-02
3.638480835964063437e-02
3.638480835964063437e-02
3.638480835964063437e-02
3.638480835964064131e-02
3.638480835964063437e-02
3.638480835964063437e-02
3.638480835964063437e-02
3.638480835964064131e-02
3.638480835964063437e-02
3.638480835964063437e-02
3.638480835964063437e-02
3.638480835964064131e-02
3.638480835964063437e-02
3.638480835964063437e-02
3.638480835964063437e-02
3.638480835964064131e-02
3.638480835964063437e-02
3.638480835964063437e-02
3.638480835964063437e-02
3.638480835964064131e-02
3.638480835964063437e-02
3.638480835964063437e-02
3.638480835964063437e-02
3.638480835964064131e-02
3.638480835964063437e-02
3.638480835964063437e-02
3.638480835964063437e-02
3.638480835964064131e-02
3.638480835964063437e-02
3.638480835964063437e-02
3.638480835964063437e-02
3.638480835964064131e-02
3.638480835964063437e-02
3.638480835964063437e-02
3.638480835964063437e-02
3.638480835964064131e-02
3.638480835964063437e-02
3.638480835964063437e-02
3.638480835964063437e-02
3.638480835964064131e-02
3.638480835964063437e-02
3.638480835964063437e-02
3.638480835964063437e-02
3.638480835964064131e-02
3.638480835964063437e-02
3.638480835964063437e-02
3.638480835964063437e-02
3.638480835964064131e-02
3.638480835964063437e-02
3.638480835964063437e-02
3.638480835964063437e-02
3.638480835964064131e-02
3.638480835964063437e-02
3.638480835964063437e-02
3.638480835964063437e-02
3.638480835964064131e-02
3.638480835964063437e-02
3.638480835964063437e-02
3.638480835964063437e-02
3.638480835964064131e-02
3.638048507274612570e-02
3.637462405776524521e-02
3.636697662763879735e-02
3.635731979331370545e-02
3.634547197721130218e-02
3.633132412753012352e-02
3.631486881976219577e-02
3.629623612004079236e-02
3.627574584714979289e-02
3.625396470739907645e-02
3.623177762087836928e-02
3.621047159929806358e-02
3.619184143209391163e-02
3.617830783741367989e-02
3.617306751168265777e-02
3.618027151105454586e-02
3.620524653715610081e-02
3.625477806598874364e-02
3.633747624201380533e-02
3.646427188268041436e-02
3.664912146674854931e-02
3.690997019784559435e-02
3.727027625869411276e-02
3.776696672667357452e-02
3.845723532814944445e-02
3.939388643121871647e-02
4.057070418988363569e-02
4.196001768241114371e-02
4.377759614683616324e-02
4.681852849425217206e-02
5.248808001178120047e-02
6.238324684343171667e-02
