7.557065158959581919e-02
6.207671534258416002e-02
5.427556807832759067e-02
5.035179778027484149e-02
4.886206035592865343e-02
4.874057664931090439e-02
4.927187833469844069e-02
5.004918360870890676e-02
5.086128946111722476e-02
5.157799809179662576e-02
5.211165707262825630e-02
5.242882760350398019e-02
5.255023672865866136e-02
5.252878711442825893e-02
5.242435169538347400e-02
5.228909285633992488e-02
5.216096856595429238e-02
5.206257492564107109e-02
5.200296324327400438e-02
5.198088098879601743e-02
5.198846462991645739e-02
5.201477518864101174e-02
5.204873038377619970e-02
5.208116551728270843e-02
5.210595183982589390e-02
5.212025709825141018e-02
5.212414750019146725e-02
5.211975547246922719e-02
5.211028030096013369e-02
5.209904886278811376e-02
5.208881656822127865e-02
5.208137054716458630e-02
5.207744506914878391e-02
5.207744506914879778e-02
5.207744506914878391e-02
5.207744506914878391e-02
5.207744506914878391e-02
5.207744506914879778e-02
5.207744506914878391e-02
5.207744506914878391e-02
5.207744506914878391e-02
5.207744506914879778e-02
5.207744506914878391e-02
5.207744506914878391e-02
5.207744506914878391e-02
5.207744506914879778e-02
5.207744506914878391e-02
5.207744506914878391e-02
5.207744506914878391e-02
5.207744506914879778e-02
5.207744506914878391e-02
5.207744506914878391e-02
5.207744506914878391e-02
5.207744506914879778e-02
5.207744506914878391e-02
5.207744506914878391e-02
5.207744506914878391e-02
5.207744506914879778e-02
5.207744506914878391e-02
5.207744506914878391e-02
5.207744506914878391e-02
5.207744506914879778e-02
5.207744506914878391e-02
5.207744506914878391e-02
5.207744506914878391e-02
5.207744506914879778e-02
5.207744506914878391e-02
5.207744506914878391e-02
5.207744506914878391e-02
5.207744506914879778e-02
5.207744506914878391e-02
5.207744506914878391e-02
5.207744506914878391e-02
5.207744506914879778e-02
5.207744506914878391e-02
5.207744506914878391e-02
5.207744506914878391e-02
5.207744506914879778e-02
5.207744506914878391e-02
5.207744506914878391e-02
5.207744506914878391e-02
5.207744506914879778e-02
5.207744506914878391e-02
5.207744506914878391e-02
5.207744506914878391e-02
5.207744506914879778e-02
5.207744506914878391e-02
5.207744506914878391e-02
5.207744506914878391e-02
5.207744506914879778e-02
5.207744506914878391e-02
5.207744506914878391e-02
5.207744506914878391e-02
5.207744506914879778e-02
5.207744506914878391e-02
5.207744506914878391e-02
5.208020177327091910e-02
5.208585024537579211e-02
5.209411911694210306e-02
5.210368336038341541e-02
5.211211637993415358e-02
5.211616150516450163e-02
5.211237810652164654e-02
5.209813052935047956e-02
5.207278879419342810e-02
5.203886496422854835e-02
5.200271626174906431e-02
5.197440342242232170e-02
5.196641433934427040e-02
5.199118018750691073e-02
5.205761087038213164e-02
5.216707373645301099e-02
5.230936907553094400e-02
5.245935190795386616e-02
5.257520042625987711e-02
5.260000161586207007e-02
5.246920317913259663e-02
5.212687922868203261e-02
5.155291468926393589e-02
5.078618509840942402e-02
4.992416897477301024e-02
4.910900008414949974e-02
4.856261805422068534e-02
4.869724098035438375e-02
5.022588481397753657e-02
5.420587238018172160e-02
6.206859280960837916e-02
7.560690216487106485e-02
