6.788499755551270776e-02
5.786841653804423308e-02
5.327090866179259171e-02
5.052418183947295777e-02
4.817643495071079196e-02
4.647429973913511786e-02
4.536749968983041365e-02
4.451008988039073522e-02
4.381465225959008808e-02
4.330153120575518794e-02
4.293411210137577927e-02
4.266992656160564085e-02
4.248326226975134706e-02
4.235527982877618919e-02
4.227155175501823986e-02
4.222089415562253756e-02
4.219459496168412316e-02
4.218587002984431483e-02
4.218946568566608185e-02
4.220135080811266565e-02
4.221847423391138221e-02
4.223856963531889830e-02
4.226000203579035469e-02
4.228160743756900763e-02
4.230253580805235641e-02
4.232215520374077444e-02
4.234004307979800236e-02
4.235597008129531049e-02
4.236984819970427557e-02
4.238168640919033614e-02
4.239156982150646402e-02
4.239964115114751991e-02
4.240607347391704002e-02
4.240607347391704002e-02
4.240607347391704002e-02
4.240607347391704002e-02
4.240607347391704002e-02
4.240607347391704002e-02
4.240607347391704002e-02
4.240607347391704002e-02
4.240607347391704002e-02
4.240607347391704002e-02
4.240607347391704002e-02
4.240607347391704002e-02
4.240607347391704002e-02
4.240607347391704002e-02
4.240607347391704002e-02
4.240607347391704002e-02
4.240607347391704002e-02
4.240607347391704002e-02
4.240607347391704002e-02
4.240607347391704002e-02
4.240607347391704002e-02
4.240607347391704002e-02
4.240607347391704002e-02
4.240607347391704002e-02
4.240607347391704002e-02
4.240607347391704002e-02
4.240607347391704002e-02
4.240607347391704002e-02
4.240607347391704002e-02
4.240607347391704002e-02
4.240607347391704002e-02
4.240607347391704002e-02
4.240607347391704002e-02
4.240607347391704002e-02
4.240607347391704002e-02
4.240607347391704002e-02
4.240607347391704002e-02
4.240607347391704002e-02
4.240607347391704002e-02
4.240607347391704002e-02
4.240607347391704002e-02
4.240607347391704002e-02
4.240607347391704002e-02
4.240607347391704002e-02
4.240607347391704002e-02
4.240607347391704002e-02
4.240607347391704002e-02
4.240607347391704002e-02
4.240607347391704002e-02
4.240607347391704002e-02
4.240607347391704002e-02
4.240607347391704002e-02
4.240607347391704002e-02
4.240607347391704002e-02
4.240607347391704002e-02
4.240607347391704002e-02
4.240607347391704002e-02
4.240607347391704002e-02
4.240607347391704002e-02
4.240607347391704002e-02
4.240607347391704002e-02
4.240607347391704002e-02
4.240607347391704002e-02
4.240607347391704002e-02
4.240146789609298972e-02
4.239523873579428143e-02
4.238712695869921443e-02
4.237690038192204467e-02
4.236438080181735566e-02
4.234946115800276856e-02
4.233214682217676522e-02
4.231259469514556115e-02
4.229116369747191323e-02
4.226848299132277692e-02
4.224552417406060578e-02
4.222369146113941207e-02
4.220493741480560446e-02
4.219189062973022208e-02
4.218801673215936965e-02
4.219781190927920228e-02
4.222704221942247954e-02
4.228304875309014943e-02
4.237514046864803569e-02
4.251513947454078901e-02
4.271814967100116128e-02
4.300373473479998654e-02
4.339838879283725026e-02
4.394549418165558108e-02
4.468254701845478932e-02
4.558999804207524570e-02
4.675750692086839272e-02
4.853548336679386344e-02
5.097537218826068972e-02
5.383017416830421231e-02
5.857875799434712066e-02
6.885328301792346950e-02
