4.134185949312760289e-01
3.980589403036197682e-01
3.972733045573478283e-01
3.972355534473771543e-01
3.972339424281914888e-01
3.972338858978240461e-01
3.972338846949222124e-01
3.972338847278149010e-01
3.972338847340215473e-01
3.972338847345141533e-01
3.972338847345437407e-01
3.972338847345447399e-01
3.972338847345448509e-01
3.972338847345447954e-01
3.972338847345447954e-01
3.972338847345447954e-01
3.972338847345447954e-01
3.972338847345447954e-01
3.972338847345447954e-01
3.972338847345447954e-01
3.972338847345447954e-01
3.972338847345447954e-01
3.972338847345447954e-01
3.972338847345447954e-01
3.972338847345447954e-01
3.972338847345447954e-01
3.972338847345447954e-01
3.972338847345447954e-01
3.972338847345447954e-01
3.972338847345447954e-01
3.972338847345447954e-01
3.972338847345447954e-01
3.972338847345447954e-01
3.972338847345447954e-01
3.972338847345447954e-01
3.972338847345447954e-01
3.972338847345447954e-01
3.972338847345447954e-01
3.972338847345447954e-01
3.972338847345447954e-01
3.972338847345447954e-01
3.972338847345447954e-01
3.972338847345447954e-01
3.972338847345447954e-01
3.972338847345447954e-01
3.972338847345447954e-01
3.972338847345447954e-01
3.972338847345447954e-01
3.972338847345447954e-01
3.972338847345447954e-01
3.972338847345447954e-01
3.972338847345447954e-01
3.972338847345447954e-01
3.972338847345447954e-01
3.972338847345447954e-01
3.972338847345447954e-01
3.972338847345447954e-01
3.972338847345447954e-01
3.972338847345447954e-01
3.972338847345447954e-01
3.972338847345447954e-01
3.972338847345447954e-01
3.972338847345447954e-01
3.972338847345447954e-01
3.972338847345447954e-01
3.972338847345447954e-01
3.972338847345447954e-01
3.972338847345447954e-01
3.972338847345447954e-01
3.972338847345447954e-01
3.972338847345447954e-01
3.972338847345447954e-01
3.972338847345447954e-01
3.972338847345447954e-01
3.972338847345447954e-01
3.972338847345447954e-01
3.972338847345447954e-01
3.972338847345447954e-01
3.972338847345447954e-01
3.972338847345447954e-01
3.972338847345447954e-01
3.972338847345447954e-01
3.972338847345447954e-01
3.972338847345447954e-01
3.972338847345447954e-01
3.972338847345447954e-01
3.972338847345447954e-01
3.972338847345447954e-01
3.972338847345447954e-01
3.972338847345447954e-01
3.972338847345447954e-01
3.972338847345447954e-01
3.972338847345447954e-01
3.972338847345447954e-01
3.972338847345447954e-01
3.972338847345447954e-01
3.972338847345447954e-01
3.972338847345447954e-01
3.972338847345447954e-01
3.972338847345447954e-01
3.972338847345447954e-01
3.972338847345447954e-01
3.972338847345447954e-01
3.972338847345447954e-01
3.972338847345447954e-01
3.972338847345447954e-01
3.972338847345447954e-01
3.972338847345447954e-01
3.972338847345447954e-01
3.972338847345447954e-01
3.972338847345447954e-01
3.972338847345447954e-01
3.972338847345447954e-01
3.972338847345447954e-01
3.972338847345447954e-01
3.972338847345448509e-01
3.972338847345447399e-01
3.972338847345437407e-01
3.972338847345141533e-01
3.972338847340215473e-01
3.972338847278149010e-01
3.972338846949222124e-01
3.972338858978240461e-01
3.972339424281914888e-01
3.972355534473771543e-01
3.972733045573478283e-01
3.980589403036197682e-01
4.134185949312760289e-01
