6.391456844743148569e-02
5.551072769437467858e-02
5.179061400714211894e-02
4.884575029514658107e-02
4.663080143940602496e-02
4.520282461947901925e-02
4.396459528065657651e-02
4.300631268851926037e-02
4.231064434881070396e-02
4.170791132642693438e-02
4.119672144731260921e-02
4.077757701650015776e-02
4.042940736223625542e-02
4.013831466979533857e-02
3.989375042814466421e-02
3.968740907602769791e-02
3.951265120271263420e-02
3.936409065279521807e-02
3.923733832447816317e-02
3.912877084884791579e-02
3.903538953222350505e-02
3.895470025670590836e-02
3.888457624162288545e-02
3.882326237242267331e-02
3.876946717774997636e-02
3.872225611639511234e-02
3.868081804046381855e-02
3.864444314546601478e-02
3.861250851634968895e-02
3.858447631930386756e-02
3.855986194136538925e-02
3.853825164479293686e-02
3.851927701422602074e-02
3.851927701422602074e-02
3.851927701422602074e-02
3.851927701422602074e-02
3.851927701422602074e-02
3.851927701422602074e-02
3.851927701422602074e-02
3.851927701422602074e-02
3.851927701422602074e-02
3.851927701422602074e-02
3.851927701422602074e-02
3.851927701422602074e-02
3.851927701422602074e-02
3.851927701422602074e-02
3.851927701422602074e-02
3.851927701422602074e-02
3.851927701422602074e-02
3.851927701422602074e-02
3.851927701422602074e-02
3.851927701422602074e-02
3.851927701422602074e-02
3.851927701422602074e-02
3.851927701422602074e-02
3.851927701422602074e-02
3.851927701422602074e-02
3.851927701422602074e-02
3.851927701422602074e-02
3.851927701422602074e-02
3.851927701422602074e-02
3.851927701422602074e-02
3.851927701422602074e-02
3.851927701422602074e-02
3.851927701422602074e-02
3.851927701422602074e-02
3.851927701422602074e-02
3.851927701422602074e-02
3.851927701422602074e-02
3.851927701422602074e-02
3.851927701422602074e-02
3.851927701422602074e-02
3.851927701422602074e-02
3.851927701422602074e-02
3.851927701422602074e-02
3.851927701422602074e-02
3.851927701422602074e-02
3.851927701422602074e-02
3.851927701422602074e-02
3.851927701422602074e-02
3.851927701422602074e-02
3.851927701422602074e-02
3.851927701422602074e-02
3.851927701422602074e-02
3.851927701422602074e-02
3.851927701422602074e-02
3.851927701422602074e-02
3.851927701422602074e-02
3.851927701422602074e-02
3.851927701422602074e-02
3.851927701422602074e-02
3.851927701422602074e-02
3.851927701422602074e-02
3.851927701422602074e-02
3.851927701422602074e-02
3.851927701422602074e-02
3.853267769526669967e-02
3.854915875604093128e-02
3.856914899989991041e-02
3.859313507590288184e-02
3.862169312936126336e-02
3.865549043688395331e-02
3.869531136612719413e-02
3.874207837286158806e-02
3.879688003814835140e-02
3.886099436960245568e-02
3.893595193589297065e-02
3.902356100790226046e-02
3.912598349142140663e-02
3.924580910880835771e-02
3.938613917202515163e-02
3.955074234766083052e-02
3.974419041310571499e-02
3.997207872322493249e-02
4.024132507090617816e-02
4.056054817526640738e-02
4.094068268612002792e-02
4.139612604816261809e-02
4.194858667601911867e-02
4.259807187523929894e-02
4.334686888967353990e-02
4.436754514882138012e-02
4.567802306814416902e-02
4.718868587246235341e-02
4.950914655082143401e-02
5.258122319420116542e-02
5.645674380824976246e-02
6.516265965581263808e-02
