1.795422414750950102e-01
1.375127756425055803e-01
1.183270563025428518e-01
1.084387151368685909e-01
1.030161057107292916e-01
9.994804389669308120e-02
9.818803319474532498e-02
9.717503930026034908e-02
9.659396084987585673e-02
9.626329538479887205e-02
9.607730706086856087e-02
9.597425839689056881e-02
9.591823012350404742e-02
9.588848349350259648e-02
9.587317207846669798e-02
9.586561919099398366e-02
9.586212274324654170e-02
9.586067045045737478e-02
9.586019536991416401e-02
9.586014977867017561e-02
9.586026476872665236e-02
9.586041692084319721e-02
9.586055587398012445e-02
9.586066597541093026e-02
9.586074664467367223e-02
9.586080277710204434e-02
9.586084037624507947e-02
9.586086480323020853e-02
9.586088026194579392e-02
9.586088981458955327e-02
9.586089558430090085e-02
9.586089898990066138e-02
9.586090095171127812e-02
9.586090205154777777e-02
9.586090264868729616e-02
9.586090296003219047e-02
9.586090311357653437e-02
9.586090318304354985e-02
9.586090320976427270e-02
9.586090321618075116e-02
9.586090321399633185e-02
9.586090320898414674e-02
9.586090320375713347e-02
9.586090319932068227e-02
9.586090319591668296e-02
9.586090319346307620e-02
9.586090319177120733e-02
9.586090319064419218e-02
9.586090318991496995e-02
9.586090318945524047e-02
9.586090318917218911e-02
9.586090318900229723e-02
9.586090318890262696e-02
9.586090318884586681e-02
9.586090318881451688e-02
9.586090318879786354e-02
9.586090318878950911e-02
9.586090318878563721e-02
9.586090318878401351e-02
9.586090318878350003e-02
9.586090318878355554e-02
9.586090318878379146e-02
9.586090318878402738e-02
9.586090318878399963e-02
9.586090318878398575e-02
9.586090318878401351e-02
9.586090318878381922e-02
9.586090318878355554e-02
9.586090318878351391e-02
9.586090318878401351e-02
9.586090318878563721e-02
9.586090318878952299e-02
9.586090318879786354e-02
9.586090318881451688e-02
9.586090318884586681e-02
9.586090318890262696e-02
9.586090318900229723e-02
9.586090318917218911e-02
9.586090318945524047e-02
9.586090318991498382e-02
9.586090319064419218e-02
9.586090319177119345e-02
9.586090319346307620e-02
9.586090319591669684e-02
9.586090319932068227e-02
9.586090320375713347e-02
9.586090320898414674e-02
9.586090321399633185e-02
9.586090321618075116e-02
9.586090320976427270e-02
9.586090318304353597e-02
9.586090311357654825e-02
9.586090296003220435e-02
9.586090264868728228e-02
9.586090205154776389e-02
9.586090095171127812e-02
9.586089898990066138e-02
9.586089558430090085e-02
9.586088981458955327e-02
9.586088026194580780e-02
9.586086480323020853e-02
9.586084037624507947e-02
9.586080277710204434e-02
9.586074664467365836e-02
9.586066597541091638e-02
9.586055587398012445e-02
9.586041692084319721e-02
9.586026476872665236e-02
9.586014977867016174e-02
9.586019536991416401e-02
9.586067045045737478e-02
9.586212274324654170e-02
9.586561919099398366e-02
9.587317207846672573e-02
9.588848349350259648e-02
9.591823012350404742e-02
9.597425839689058269e-02
9.607730706086856087e-02
9.626329538479887205e-02
9.659396084987587061e-02
9.717503930026033521e-02
9.818803319474532498e-02
9.994804389669306732e-02
1.030161057107292916e-01
1.084387151368685909e-01
1.183270563025428518e-01
1.375127756425055803e-01
1.795422414750950380e-01
