3.632440691248037812e-01
3.181078726613629226e-01
3.113918952271848561e-01
3.107289004147637534e-01
3.107677542912108959e-01
3.108044849653546771e-01
3.108138681999029207e-01
3.108151281649825237e-01
3.108150936899387595e-01
3.108150247205274663e-01
3.108150048207063421e-01
3.108150019041607259e-01
3.108150019628488359e-01
3.108150021277860109e-01
3.108150021776611704e-01
3.108150021852513212e-01
3.108150021851197597e-01
3.108150021846811106e-01
3.108150021845449973e-01
3.108150021845244027e-01
3.108150021845242916e-01
3.108150021845253463e-01
3.108150021845256239e-01
3.108150021845255129e-01
3.108150021845255129e-01
3.108150021845255129e-01
3.108150021845255129e-01
3.108150021845255129e-01
3.108150021845255129e-01
3.108150021845255129e-01
3.108150021845255129e-01
3.108150021845255129e-01
3.108150021845255129e-01
3.108150021845255129e-01
3.108150021845255129e-01
3.108150021845255129e-01
3.108150021845255129e-01
3.108150021845255129e-01
3.108150021845255129e-01
3.108150021845255129e-01
3.108150021845255129e-01
3.108150021845255129e-01
3.108150021845255129e-01
3.108150021845255129e-01
3.108150021845255129e-01
3.108150021845255129e-01
3.108150021845255129e-01
3.108150021845255129e-01
3.108150021845255129e-01
3.108150021845255129e-01
3.108150021845255129e-01
3.108150021845255129e-01
3.108150021845255129e-01
3.108150021845255129e-01
3.108150021845255129e-01
3.108150021845255129e-01
3.108150021845255129e-01
3.108150021845255129e-01
3.108150021845255129e-01
3.108150021845255129e-01
3.108150021845255129e-01
3.108150021845255129e-01
3.108150021845255129e-01
3.108150021845255129e-01
3.108150021845255129e-01
3.108150021845255129e-01
3.108150021845255129e-01
3.108150021845255129e-01
3.108150021845255129e-01
3.108150021845255129e-01
3.108150021845255129e-01
3.108150021845255129e-01
3.108150021845255129e-01
3.108150021845255129e-01
3.108150021845255129e-01
3.108150021845255129e-01
3.108150021845255129e-01
3.108150021845255129e-01
3.108150021845255129e-01
3.108150021845255129e-01
3.108150021845255129e-01
3.108150021845255129e-01
3.108150021845255129e-01
3.108150021845255129e-01
3.108150021845255129e-01
3.108150021845255129e-01
3.108150021845255129e-01
3.108150021845255129e-01
3.108150021845255129e-01
3.108150021845255129e-01
3.108150021845255129e-01
3.108150021845255129e-01
3.108150021845255129e-01
3.108150021845255129e-01
3.108150021845255129e-01
3.108150021845255129e-01
3.108150021845255129e-01
3.108150021845255129e-01
3.108150021845255129e-01
3.108150021845255129e-01
3.108150021845255129e-01
3.108150021845255129e-01
3.108150021845255129e-01
3.108150021845255129e-01
3.108150021845255129e-01
3.108150021845256239e-01
3.108150021845253463e-01
3.108150021845242916e-01
3.108150021845244027e-01
3.108150021845449973e-01
3.108150021846811106e-01
3.108150021851197597e-01
3.108150021852513212e-01
3.108150021776612260e-01
3.108150021277860109e-01
3.108150019628488359e-01
3.108150019041607814e-01
3.108150048207063421e-01
3.108150247205274663e-01
3.108150936899387595e-01
3.108151281649825237e-01
3.108138681999029207e-01
3.108044849653546771e-01
3.107677542912108959e-01
3.107289004147637534e-01
3.113918952271848561e-01
3.181078726613628671e-01
3.632440691248037812e-01
