6.735500547045241149e-01
6.308345198419789135e-01
6.094324550572896015e-01
5.944531204278233893e-01
5.807326355521934547e-01
5.708354469543394094e-01
5.635943225349184793e-01
5.570205068566964623e-01
5.514966253529760554e-01
5.472479271434746995e-01
5.438018997946966193e-01
5.409108897213541489e-01
5.384890783175499962e-01
5.364541080796836336e-01
5.347379972555243999e-01
5.332857234282224468e-01
5.320526233003344263e-01
5.310022355535739536e-01
5.301045472996676056e-01
5.293345861850633494e-01
5.286717046793949493e-01
5.280985306881345043e-01
5.276002156843904167e-01
5.271645340676244240e-01
5.267823605063389758e-01
5.264469590032686552e-01
5.261526390064924508e-01
5.258943040742157793e-01
5.256674831539069892e-01
5.254683251111309517e-01
5.252933939265909125e-01
5.251397442035543595e-01
5.250047587310582298e-01
5.250047587310583408e-01
5.250047587310584518e-01
5.250047587310583408e-01
5.250047587310582298e-01
5.250047587310583408e-01
5.250047587310584518e-01
5.250047587310583408e-01
5.250047587310582298e-01
5.250047587310583408e-01
5.250047587310584518e-01
5.250047587310583408e-01
5.250047587310582298e-01
5.250047587310583408e-01
5.250047587310584518e-01
5.250047587310583408e-01
5.250047587310582298e-01
5.250047587310583408e-01
5.250047587310584518e-01
5.250047587310583408e-01
5.250047587310582298e-01
5.250047587310583408e-01
5.250047587310584518e-01
5.250047587310583408e-01
5.250047587310582298e-01
5.250047587310583408e-01
5.250047587310584518e-01
5.250047587310583408e-01
5.250047587310582298e-01
5.250047587310583408e-01
5.250047587310584518e-01
5.250047587310583408e-01
5.250047587310582298e-01
5.250047587310583408e-01
5.250047587310584518e-01
5.250047587310583408e-01
5.250047587310582298e-01
5.250047587310583408e-01
5.250047587310584518e-01
5.250047587310583408e-01
5.250047587310582298e-01
5.250047587310583408e-01
5.250047587310584518e-01
5.250047587310583408e-01
5.250047587310582298e-01
5.250047587310583408e-01
5.250047587310584518e-01
5.250047587310583408e-01
5.250047587310582298e-01
5.250047587310583408e-01
5.250047587310584518e-01
5.250047587310583408e-01
5.250047587310582298e-01
5.250047587310583408e-01
5.250047587310584518e-01
5.250047587310583408e-01
5.250047587310582298e-01
5.250047587310583408e-01
5.250047587310584518e-01
5.250047587310583408e-01
5.250047587310582298e-01
5.250047587310583408e-01
5.250047587310584518e-01
5.250047587310583408e-01
5.251010747944987456e-01
5.252192903699893778e-01
5.253624182396418041e-01
5.255339997221295523e-01
5.257380686342012499e-01
5.259793956537577309e-01
5.262634961694589997e-01
5.265969185091845528e-01
5.269872564589811459e-01
5.274435671011505899e-01
5.279765174227137869e-01
5.285986976895811207e-01
5.293251056341945482e-01
5.301735810732361998e-01
5.311654903675089301e-01
5.323265087744265545e-01
5.336876033420130394e-01
5.352863446010260873e-01
5.371686197329333945e-01
5.393908837315011251e-01
5.420227391785621407e-01
5.451484065524272449e-01
5.488554203433375633e-01
5.533944946721289782e-01
5.592408749638207999e-01
5.661673252590669891e-01
5.737932916470610545e-01
5.841261319389947637e-01
5.983327248013698973e-01
6.138217428563164102e-01
6.358224767376852160e-01
6.793456186699557975e-01
