3.757209239223970876e-01
3.284184878539360697e-01
3.365523433677006793e-01
3.416288720708906546e-01
3.413644900082757894e-01
3.409005262348217546e-01
3.409134747128894638e-01
3.409623988896806068e-01
3.409611665083930876e-01
3.409553825954063644e-01
3.409554990113995432e-01
3.409562160592979896e-01
3.409562037448423677e-01
3.409561116833673133e-01
3.409561130540126883e-01
3.409561251623658418e-01
3.409561250031161173e-01
3.409561233814362713e-01
3.409561234005294983e-01
3.409561236207899748e-01
3.409561236184424637e-01
3.409561235881897190e-01
3.409561235884837616e-01
3.409561235926775180e-01
3.409561235926396039e-01
3.409561235920539612e-01
3.409561235920586797e-01
3.409561235921405586e-01
3.409561235921405586e-01
3.409561235921289568e-01
3.409561235921284572e-01
3.409561235921314548e-01
3.409561235921310107e-01
3.409561235921304556e-01
3.409561235921303446e-01
3.409561235921302336e-01
3.409561235921302891e-01
3.409561235921304001e-01
3.409561235921304001e-01
3.409561235921303446e-01
3.409561235921304001e-01
3.409561235921304556e-01
3.409561235921304556e-01
3.409561235921304001e-01
3.409561235921304001e-01
3.409561235921304556e-01
3.409561235921304556e-01
3.409561235921304001e-01
3.409561235921304001e-01
3.409561235921304556e-01
3.409561235921304556e-01
3.409561235921304001e-01
3.409561235921304001e-01
3.409561235921304556e-01
3.409561235921304556e-01
3.409561235921304001e-01
3.409561235921304001e-01
3.409561235921304556e-01
3.409561235921304556e-01
3.409561235921304001e-01
3.409561235921304001e-01
3.409561235921304556e-01
3.409561235921304556e-01
3.409561235921304001e-01
3.409561235921304001e-01
3.409561235921304556e-01
3.409561235921304556e-01
3.409561235921304001e-01
3.409561235921304001e-01
3.409561235921304556e-01
3.409561235921304556e-01
3.409561235921304001e-01
3.409561235921304001e-01
3.409561235921304556e-01
3.409561235921304556e-01
3.409561235921304001e-01
3.409561235921304001e-01
3.409561235921304556e-01
3.409561235921304556e-01
3.409561235921304001e-01
3.409561235921304001e-01
3.409561235921304556e-01
3.409561235921304556e-01
3.409561235921304001e-01
3.409561235921304001e-01
3.409561235921304556e-01
3.409561235921304556e-01
3.409561235921304001e-01
3.409561235921304001e-01
3.409561235921304556e-01
3.409561235921304556e-01
3.409561235921303446e-01
3.409561235921302336e-01
3.409561235921304001e-01
3.409561235921304556e-01
3.409561235921310107e-01
3.409561235921313993e-01
3.409561235921285127e-01
3.409561235921289568e-01
3.409561235921405586e-01
3.409561235921405586e-01
3.409561235920586797e-01
3.409561235920539612e-01
3.409561235926396039e-01
3.409561235926775180e-01
3.409561235884838171e-01
3.409561235881897190e-01
3.409561236184424637e-01
3.409561236207899748e-01
3.409561234005294983e-01
3.409561233814362713e-01
3.409561250031161728e-01
3.409561251623658418e-01
3.409561130540126883e-01
3.409561116833673688e-01
3.409562037448423677e-01
3.409562160592979896e-01
3.409554990113995432e-01
3.409553825954063644e-01
3.409611665083929766e-01
3.409623988896806068e-01
3.409134747128894638e-01
3.409005262348217546e-01
3.413644900082757894e-01
3.416288720708906546e-01
3.365523433677007348e-01
3.284184878539360142e-01
3.757209239223971431e-01
