3.631812529199466844e-01
2.221852453801340666e-01
1.610117388029809471e-01
1.326456416731836563e-01
1.213162567858574875e-01
1.211770010290567356e-01
1.304798223845354543e-01
1.496639359473133923e-01
1.806027454439334545e-01
2.259828248333139999e-01
2.880575195020901313e-01
3.660400143516663318e-01
4.521606820285533068e-01
5.291343640305464779e-01
5.750451516970431776e-01
5.769086398162341922e-01
5.400737403677462467e-01
4.822481756010464915e-01
4.207993878282959566e-01
3.661724795342600203e-01
3.223917405198690744e-01
2.898152478067359539e-01
2.673151274355541340e-01
2.534340258662601819e-01
2.468470288535340451e-01
2.464652349706444034e-01
2.513778294135119440e-01
2.607281178437554914e-01
2.735720323035632506e-01
2.887574001386081779e-01
3.048688186623267904e-01
3.202848269221608146e-01
3.333696201844505991e-01
3.427632910007064049e-01
3.476680227278179380e-01
3.480052549488387714e-01
3.443731302515905535e-01
3.378334313614171358e-01
3.296301969274694765e-01
3.209451196155397867e-01
3.127455377434097961e-01
3.057265666671933890e-01
3.003182676651895977e-01
2.967242442098835808e-01
2.949672293542775492e-01
2.949291964189261206e-01
2.963828043111071397e-01
2.990164451946331625e-01
3.024574065511862475e-01
3.062975255179832268e-01
3.101238387412430519e-01
3.135537412695435511e-01
3.162709547647334363e-01
3.180563356774975814e-01
3.188072776801663122e-01
3.185415176840383222e-01
3.173848311532843081e-01
3.155459184711741916e-01
3.132842658227287247e-01
3.108771941545052653e-01
3.085909524019876948e-01
3.066584635630272837e-01
3.052641548609919542e-01
3.045348157808950851e-01
3.045348157808950851e-01
3.052641548609918987e-01
3.066584635630272837e-01
3.085909524019876948e-01
3.108771941545052653e-01
3.132842658227287247e-01
3.155459184711741916e-01
3.173848311532843081e-01
3.185415176840383222e-01
3.188072776801662567e-01
3.180563356774975814e-01
3.162709547647334363e-01
3.135537412695435511e-01
3.101238387412430519e-01
3.062975255179832268e-01
3.024574065511862475e-01
2.990164451946331070e-01
2.963828043111071397e-01
2.949291964189261206e-01
2.949672293542775492e-01
2.967242442098835253e-01
3.003182676651894867e-01
3.057265666671933890e-01
3.127455377434097961e-01
3.209451196155397867e-01
3.296301969274694210e-01
3.378334313614170248e-01
3.443731302515904424e-01
3.480052549488387714e-01
3.476680227278179380e-01
3.427632910007064049e-01
3.333696201844505991e-01
3.202848269221608146e-01
3.048688186623267904e-01
2.887574001386081779e-01
2.735720323035632506e-01
2.607281178437553804e-01
2.513778294135119440e-01
2.464652349706443479e-01
2.468470288535339896e-01
2.534340258662601819e-01
2.673151274355541340e-01
2.898152478067359539e-01
3.223917405198690744e-01
3.661724795342599093e-01
4.207993878282959566e-01
4.822481756010464915e-01
5.400737403677464687e-01
5.769086398162341922e-01
5.750451516970431776e-01
5.291343640305464779e-01
4.521606820285533068e-01
3.660400143516663318e-01
2.880575195020901313e-01
2.259828248333139999e-01
1.806027454439334545e-01
1.496639359473133923e-01
1.304798223845354543e-01
1.211770010290566940e-01
1.213162567858574875e-01
1.326456416731836008e-01
1.610117388029809471e-01
2.221852453801340110e-01
3.631812529199466844e-01
