5.340355508778317495e-02
4.552198972437665470e-02
4.090231525360941978e-02
3.837198964575794929e-02
3.682143716531172811e-02
3.558897996753112442e-02
3.448967074588768500e-02
3.356119560952382924e-02
3.282844775344539306e-02
3.225584396605867682e-02
3.179596305740173268e-02
3.141858993552989338e-02
3.110651513065165047e-02
3.084679188538231448e-02
3.062942619670543792e-02
3.044662558254007667e-02
3.029221718477292935e-02
3.016126218566345454e-02
3.004976727970699868e-02
2.995445867821523722e-02
2.987262835217729950e-02
2.980201537911188192e-02
2.974074680494566761e-02
2.968730946925961581e-02
2.964053836100820002e-02
2.959953376621652851e-02
2.956357733734511078e-02
2.953205856399816059e-02
2.950442730796507679e-02
2.948019221075439192e-02
2.945892349296944102e-02
2.944025598142291367e-02
2.942386376232829226e-02
2.942386376232829226e-02
2.942386376232829226e-02
2.942386376232829226e-02
2.942386376232829226e-02
2.942386376232829226e-02
2.942386376232829226e-02
2.942386376232829226e-02
2.942386376232829226e-02
2.942386376232829226e-02
2.942386376232829226e-02
2.942386376232829226e-02
2.942386376232829226e-02
2.942386376232829226e-02
2.942386376232829226e-02
2.942386376232829226e-02
2.942386376232829226e-02
2.942386376232829226e-02
2.942386376232829226e-02
2.942386376232829226e-02
2.942386376232829226e-02
2.942386376232829226e-02
2.942386376232829226e-02
2.942386376232829226e-02
2.942386376232829226e-02
2.942386376232829226e-02
2.942386376232829226e-02
2.942386376232829226e-02
2.942386376232829226e-02
2.942386376232829226e-02
2.942386376232829226e-02
2.942386376232829226e-02
2.942386376232829226e-02
2.942386376232829226e-02
2.942386376232829226e-02
2.942386376232829226e-02
2.942386376232829226e-02
2.942386376232829226e-02
2.942386376232829226e-02
2.942386376232829226e-02
2.942386376232829226e-02
2.942386376232829226e-02
2.942386376232829226e-02
2.942386376232829226e-02
2.942386376232829226e-02
2.942386376232829226e-02
2.942386376232829226e-02
2.942386376232829226e-02
2.942386376232829226e-02
2.942386376232829226e-02
2.942386376232829226e-02
2.942386376232829226e-02
2.942386376232829226e-02
2.942386376232829226e-02
2.942386376232829226e-02
2.942386376232829226e-02
2.942386376232829226e-02
2.942386376232829226e-02
2.942386376232829226e-02
2.942386376232829226e-02
2.942386376232829226e-02
2.942386376232829226e-02
2.942386376232829226e-02
2.942386376232829226e-02
2.943560842741097319e-02
2.945001683128092504e-02
2.946746319679808060e-02
2.948837763444350432e-02
2.951326760104391878e-02
2.954271926567340542e-02
2.957741982952501181e-02
2.961818469467888612e-02
2.966597327062270306e-02
2.972192254556619770e-02
2.978738252657182894e-02
2.986396671318062093e-02
2.995359787727797096e-02
3.005859652674959179e-02
3.018176014204891969e-02
3.032649511173311080e-02
3.049696442136829583e-02
3.069831829380577706e-02
3.093697310445518364e-02
3.122102196278288277e-02
3.156083603143409327e-02
3.196983158263026759e-02
3.246578835945638369e-02
3.307976391606826105e-02
3.386033480278620444e-02
3.484428587505524616e-02
3.600734618978358031e-02
3.731270405156755093e-02
3.895102944173933768e-02
4.160136554065159420e-02
4.640521516196689789e-02
5.457380432095176870e-02
