9.843775719048686312e-02
8.155703993006521713e-02
7.573505164692799496e-02
7.516272091962780677e-02
7.651197176029538027e-02
7.868636035682505248e-02
8.061981485198012332e-02
8.150371833569017288e-02
8.152562051824857603e-02
8.118186345396201375e-02
8.082216065671425642e-02
8.063375272407435901e-02
8.064604732008162635e-02
8.077728291719768472e-02
8.091646058622067872e-02
8.098972179604851940e-02
8.098402933924477021e-02
8.093049456821953258e-02
8.087251057671458743e-02
8.084048192806955746e-02
8.084180641603898321e-02
8.086491746388846380e-02
8.089101134012151306e-02
8.090561787571784458e-02
8.090449895148955906e-02
8.089272597749808114e-02
8.087938730713045699e-02
8.087178503711199562e-02
8.087220915092942219e-02
8.087817062861472894e-02
8.088500587763043648e-02
8.088888983700033564e-02
8.088858817964779402e-02
8.088858817964780790e-02
8.088858817964779402e-02
8.088858817964780790e-02
8.088858817964779402e-02
8.088858817964780790e-02
8.088858817964779402e-02
8.088858817964780790e-02
8.088858817964779402e-02
8.088858817964780790e-02
8.088858817964779402e-02
8.088858817964780790e-02
8.088858817964779402e-02
8.088858817964780790e-02
8.088858817964779402e-02
8.088858817964780790e-02
8.088858817964779402e-02
8.088858817964780790e-02
8.088858817964779402e-02
8.088858817964780790e-02
8.088858817964779402e-02
8.088858817964780790e-02
8.088858817964779402e-02
8.088858817964780790e-02
8.088858817964779402e-02
8.088858817964780790e-02
8.088858817964779402e-02
8.088858817964780790e-02
8.088858817964779402e-02
8.088858817964780790e-02
8.088858817964779402e-02
8.088858817964780790e-02
8.088858817964779402e-02
8.088858817964780790e-02
8.088858817964779402e-02
8.088858817964780790e-02
8.088858817964779402e-02
8.088858817964780790e-02
8.088858817964779402e-02
8.088858817964780790e-02
8.088858817964779402e-02
8.088858817964780790e-02
8.088858817964779402e-02
8.088858817964780790e-02
8.088858817964779402e-02
8.088858817964780790e-02
8.088858817964779402e-02
8.088858817964780790e-02
8.088858817964779402e-02
8.088858817964780790e-02
8.088858817964779402e-02
8.088858817964780790e-02
8.088858817964779402e-02
8.088858817964780790e-02
8.088858817964779402e-02
8.088858817964780790e-02
8.088858817964779402e-02
8.088858817964780790e-02
8.088858817964779402e-02
8.088858817964780790e-02
8.088858817964779402e-02
8.088858817964780790e-02
8.088858817964779402e-02
8.088858817964780790e-02
8.088879736021663269e-02
8.088579918979113548e-02
8.088018898762058817e-02
8.087503032879099496e-02
8.087462750633946096e-02
8.088172027713246004e-02
8.089460986591415215e-02
8.090635591631276102e-02
8.090756004521414135e-02
8.089232736431696547e-02
8.086450413409757010e-02
8.083952899670637793e-02
8.083824942475004161e-02
8.087378476829976126e-02
8.093815397047107729e-02
8.099773321810163629e-02
8.100455505179007809e-02
8.092453033393072481e-02
8.077261403421735764e-02
8.063032458222602061e-02
8.061816179649222702e-02
8.082264548998077669e-02
8.120985491043702931e-02
8.157849141107142987e-02
8.155872652618055552e-02
8.063906460091167794e-02
7.863408060741987338e-02
7.638590226979839748e-02
7.499774658328221821e-02
7.558861107268737001e-02
8.147812621432569402e-02
9.842756423175376412e-02
