4.306161400742808953e-01
4.306160978146103546e-01
4.306160978146048035e-01
4.306160978146048035e-01
4.306160978146048035e-01
4.306160978146048035e-01
4.306160978146048035e-01
4.306160978146048035e-01
4.306160978146048035e-01
4.306160978146048035e-01
4.306160978146048035e-01
4.306160978146048035e-01
4.306160978146048035e-01
4.306160978146048035e-01
4.306160978146048035e-01
4.306160978146048035e-01
4.306160978146048035e-01
4.306160978146048035e-01
4.306160978146048035e-01
4.306160978146048035e-01
4.306160978146048035e-01
4.306160978146048035e-01
4.306160978146048035e-01
4.306160978146048035e-01
4.306160978146048035e-01
4.306160978146048035e-01
4.306160978146048035e-01
4.306160978146048035e-01
4.306160978146048035e-01
4.306160978146048035e-01
4.306160978146048035e-01
4.306160978146048035e-01
4.306160978146048035e-01
4.306160978146048035e-01
4.306160978146048035e-01
4.306160978146048035e-01
4.306160978146048035e-01
4.306160978146048035e-01
4.306160978146048035e-01
4.306160978146048035e-01
4.306160978146048035e-01
4.306160978146048035e-01
4.306160978146048035e-01
4.306160978146048035e-01
4.306160978146048035e-01
4.306160978146048035e-01
4.306160978146048035e-01
4.306160978146048035e-01
4.306160978146048035e-01
4.306160978146048035e-01
4.306160978146048035e-01
4.306160978146048035e-01
4.306160978146048035e-01
4.306160978146048035e-01
4.306160978146048035e-01
4.306160978146048035e-01
4.306160978146048035e-01
4.306160978146048035e-01
4.306160978146048035e-01
4.306160978146048035e-01
4.306160978146048035e-01
4.306160978146048035e-01
4.306160978146048035e-01
4.306160978146048035e-01
4.306160978146048035e-01
4.306160978146048035e-01
4.306160978146048035e-01
4.306160978146048035e-01
4.306160978146048035e-01
4.306160978146048035e-01
4.306160978146048035e-01
4.306160978146048035e-01
4.306160978146048035e-01
4.306160978146048035e-01
4.306160978146048035e-01
4.306160978146048035e-01
4.306160978146048035e-01
4.306160978146048035e-01
4.306160978146048035e-01
4.306160978146048035e-01
4.306160978146048035e-01
4.306160978146048035e-01
4.306160978146048035e-01
4.306160978146048035e-01
4.306160978146048035e-01
4.306160978146048035e-01
4.306160978146048035e-01
4.306160978146048035e-01
4.306160978146048035e-01
4.306160978146048035e-01
4.306160978146048035e-01
4.306160978146048035e-01
4.306160978146048035e-01
4.306160978146048035e-01
4.306160978146048035e-01
4.306160978146048035e-01
4.306160978146048035e-01
4.306160978146048035e-01
4.306160978146048035e-01
4.306160978146048035e-01
4.306160978146048035e-01
4.306160978146048035e-01
4.306160978146048035e-01
4.306160978146048035e-01
4.306160978146048035e-01
4.306160978146048035e-01
4.306160978146048035e-01
4.306160978146048035e-01
4.306160978146048035e-01
4.306160978146048035e-01
4.306160978146048035e-01
4.306160978146048035e-01
4.306160978146048035e-01
4.306160978146048035e-01
4.306160978146048035e-01
4.306160978146048035e-01
4.306160978146048035e-01
4.306160978146048035e-01
4.306160978146048035e-01
4.306160978146048035e-01
4.306160978146048035e-01
4.306160978146048035e-01
4.306160978146048035e-01
4.306160978146048035e-01
4.306160978146048035e-01
4.306160978146048035e-01
4.306160978146103546e-01
4.306161400742808953e-01
