1.677638436740278016e-01
1.660370627202578386e-01
1.648776574002158157e-01
1.641865094503532352e-01
1.636960649393442713e-01
1.632429275914595579e-01
1.628247596884898063e-01
1.624846532697650225e-01
1.622250395889205388e-01
1.620190949192987506e-01
1.618465718919943619e-01
1.617002044869371435e-01
1.615765365515035579e-01
1.614719245920362978e-01
1.613832234370672358e-01
1.613078220638198557e-01
1.612435588469925130e-01
1.611886404250653937e-01
1.611415768577425522e-01
1.611011214072993469e-01
1.610662240709038739e-01
1.610359874327827456e-01
1.610096528346757483e-01
1.609866054982614925e-01
1.609663703866516526e-01
1.609485837656741414e-01
1.609329554891554825e-01
1.609192276154068346e-01
1.609071705847788802e-01
1.608965737861871026e-01
1.608872605115678200e-01
1.608790747932112575e-01
1.608718813757977761e-01
1.608718813757977761e-01
1.608718813757977761e-01
1.608718813757977761e-01
1.608718813757977761e-01
1.608718813757977761e-01
1.608718813757977761e-01
1.608718813757977761e-01
1.608718813757977761e-01
1.608718813757977761e-01
1.608718813757977761e-01
1.608718813757977761e-01
1.608718813757977761e-01
1.608718813757977761e-01
1.608718813757977761e-01
1.608718813757977761e-01
1.608718813757977761e-01
1.608718813757977761e-01
1.608718813757977761e-01
1.608718813757977761e-01
1.608718813757977761e-01
1.608718813757977761e-01
1.608718813757977761e-01
1.608718813757977761e-01
1.608718813757977761e-01
1.608718813757977761e-01
1.608718813757977761e-01
1.608718813757977761e-01
1.608718813757977761e-01
1.608718813757977761e-01
1.608718813757977761e-01
1.608718813757977761e-01
1.608718813757977761e-01
1.608718813757977761e-01
1.608718813757977761e-01
1.608718813757977761e-01
1.608718813757977761e-01
1.608718813757977761e-01
1.608718813757977761e-01
1.608718813757977761e-01
1.608718813757977761e-01
1.608718813757977761e-01
1.608718813757977761e-01
1.608718813757977761e-01
1.608718813757977761e-01
1.608718813757977761e-01
1.608718813757977761e-01
1.608718813757977761e-01
1.608718813757977761e-01
1.608718813757977761e-01
1.608718813757977761e-01
1.608718813757977761e-01
1.608718813757977761e-01
1.608718813757977761e-01
1.608718813757977761e-01
1.608718813757977761e-01
1.608718813757977761e-01
1.608718813757977761e-01
1.608718813757977761e-01
1.608718813757977761e-01
1.608718813757977761e-01
1.608718813757977761e-01
1.608718813757977761e-01
1.608718813757977761e-01
1.608769999356888802e-01
1.608832829110794505e-01
1.608908917836992802e-01
1.609000106341624825e-01
1.609108518010975430e-01
1.609236653038259579e-01
1.609387426584081571e-01
1.609564225910579127e-01
1.609771024115680405e-01
1.610012513032811343e-01
1.610294180482560455e-01
1.610622500971363724e-01
1.611005146292745216e-01
1.611451160146016304e-01
1.611971285375596585e-01
1.612578331853373459e-01
1.613287567759645325e-01
1.614117305339674013e-01
1.615089533457021720e-01
1.616230751622181050e-01
1.617572803728083430e-01
1.619152468307814008e-01
1.621004489040082930e-01
1.623201810983518345e-01
1.625946599465575293e-01
1.629505230849572495e-01
1.633850133098724011e-01
1.638548722375059163e-01
1.643626345155384527e-01
1.650716732593319469e-01
1.662480141847093307e-01
1.680018051013741076e-01
