6.697086262661240408e-01
6.262973224290224739e-01
6.039009317037959956e-01
5.894277305758556240e-01
5.761313223327091393e-01
5.657466168057965206e-01
5.584643195914720248e-01
5.523493952092995984e-01
5.469199232875072703e-01
5.424791448239209002e-01
5.388991128303586287e-01
5.359422091619181483e-01
5.334781954068543719e-01
5.314132183729711745e-01
5.296746100997735685e-01
5.282049361122616027e-01
5.269581250316234255e-01
5.258967339161062515e-01
5.249900761574721741e-01
5.242128170886801719e-01
5.235439012727987063e-01
5.229656720673148129e-01
5.224630871011677336e-01
5.220238513919848167e-01
5.216386499503498086e-01
5.213006429313882251e-01
5.210041404035161694e-01
5.207439602249097632e-01
5.205155375789067840e-01
5.203149981400844171e-01
5.201389554032944673e-01
5.199843495706586438e-01
5.198485231035354648e-01
5.198485231035353538e-01
5.198485231035354648e-01
5.198485231035354648e-01
5.198485231035354648e-01
5.198485231035353538e-01
5.198485231035354648e-01
5.198485231035354648e-01
5.198485231035354648e-01
5.198485231035353538e-01
5.198485231035354648e-01
5.198485231035354648e-01
5.198485231035354648e-01
5.198485231035353538e-01
5.198485231035354648e-01
5.198485231035354648e-01
5.198485231035354648e-01
5.198485231035353538e-01
5.198485231035354648e-01
5.198485231035354648e-01
5.198485231035354648e-01
5.198485231035353538e-01
5.198485231035354648e-01
5.198485231035354648e-01
5.198485231035354648e-01
5.198485231035353538e-01
5.198485231035354648e-01
5.198485231035354648e-01
5.198485231035354648e-01
5.198485231035353538e-01
5.198485231035354648e-01
5.198485231035354648e-01
5.198485231035354648e-01
5.198485231035353538e-01
5.198485231035354648e-01
5.198485231035354648e-01
5.198485231035354648e-01
5.198485231035353538e-01
5.198485231035354648e-01
5.198485231035354648e-01
5.198485231035354648e-01
5.198485231035353538e-01
5.198485231035354648e-01
5.198485231035354648e-01
5.198485231035354648e-01
5.198485231035353538e-01
5.198485231035354648e-01
5.198485231035354648e-01
5.198485231035354648e-01
5.198485231035353538e-01
5.198485231035354648e-01
5.198485231035354648e-01
5.198485231035354648e-01
5.198485231035353538e-01
5.198485231035354648e-01
5.198485231035354648e-01
5.198485231035354648e-01
5.198485231035353538e-01
5.198485231035354648e-01
5.198485231035354648e-01
5.198485231035354648e-01
5.198485231035353538e-01
5.198485231035354648e-01
5.198485231035354648e-01
5.199457494056862750e-01
5.200649802020504975e-01
5.202093018469116092e-01
5.203822825329271762e-01
5.205879761321902111e-01
5.208312023794063883e-01
5.211175547080658665e-01
5.214536066712551765e-01
5.218471209511107434e-01
5.223071862127025566e-01
5.228445590024770606e-01
5.234720548033384713e-01
5.242048277845443582e-01
5.250610009957918933e-01
5.260622658358385939e-01
5.272347392439650227e-01
5.286100218155593833e-01
5.302266678487006502e-01
5.321319809703467518e-01
5.343848458290226811e-01
5.370595047920938558e-01
5.402515886445821147e-01
5.440932422866652241e-01
5.488244746783856876e-01
5.545744736694635524e-01
5.610401875756345635e-01
5.687116937713623255e-01
5.795379866671060975e-01
5.933178602554902703e-01
6.083034682800420034e-01
6.313190493025127026e-01
6.755522373854676577e-01
