1.735711116443136859e-01
1.332961994882632950e-01
1.146408292773246212e-01
1.048344496165410783e-01
9.930918694641691080e-02
9.606828443604435719e-02
9.412107584226674095e-02
9.293395032181119009e-02
9.220369320513246980e-02
9.175198401270222293e-02
9.147161269753985302e-02
9.129721715968376616e-02
9.118859604799270380e-02
9.112088608671736756e-02
9.107865669966098976e-02
9.105231059296264862e-02
9.103587047668318388e-02
9.102561047970959829e-02
9.101920689756819172e-02
9.101521003380844133e-02
9.101271527636992098e-02
9.101115807440129934e-02
9.101018607479970102e-02
9.100957935270241606e-02
9.100920063560795359e-02
9.100896423933856061e-02
9.100881668007818059e-02
9.100872457317785158e-02
9.100866707983935877e-02
9.100863119240308607e-02
9.100860879143342352e-02
9.100859480874656793e-02
9.100858608076443923e-02
9.100858063277252052e-02
9.100857723215002859e-02
9.100857510949326989e-02
9.100857378454024760e-02
9.100857295751160758e-02
9.100857244128554568e-02
9.100857211906081268e-02
9.100857191793082501e-02
9.100857179238724948e-02
9.100857171402422507e-02
9.100857166511087948e-02
9.100857163457977406e-02
9.100857161552260155e-02
9.100857160362739451e-02
9.100857159620254211e-02
9.100857159156808263e-02
9.100857158867532715e-02
9.100857158686974369e-02
9.100857158574274242e-02
9.100857158503927735e-02
9.100857158460021190e-02
9.100857158432613947e-02
9.100857158415512349e-02
9.100857158404836167e-02
9.100857158398184543e-02
9.100857158394036472e-02
9.100857158391462143e-02
9.100857158389878687e-02
9.100857158388929447e-02
9.100857158388392376e-02
9.100857158388153678e-02
9.100857158388150903e-02
9.100857158388392376e-02
9.100857158388929447e-02
9.100857158389884238e-02
9.100857158391462143e-02
9.100857158394036472e-02
9.100857158398184543e-02
9.100857158404836167e-02
9.100857158415510961e-02
9.100857158432612559e-02
9.100857158460021190e-02
9.100857158503924960e-02
9.100857158574272854e-02
9.100857158686974369e-02
9.100857158867532715e-02
9.100857159156808263e-02
9.100857159620254211e-02
9.100857160362739451e-02
9.100857161552258767e-02
9.100857163457977406e-02
9.100857166511085172e-02
9.100857171402422507e-02
9.100857179238724948e-02
9.100857191793082501e-02
9.100857211906081268e-02
9.100857244128554568e-02
9.100857295751160758e-02
9.100857378454021984e-02
9.100857510949326989e-02
9.100857723215002859e-02
9.100858063277252052e-02
9.100858608076443923e-02
9.100859480874652629e-02
9.100860879143342352e-02
9.100863119240304444e-02
9.100866707983935877e-02
9.100872457317782382e-02
9.100881668007818059e-02
9.100896423933851898e-02
9.100920063560795359e-02
9.100957935270240218e-02
9.101018607479970102e-02
9.101115807440129934e-02
9.101271527636992098e-02
9.101521003380844133e-02
9.101920689756819172e-02
9.102561047970959829e-02
9.103587047668318388e-02
9.105231059296264862e-02
9.107865669966098976e-02
9.112088608671736756e-02
9.118859604799270380e-02
9.129721715968376616e-02
9.147161269753985302e-02
9.175198401270219517e-02
9.220369320513246980e-02
9.293395032181119009e-02
9.412107584226674095e-02
9.606828443604435719e-02
9.930918694641691080e-02
1.048344496165410783e-01
1.146408292773245796e-01
1.332961994882632950e-01
1.735711116443136859e-01
