8.895713534951442403e-02
6.796917827991789951e-02
5.814661569325070556e-02
5.328572010842041323e-02
4.981413740965759396e-02
4.679318118379907632e-02
4.447351727430482599e-02
4.288839717008610664e-02
4.174334550137111938e-02
4.080981434953558085e-02
4.002367135294498945e-02
3.937011532793435742e-02
3.882703264238728663e-02
3.837392826859636896e-02
3.799426941044713874e-02
3.767480478855373544e-02
3.740489450636820534e-02
3.717593784695772535e-02
3.698094390266610382e-02
3.681420393500278720e-02
3.667099275728048779e-02
3.654735392606798389e-02
3.643996592024828507e-02
3.634616560751868092e-02
3.626392911066312480e-02
3.619175087953740294e-02
3.612842118728218366e-02
3.607285983723874934e-02
3.602410302206382475e-02
3.598129120087072835e-02
3.594370744122936390e-02
3.591071686635066013e-02
3.588176486958936928e-02
3.588176486958936928e-02
3.588176486958936928e-02
3.588176486958936928e-02
3.588176486958936928e-02
3.588176486958936928e-02
3.588176486958936928e-02
3.588176486958936928e-02
3.588176486958936928e-02
3.588176486958936928e-02
3.588176486958936928e-02
3.588176486958936928e-02
3.588176486958936928e-02
3.588176486958936928e-02
3.588176486958936928e-02
3.588176486958936928e-02
3.588176486958936928e-02
3.588176486958936928e-02
3.588176486958936928e-02
3.588176486958936928e-02
3.588176486958936928e-02
3.588176486958936928e-02
3.588176486958936928e-02
3.588176486958936928e-02
3.588176486958936928e-02
3.588176486958936928e-02
3.588176486958936928e-02
3.588176486958936928e-02
3.588176486958936928e-02
3.588176486958936928e-02
3.588176486958936928e-02
3.588176486958936928e-02
3.588176486958936928e-02
3.588176486958936928e-02
3.588176486958936928e-02
3.588176486958936928e-02
3.588176486958936928e-02
3.588176486958936928e-02
3.588176486958936928e-02
3.588176486958936928e-02
3.588176486958936928e-02
3.588176486958936928e-02
3.588176486958936928e-02
3.588176486958936928e-02
3.588176486958936928e-02
3.588176486958936928e-02
3.588176486958936928e-02
3.588176486958936928e-02
3.588176486958936928e-02
3.588176486958936928e-02
3.588176486958936928e-02
3.588176486958936928e-02
3.588176486958936928e-02
3.588176486958936928e-02
3.588176486958936928e-02
3.588176486958936928e-02
3.588176486958936928e-02
3.588176486958936928e-02
3.588176486958936928e-02
3.588176486958936928e-02
3.588176486958936928e-02
3.588176486958936928e-02
3.588176486958936928e-02
3.588176486958936928e-02
3.590205092384578939e-02
3.592705010099492974e-02
3.595740586583422854e-02
3.599387568694620287e-02
3.603733340702429400e-02
3.608880556841260329e-02
3.614950068620444851e-02
3.622084849243890209e-02
3.630452467682848683e-02
3.640253726899942560e-02
3.651725878174804513e-02
3.665152297058520137e-02
3.680873886059165406e-02
3.699299115654311465e-02
3.720922567361060335e-02
3.746345963680097063e-02
3.776305319726189214e-02
3.811704918083225202e-02
3.853667645694611177e-02
3.903592834738288386e-02
3.963226099599233970e-02
4.034736704648989730e-02
4.120490075692485182e-02
4.222145517944597692e-02
4.346434267591092054e-02
4.516923554634103694e-02
4.764094586788905628e-02
5.085093206742953564e-02
5.454897282112169954e-02
5.971690669240824895e-02
7.009011808838477853e-02
9.222118506483574507e-02
