1.918752151984094156e-01
1.403437761205029999e-01
1.179250174391630879e-01
1.080752126553336800e-01
1.046330190245379349e-01
1.046442897296528118e-01
1.063524311744035167e-01
1.085932870511897852e-01
1.106407874708930233e-01
1.121490611294284900e-01
1.130608642228853461e-01
1.134839757383153402e-01
1.135817037602562529e-01
1.135048445673156464e-01
1.133633746250084923e-01
1.132234347732791607e-01
1.131159798238316194e-01
1.130485086396408045e-01
1.130156458519584184e-01
1.130069836377421560e-01
1.130119837877764932e-01
1.130224096938505646e-01
1.130330127175771110e-01
1.130412004920603869e-01
1.130462733187645313e-01
1.130486183403555389e-01
1.130490652604920904e-01
1.130484681916853751e-01
1.130474943026949369e-01
1.130465627794531441e-01
1.130458720449037946e-01
1.130454644427099503e-01
1.130452946392209723e-01
1.130452841033525307e-01
1.130453560529221108e-01
1.130454525458273046e-01
1.130455386643354904e-01
1.130455992501059881e-01
1.130456326520615645e-01
1.130456444229387403e-01
1.130456424556503803e-01
1.130456339782575925e-01
1.130456241882259599e-01
1.130456160347044076e-01
1.130456106334962602e-01
1.130456079064340869e-01
1.130456071857166706e-01
1.130456076594893305e-01
1.130456086326424858e-01
1.130456096325721527e-01
1.130456104111542542e-01
1.130456108932564874e-01
1.130456111099405192e-01
1.130456111394308044e-01
1.130456110658396990e-01
1.130456109566271988e-01
1.130456108549237060e-01
1.130456107812546213e-01
1.130456107396731191e-01
1.130456107247013869e-01
1.130456107270567112e-01
1.130456107374211844e-01
1.130456107483751998e-01
1.130456107550351502e-01
1.130456107550351502e-01
1.130456107483751721e-01
1.130456107374211844e-01
1.130456107270567390e-01
1.130456107247013869e-01
1.130456107396731191e-01
1.130456107812546074e-01
1.130456108549237060e-01
1.130456109566271988e-01
1.130456110658396990e-01
1.130456111394308322e-01
1.130456111099405470e-01
1.130456108932564874e-01
1.130456104111542542e-01
1.130456096325721665e-01
1.130456086326424858e-01
1.130456076594893444e-01
1.130456071857166706e-01
1.130456079064340869e-01
1.130456106334962602e-01
1.130456160347044214e-01
1.130456241882259599e-01
1.130456339782575925e-01
1.130456424556503803e-01
1.130456444229387264e-01
1.130456326520615645e-01
1.130455992501059881e-01
1.130455386643354626e-01
1.130454525458273185e-01
1.130453560529221108e-01
1.130452841033525585e-01
1.130452946392210001e-01
1.130454644427099503e-01
1.130458720449037946e-01
1.130465627794531441e-01
1.130474943026949369e-01
1.130484681916853890e-01
1.130490652604921042e-01
1.130486183403555389e-01
1.130462733187645313e-01
1.130412004920604147e-01
1.130330127175771110e-01
1.130224096938505507e-01
1.130119837877765071e-01
1.130069836377421560e-01
1.130156458519584323e-01
1.130485086396408045e-01
1.131159798238316333e-01
1.132234347732791607e-01
1.133633746250084784e-01
1.135048445673156603e-01
1.135817037602562529e-01
1.134839757383153402e-01
1.130608642228853461e-01
1.121490611294284900e-01
1.106407874708930233e-01
1.085932870511897852e-01
1.063524311744035167e-01
1.046442897296527980e-01
1.046330190245379210e-01
1.080752126553337078e-01
1.179250174391631018e-01
1.403437761205029999e-01
1.918752151984094156e-01
