4.430618426351488615e-01
4.430268857475645472e-01
4.566304861375763413e-01
4.566352298366401774e-01
4.560343694687687965e-01
4.560340284905563535e-01
4.560599691636064712e-01
4.560599897943536929e-01
4.560588687546600628e-01
4.560588676084063042e-01
4.560589160525772012e-01
4.560589161131187730e-01
4.560589140196698033e-01
4.560589140165778321e-01
4.560589141070432451e-01
4.560589141071975661e-01
4.560589141032881932e-01
4.560589141032805882e-01
4.560589141034495642e-01
4.560589141034500082e-01
4.560589141034426253e-01
4.560589141034426253e-01
4.560589141034429028e-01
4.560589141034429028e-01
4.560589141034429028e-01
4.560589141034430138e-01
4.560589141034429028e-01
4.560589141034429028e-01
4.560589141034429028e-01
4.560589141034430138e-01
4.560589141034429028e-01
4.560589141034429028e-01
4.560589141034429028e-01
4.560589141034430138e-01
4.560589141034429028e-01
4.560589141034429028e-01
4.560589141034429028e-01
4.560589141034430138e-01
4.560589141034429028e-01
4.560589141034429028e-01
4.560589141034429028e-01
4.560589141034430138e-01
4.560589141034429028e-01
4.560589141034429028e-01
4.560589141034429028e-01
4.560589141034430138e-01
4.560589141034429028e-01
4.560589141034429028e-01
4.560589141034429028e-01
4.560589141034430138e-01
4.560589141034429028e-01
4.560589141034429028e-01
4.560589141034429028e-01
4.560589141034430138e-01
4.560589141034429028e-01
4.560589141034429028e-01
4.560589141034429028e-01
4.560589141034430138e-01
4.560589141034429028e-01
4.560589141034429028e-01
4.560589141034429028e-01
4.560589141034430138e-01
4.560589141034429028e-01
4.560589141034429028e-01
4.560589141034429028e-01
4.560589141034430138e-01
4.560589141034429028e-01
4.560589141034429028e-01
4.560589141034429028e-01
4.560589141034430138e-01
4.560589141034429028e-01
4.560589141034429028e-01
4.560589141034429028e-01
4.560589141034430138e-01
4.560589141034429028e-01
4.560589141034429028e-01
4.560589141034429028e-01
4.560589141034430138e-01
4.560589141034429028e-01
4.560589141034429028e-01
4.560589141034429028e-01
4.560589141034430138e-01
4.560589141034429028e-01
4.560589141034429028e-01
4.560589141034429028e-01
4.560589141034430138e-01
4.560589141034429028e-01
4.560589141034429028e-01
4.560589141034429028e-01
4.560589141034430138e-01
4.560589141034429028e-01
4.560589141034429028e-01
4.560589141034429028e-01
4.560589141034430138e-01
4.560589141034429028e-01
4.560589141034429028e-01
4.560589141034429028e-01
4.560589141034430138e-01
4.560589141034429028e-01
4.560589141034429028e-01
4.560589141034429028e-01
4.560589141034430138e-01
4.560589141034429028e-01
4.560589141034429028e-01
4.560589141034429028e-01
4.560589141034430138e-01
4.560589141034426253e-01
4.560589141034426253e-01
4.560589141034500082e-01
4.560589141034496752e-01
4.560589141032805882e-01
4.560589141032881932e-01
4.560589141071975661e-01
4.560589141070432451e-01
4.560589140165778321e-01
4.560589140196698033e-01
4.560589161131187730e-01
4.560589160525772012e-01
4.560588676084063042e-01
4.560588687546600628e-01
4.560599897943536929e-01
4.560599691636064712e-01
4.560340284905563535e-01
4.560343694687687965e-01
4.566352298366401774e-01
4.566304861375763413e-01
4.430268857475645472e-01
4.430618426351488615e-01
