6.701373757407097509e-02
5.917712861856588152e-02
5.516809795933660943e-02
5.198020055682182894e-02
5.000242780698918588e-02
4.828200425400716589e-02
4.710640549865776489e-02
4.610529129875163418e-02
4.535633177070615141e-02
4.474662246817472100e-02
4.421657426216712983e-02
4.378204141712445374e-02
4.342084038577848082e-02
4.311868196485522248e-02
4.286471477522344614e-02
4.265036443545612566e-02
4.246876804455172738e-02
4.231436295422449922e-02
4.218259141366137444e-02
4.206970808735893685e-02
4.197260084904562427e-02
4.188867430632886579e-02
4.181574159375607558e-02
4.175195778420825315e-02
4.169599344981816252e-02
4.164687979575631971e-02
4.160376362059286376e-02
4.156591791989416862e-02
4.153269123270590668e-02
4.150351972599990169e-02
4.147790533050745021e-02
4.145541461794077787e-02
4.143566460853476130e-02
4.143566460853476824e-02
4.143566460853476130e-02
4.143566460853476130e-02
4.143566460853476130e-02
4.143566460853476824e-02
4.143566460853476130e-02
4.143566460853476130e-02
4.143566460853476130e-02
4.143566460853476824e-02
4.143566460853476130e-02
4.143566460853476130e-02
4.143566460853476130e-02
4.143566460853476824e-02
4.143566460853476130e-02
4.143566460853476130e-02
4.143566460853476130e-02
4.143566460853476824e-02
4.143566460853476130e-02
4.143566460853476130e-02
4.143566460853476130e-02
4.143566460853476824e-02
4.143566460853476130e-02
4.143566460853476130e-02
4.143566460853476130e-02
4.143566460853476824e-02
4.143566460853476130e-02
4.143566460853476130e-02
4.143566460853476130e-02
4.143566460853476824e-02
4.143566460853476130e-02
4.143566460853476130e-02
4.143566460853476130e-02
4.143566460853476824e-02
4.143566460853476130e-02
4.143566460853476130e-02
4.143566460853476130e-02
4.143566460853476824e-02
4.143566460853476130e-02
4.143566460853476130e-02
4.143566460853476130e-02
4.143566460853476824e-02
4.143566460853476130e-02
4.143566460853476130e-02
4.143566460853476130e-02
4.143566460853476824e-02
4.143566460853476130e-02
4.143566460853476130e-02
4.143566460853476130e-02
4.143566460853476824e-02
4.143566460853476130e-02
4.143566460853476130e-02
4.143566460853476130e-02
4.143566460853476824e-02
4.143566460853476130e-02
4.143566460853476130e-02
4.143566460853476130e-02
4.143566460853476824e-02
4.143566460853476130e-02
4.143566460853476130e-02
4.143566460853476130e-02
4.143566460853476824e-02
4.143566460853476130e-02
4.143566460853476130e-02
4.144961236133710980e-02
4.146676372299298863e-02
4.148756223107476215e-02
4.151252264343290033e-02
4.154223864287091839e-02
4.157740465513963535e-02
4.161883828695810833e-02
4.166749652303469720e-02
4.172450660224217428e-02
4.179120607363168149e-02
4.186917543080552473e-02
4.196029526703475010e-02
4.206680966562389989e-02
4.219139523106406331e-02
4.233727966304252910e-02
4.250836302139598954e-02
4.270936765940815116e-02
4.294608928391738245e-02
4.322566096975004324e-02
4.355698625949859515e-02
4.395130665374645529e-02
4.442339423511593860e-02
4.499609174221157887e-02
4.565391986000630342e-02
4.645808653539119232e-02
4.752301718163688682e-02
4.877155486703134424e-02
5.058026349014881073e-02
5.265844554698794616e-02
5.597996278029469808e-02
6.014620696901176733e-02
6.826304795519866353e-02
