1.700937954300793253e-01
1.690188782172732385e-01
1.682355685212550966e-01
1.677100940286689879e-01
1.672501434663830611e-01
1.669257122718907638e-01
1.666371053139854841e-01
1.664220093276502221e-01
1.662370045523312023e-01
1.660906664319027892e-01
1.659585431297608271e-01
1.658492212411521449e-01
1.657573520210939844e-01
1.656797446795564843e-01
1.656139601428154862e-01
1.655580334092389139e-01
1.655103606232743163e-01
1.654696088183493785e-01
1.654346753006263326e-01
1.654046318489943435e-01
1.653787024807634176e-01
1.653562258048631439e-01
1.653366468369087405e-01
1.653194854796921076e-01
1.653044027252653647e-01
1.652911438462863480e-01
1.652794894851047358e-01
1.652692458385534580e-01
1.652602426642062750e-01
1.652523293444994601e-01
1.652453768128428202e-01
1.652392677768113327e-01
1.652338986550812017e-01
1.652338986550812017e-01
1.652338986550812017e-01
1.652338986550812017e-01
1.652338986550812017e-01
1.652338986550812017e-01
1.652338986550812017e-01
1.652338986550812017e-01
1.652338986550812017e-01
1.652338986550812017e-01
1.652338986550812017e-01
1.652338986550812017e-01
1.652338986550812017e-01
1.652338986550812017e-01
1.652338986550812017e-01
1.652338986550812017e-01
1.652338986550812017e-01
1.652338986550812017e-01
1.652338986550812017e-01
1.652338986550812017e-01
1.652338986550812017e-01
1.652338986550812017e-01
1.652338986550812017e-01
1.652338986550812017e-01
1.652338986550812017e-01
1.652338986550812017e-01
1.652338986550812017e-01
1.652338986550812017e-01
1.652338986550812017e-01
1.652338986550812017e-01
1.652338986550812017e-01
1.652338986550812017e-01
1.652338986550812017e-01
1.652338986550812017e-01
1.652338986550812017e-01
1.652338986550812017e-01
1.652338986550812017e-01
1.652338986550812017e-01
1.652338986550812017e-01
1.652338986550812017e-01
1.652338986550812017e-01
1.652338986550812017e-01
1.652338986550812017e-01
1.652338986550812017e-01
1.652338986550812017e-01
1.652338986550812017e-01
1.652338986550812017e-01
1.652338986550812017e-01
1.652338986550812017e-01
1.652338986550812017e-01
1.652338986550812017e-01
1.652338986550812017e-01
1.652338986550812017e-01
1.652338986550812017e-01
1.652338986550812017e-01
1.652338986550812017e-01
1.652338986550812017e-01
1.652338986550812017e-01
1.652338986550812017e-01
1.652338986550812017e-01
1.652338986550812017e-01
1.652338986550812017e-01
1.652338986550812017e-01
1.652338986550812017e-01
1.652376972035865532e-01
1.652423642461038344e-01
1.652480189659841225e-01
1.652548001173111403e-01
1.652628640930461357e-01
1.652723966598896033e-01
1.652836129943235366e-01
1.652967655375447986e-01
1.653121499171221753e-01
1.653301108901659155e-01
1.653510580824409104e-01
1.653754700577571013e-01
1.654039140729855473e-01
1.654370600562231619e-01
1.654757064403623024e-01
1.655207963811340666e-01
1.655734615971336532e-01
1.656350567813124064e-01
1.657072219147616154e-01
1.657919472911422165e-01
1.658916945581808133e-01
1.660096846352672462e-01
1.661512619858621087e-01
1.663078590290251180e-01
1.665039963241496390e-01
1.667309211369513711e-01
1.670321141508461782e-01
1.673694860886734692e-01
1.678426912979850139e-01
1.683811853883163678e-01
1.691762786068305990e-01
1.702753115756238667e-01
