7.707946644287931581e-02
5.906696629460080061e-02
4.963788817032669526e-02
4.481288750455569153e-02
4.197246991430746144e-02
3.977704780287999453e-02
3.786497404750153312e-02
3.628372612177485634e-02
3.505747773682382773e-02
3.411247752776253028e-02
3.336189982927404568e-02
3.275155330167910800e-02
3.225060251734691158e-02
3.183629641263380911e-02
3.149137759545551918e-02
3.120258903735291869e-02
3.095956620625870195e-02
3.075411045137834906e-02
3.057965839525517843e-02
3.043087695041655355e-02
3.030338899467761513e-02
3.019356515563571472e-02
3.009841565702939259e-02
3.001553497773710305e-02
2.994307532150522130e-02
2.987961216771096301e-02
2.982401037064207408e-02
2.977530790316450238e-02
2.973264088520752302e-02
2.969523998841158349e-02
2.966243383931177827e-02
2.963365294293685004e-02
2.960839002800524922e-02
2.960839002800524922e-02
2.960839002800524922e-02
2.960839002800524922e-02
2.960839002800524922e-02
2.960839002800524922e-02
2.960839002800524922e-02
2.960839002800524922e-02
2.960839002800524922e-02
2.960839002800524922e-02
2.960839002800524922e-02
2.960839002800524922e-02
2.960839002800524922e-02
2.960839002800524922e-02
2.960839002800524922e-02
2.960839002800524922e-02
2.960839002800524922e-02
2.960839002800524922e-02
2.960839002800524922e-02
2.960839002800524922e-02
2.960839002800524922e-02
2.960839002800524922e-02
2.960839002800524922e-02
2.960839002800524922e-02
2.960839002800524922e-02
2.960839002800524922e-02
2.960839002800524922e-02
2.960839002800524922e-02
2.960839002800524922e-02
2.960839002800524922e-02
2.960839002800524922e-02
2.960839002800524922e-02
2.960839002800524922e-02
2.960839002800524922e-02
2.960839002800524922e-02
2.960839002800524922e-02
2.960839002800524922e-02
2.960839002800524922e-02
2.960839002800524922e-02
2.960839002800524922e-02
2.960839002800524922e-02
2.960839002800524922e-02
2.960839002800524922e-02
2.960839002800524922e-02
2.960839002800524922e-02
2.960839002800524922e-02
2.960839002800524922e-02
2.960839002800524922e-02
2.960839002800524922e-02
2.960839002800524922e-02
2.960839002800524922e-02
2.960839002800524922e-02
2.960839002800524922e-02
2.960839002800524922e-02
2.960839002800524922e-02
2.960839002800524922e-02
2.960839002800524922e-02
2.960839002800524922e-02
2.960839002800524922e-02
2.960839002800524922e-02
2.960839002800524922e-02
2.960839002800524922e-02
2.960839002800524922e-02
2.960839002800524922e-02
2.962648940048782931e-02
2.964870035396361889e-02
2.967560409696917006e-02
2.970786988113984992e-02
2.974628879573193094e-02
2.979177682635536506e-02
2.984541059019416367e-02
2.990847109273022178e-02
2.998247062397125726e-02
3.006920808134126016e-02
3.017082856603497260e-02
3.028990824133843615e-02
3.042953464393229057e-02
3.059345735435302360e-02
3.078623016708692886e-02
3.101344404697970944e-02
3.128199758623414345e-02
3.160051718468271514e-02
3.197988360849592093e-02
3.243401432092118952e-02
3.298102698699070801e-02
3.364479559714835671e-02
3.445761369202183372e-02
3.547590584839964423e-02
3.678982071316919122e-02
3.847703374178456509e-02
4.051614578863037275e-02
4.286292387688253602e-02
4.589617488042124077e-02
5.101284166580518503e-02
6.096282430488907805e-02
7.996934481347918455e-02
