1.905160796743237128e-01
1.292354243239201284e-01
1.006230402917433625e-01
8.801051278037400061e-02
8.365994815718091893e-02
8.361685442506129606e-02
8.574593650916872978e-02
8.897368369494063067e-02
9.279109117957894115e-02
9.684111975666814809e-02
1.007305529772828806e-01
1.040757009111909215e-01
1.066085972161293915e-01
1.082309128270533827e-01
1.089849361207674699e-01
1.090120921058156112e-01
1.085056009098543800e-01
1.076679181673420999e-01
1.066804881176870862e-01
1.056875728449414992e-01
1.047915062873463893e-01
1.040555713884214195e-01
1.035103496255120742e-01
1.031611451608160368e-01
1.029946689882326877e-01
1.029846925880174707e-01
1.030968290465716641e-01
1.032928839632137052e-01
1.035348829426928075e-01
1.037885641159865951e-01
1.040258943712699946e-01
1.042267027418960351e-01
1.043789555373598743e-01
1.043789555373598743e-01
1.043789555373598743e-01
1.043789555373598466e-01
1.043789555373598743e-01
1.043789555373598743e-01
1.043789555373598743e-01
1.043789555373598466e-01
1.043789555373598743e-01
1.043789555373598743e-01
1.043789555373598743e-01
1.043789555373598466e-01
1.043789555373598743e-01
1.043789555373598743e-01
1.043789555373598743e-01
1.043789555373598466e-01
1.043789555373598743e-01
1.043789555373598743e-01
1.043789555373598743e-01
1.043789555373598466e-01
1.043789555373598743e-01
1.043789555373598743e-01
1.043789555373598743e-01
1.043789555373598466e-01
1.043789555373598743e-01
1.043789555373598743e-01
1.043789555373598743e-01
1.043789555373598466e-01
1.043789555373598743e-01
1.043789555373598743e-01
1.043789555373598743e-01
1.043789555373598466e-01
1.043789555373598743e-01
1.043789555373598743e-01
1.043789555373598743e-01
1.043789555373598466e-01
1.043789555373598743e-01
1.043789555373598743e-01
1.043789555373598743e-01
1.043789555373598466e-01
1.043789555373598743e-01
1.043789555373598743e-01
1.043789555373598743e-01
1.043789555373598466e-01
1.043789555373598743e-01
1.043789555373598743e-01
1.043789555373598743e-01
1.043789555373598466e-01
1.043789555373598743e-01
1.043789555373598743e-01
1.043789555373598743e-01
1.043789555373598466e-01
1.043789555373598743e-01
1.043789555373598743e-01
1.043789555373598743e-01
1.043789555373598466e-01
1.043789555373598743e-01
1.043789555373598743e-01
1.043789555373598743e-01
1.043789555373598466e-01
1.043789555373598743e-01
1.043789555373598743e-01
1.043789555373598743e-01
1.043789555373598466e-01
1.042718620055357176e-01
1.041190542750194126e-01
1.039264366740551004e-01
1.037091970444209144e-01
1.034922012206583447e-01
1.033092159753897371e-01
1.032007685604352659e-01
1.032107290700968460e-01
1.033816603780805671e-01
1.037489748741605988e-01
1.043340089784440955e-01
1.051361217359556149e-01
1.061239927410091294e-01
1.072272064752266552e-01
1.083293382821059608e-01
1.092660906945357030e-01
1.098322445920927731e-01
1.098019644889439428e-01
1.089648580361311375e-01
1.071748045697314550e-01
1.044012719569546166e-01
1.007700753390567416e-01
9.658607655085398036e-02
9.226849325778771482e-02
8.823811051241568781e-02
8.486936107446514665e-02
8.267650861189962397e-02
8.272033929905803218e-02
8.710330938643348619e-02
9.973152340739403765e-02
1.282660704975158161e-01
1.891615809240984880e-01
