7.768642041050083380e-02
6.392276828055230842e-02
5.627048110414916565e-02
5.262697956990104731e-02
5.128978808879956081e-02
5.109895752070001129e-02
5.142534396349196513e-02
5.199393679487229053e-02
5.265058585609572184e-02
5.325887973511798240e-02
5.372116551032411758e-02
5.400412480739342352e-02
5.412542126110007207e-02
5.412656171277464845e-02
5.405525657563185066e-02
5.395402122653771004e-02
5.385454275270927516e-02
5.377629247901421355e-02
5.372769056839469398e-02
5.370858569809792288e-02
5.371323890502151949e-02
5.373321511330519940e-02
5.375978623913375831e-02
5.378561461685578415e-02
5.380567942909139645e-02
5.381754622307281105e-02
5.382111004263177151e-02
5.381797163409787060e-02
5.381064336585481001e-02
5.380178235582365465e-02
5.379361282818719003e-02
5.378759603679051510e-02
5.378435514156938019e-02
5.378435514156938019e-02
5.378435514156938019e-02
5.378435514156938019e-02
5.378435514156938019e-02
5.378435514156938019e-02
5.378435514156938019e-02
5.378435514156938019e-02
5.378435514156938019e-02
5.378435514156938019e-02
5.378435514156938019e-02
5.378435514156938019e-02
5.378435514156938019e-02
5.378435514156938019e-02
5.378435514156938019e-02
5.378435514156938019e-02
5.378435514156938019e-02
5.378435514156938019e-02
5.378435514156938019e-02
5.378435514156938019e-02
5.378435514156938019e-02
5.378435514156938019e-02
5.378435514156938019e-02
5.378435514156938019e-02
5.378435514156938019e-02
5.378435514156938019e-02
5.378435514156938019e-02
5.378435514156938019e-02
5.378435514156938019e-02
5.378435514156938019e-02
5.378435514156938019e-02
5.378435514156938019e-02
5.378435514156938019e-02
5.378435514156938019e-02
5.378435514156938019e-02
5.378435514156938019e-02
5.378435514156938019e-02
5.378435514156938019e-02
5.378435514156938019e-02
5.378435514156938019e-02
5.378435514156938019e-02
5.378435514156938019e-02
5.378435514156938019e-02
5.378435514156938019e-02
5.378435514156938019e-02
5.378435514156938019e-02
5.378435514156938019e-02
5.378435514156938019e-02
5.378435514156938019e-02
5.378435514156938019e-02
5.378435514156938019e-02
5.378435514156938019e-02
5.378435514156938019e-02
5.378435514156938019e-02
5.378435514156938019e-02
5.378435514156938019e-02
5.378435514156938019e-02
5.378435514156938019e-02
5.378435514156938019e-02
5.378435514156938019e-02
5.378435514156938019e-02
5.378435514156938019e-02
5.378435514156938019e-02
5.378435514156938019e-02
5.378661190739936204e-02
5.379114440576454603e-02
5.379770522748345690e-02
5.380520516252938756e-02
5.381168595070718458e-02
5.381455284938978234e-02
5.381110714258773714e-02
5.379934213201725823e-02
5.377889328940179542e-02
5.375192152687773006e-02
5.372363455418227574e-02
5.370211873548554060e-02
5.369726087857834562e-02
5.371869618596328277e-02
5.377295653745713805e-02
5.386018667635377594e-02
5.397090565633935050e-02
5.408342971142683642e-02
5.416282707724329876e-02
5.416271151734891598e-02
5.403170772758682933e-02
5.372615346142195492e-02
5.322920078704995728e-02
5.257896144054092363e-02
5.188121081466832984e-02
5.128183879084034086e-02
5.094405090958480098e-02
5.114969171171133977e-02
5.252949124022079919e-02
5.623851512808793890e-02
6.396995431874256954e-02
7.780737962040955302e-02
