@ NAME             %09s "DYNAPTUNE"
@ TYPE             %09s "DYNAPTUNE"
@ TITLE            %08s "no-title"
@ ORIGIN           %22s "MAD-X 5.02.00 Linux 64"
@ DATE             %08s "10/01/20"
@ TIME             %08s "13.36.15"
*                  X                  Y               TUNX               TUNY              DTUNE 
$                %le                %le                %le                %le                %le 
    8.106834217e-06    1.117196542e-05       0.3001545233       0.3095837694    2.037191421e-10
    4.337839009e-06    0.0001523647026       0.2999058645       0.3095831669    3.905540444e-08
    2.657878964e-06     0.000215298759       0.2997113904       0.3096044856      1.4694373e-07
    1.368800282e-06     0.000263589759       0.2995695869       0.3096480377    1.132119656e-06
    2.820566829e-07    0.0003043009552       0.2994758619        0.309713264    2.281412354e-06
   -6.753836481e-07     0.000340168239        0.299425027       0.3097988957    2.617145157e-06
   -1.540975872e-06    0.0003725947423       0.2994117257       0.3099031345    2.029114951e-06
   -2.336970072e-06    0.0004024139895       0.2994307111       0.3100238433    1.056265596e-06
   -3.077863408e-06     0.000430169068       0.2994770325       0.3101587152     2.55888928e-07
   -3.773725644e-06    0.0004562372077       0.2995461437         0.31030541    1.296580275e-07
    -4.43188851e-06    0.0004808930673        0.299633953       0.3104616536    1.083087475e-07
   -5.057886872e-06    0.0005043439919       0.2997368172       0.3106253073    1.348999161e-07
   -5.656020772e-06     0.000526751068       0.2998515693       0.3107944107    3.977404734e-07
   -6.229709804e-06    0.0005482423993       0.2999753571       0.3109672043    5.740673646e-07
   -6.781726565e-06    0.0005689218518       0.3001058249       0.3111421365    5.906555619e-07
    -7.31435607e-06    0.0005888750259         0.30024095       0.3113178581    4.907586051e-07
    -7.82950797e-06    0.0006081734603       0.3003790321       0.3114932184    2.993183732e-07
   -8.328797591e-06    0.0006268776678       0.3005186257       0.3116672443    8.606489859e-08
    -8.81360578e-06    0.0006450393771       0.3006585916       0.3118390957    3.992372454e-08
   -9.285123962e-06    0.0006627032209       0.3007977411       0.3120081869    1.813411434e-07
    0.0001184169442    1.680271306e-05       0.3001564521       0.3093344992    6.206028103e-08
     0.000114647949    0.0001579954502       0.2999636287       0.3093865654    5.968325822e-08
    0.0001129679889    0.0002209295066       0.2998238718       0.3094617516    1.447985844e-08
    0.0001116789102    0.0002692205066       0.2997322229       0.3095557852    9.983890196e-10
    0.0001105921667    0.0003099317028       0.2996828571       0.3096668391     1.96849623e-08
    0.0001096347263    0.0003457989867       0.2996700913       0.3097931153    6.040727074e-08
    0.0001087691341    0.0003782254899       0.2996885598       0.3099326943    8.674514343e-08
    0.0001079731399    0.0004080447371       0.2997332725       0.3100835179    1.201497955e-07
    0.0001072322466    0.0004357998157       0.2997998613       0.3102437176     4.90411783e-08
    0.0001065363843    0.0004618679554        0.299884228       0.3104111973    2.562579717e-08
    0.0001058782215     0.000486523815       0.2999829006       0.3105841693    3.607443585e-08
    0.0001052522231    0.0005099747395       0.3000928367       0.3107609575    1.466972711e-07
    0.0001046540892    0.0005323818156       0.3002113236        0.310940033    1.014942495e-06
    0.0001040804002    0.0005538731469       0.3003360722       0.3111199474    1.476635523e-07
    0.0001035283834    0.0005745525994        0.300465429        0.311299778    1.222094196e-07
    0.0001029957539    0.0005945057736        0.300597571       0.3114784441    9.047391506e-08
     0.000102480602     0.000613804208       0.3007311664       0.3116550512    5.450496948e-08
    0.0001019813124    0.0006325084154       0.3008652259       0.3118288582    3.893450261e-07
    0.0001014965042    0.0006506701247       0.3009984122       0.3119994074    1.131356634e-07
     0.000101024986    0.0006683339685       0.3011306215       0.3121664044    7.387602928e-08
    0.0001675856396    1.931251489e-05       0.3001758786       0.3091406494     1.36149805e-07
    0.0001638166444     0.000160505252       0.3000400425        0.309245034    6.383036516e-08
    0.0001621366843    0.0002234393085       0.2999509508       0.3093685214    5.760666912e-08
    0.0001608476057    0.0002717303084       0.2999027337       0.3095056721    7.854916328e-08
    0.0001597608621    0.0003124415046       0.2998895593       0.3096545127    8.286721796e-08
    0.0001588034217    0.0003483087885       0.2999062241       0.3098133488    1.026303644e-07
    0.0001579378295    0.0003807352917       0.2999479743       0.3099804865    5.212139285e-08
    0.0001571418353    0.0004105545389       0.3000108544       0.3101544998    3.803920767e-08
     0.000156400942    0.0004383096175        0.300090889       0.3103336656    7.075408421e-08
    0.0001557050797    0.0004643777572       0.3001847074       0.3105164906    6.116235441e-08
    0.0001550469169    0.0004890336168       0.3002895192       0.3107016324    1.552924304e-07
    0.0001544209185    0.0005124845413       0.3004018467       0.3108869901    6.931972379e-07
    0.0001538227846    0.0005348916174       0.3005219326       0.3110735161    5.559423706e-08
    0.0001532490956    0.0005563829488       0.3006460057       0.3112584908      2.2316627e-08
    0.0001526970788    0.0005770624013       0.3007729067       0.3114415148      3.2798797e-08
    0.0001521644493    0.0005970155754       0.3009014944       0.3116219595     1.56544333e-07
    0.0001516492974    0.0006163140098       0.3010312272       0.3117998146    1.334834549e-06
    0.0001511500078    0.0006350182172        0.301158891       0.3119722239    4.047910635e-07
    0.0001506651996    0.0006531799265       0.3012866712       0.3121416428     1.62993522e-08
    0.0001501936814    0.0006708437703       0.3014125947        0.312306622    1.049481982e-07
    0.0002053141065    2.123835357e-05       0.3002168875       0.3090024843    1.599715834e-07
    0.0002015451113    0.0001624310907       0.3001337756       0.3091544544     7.49609379e-09
    0.0001998651513    0.0002253651471       0.3000893455       0.3093194282    1.049127443e-07
    0.0001985760726    0.0002736561471       0.3000781297       0.3094926802    1.120784979e-07
     0.000197489329    0.0003143673433       0.3000951722       0.3096725556    7.551780512e-08
    0.0001965318887    0.0003502346272       0.3001359685       0.3098577367    4.588283501e-08
    0.0001956662965    0.0003826611304       0.3001965933       0.3100469928    4.370131103e-08
    0.0001948703023    0.0004124803776       0.3002735825       0.3102391328    9.556076254e-08
    0.0001941294089    0.0004402354562       0.3003638532       0.3104330465     3.29264828e-08
    0.0001934335467    0.0004663035959       0.3004647205       0.3106276694    2.051322242e-07
    0.0001927753838    0.0004909594555       0.3005722731       0.3108204322    6.867430145e-08
    0.0001921493855      0.00051441038       0.3006884569       0.3110144738     1.56219538e-08
    0.0001915512516    0.0005368174561       0.3008081712        0.311205514    5.987854666e-08
    0.0001909775625    0.0005583087874       0.3009307655       0.3113937594    1.206133413e-07
    0.0001904255458    0.0005789882399       0.3010550662       0.3115787245    3.865734122e-08
    0.0001898929163    0.0005989414141       0.3011804962       0.3117603042     1.10551324e-06
    0.0001893777644    0.0006182398485       0.3013042271       0.3119366728    1.456988404e-07
    0.0001888784747    0.0006369440559       0.3014279476       0.3121091289    9.954616334e-08
    0.0001883936665    0.0006551057652       0.3015505355       0.3122765862    2.613074782e-07
    0.0001879221484     0.000672769609       0.3016706916       0.3124391931    1.087216931e-06
    0.0002371206755    2.286191068e-05       0.3002808761       0.3089155102       6.742261e-07
    0.0002333516803    0.0001640546478       0.3002447787       0.3091088668    8.782087254e-08
    0.0002316717202    0.0002269887043       0.3002385179       0.3093083792    3.845044523e-08
    0.0002303826416    0.0002752797042       0.3002584177       0.3095111306    1.566343036e-07
     0.000229295898    0.0003159909004       0.3003003779       0.3097160109    1.440126691e-07
    0.0002283384576    0.0003518581843       0.3003607521       0.3099220929    7.976045059e-08
    0.0002274728654    0.0003842846875       0.3004364912        0.310128784    1.905439924e-08
    0.0002266768712    0.0004141039347       0.3005246381       0.3103351455    4.770997878e-08
    0.0002259359779    0.0004418590133       0.3006228694       0.3105403697     2.72142651e-07
    0.0002252401156     0.000467927153       0.3007277817       0.3107426005    1.217395053e-06
    0.0002245819528    0.0004925830126       0.3008402464       0.3109442119    1.506811708e-07
    0.0002239559544    0.0005160339371       0.3009564119       0.3111421466    9.018999098e-08
    0.0002233578205    0.0005384410132       0.3010754215       0.3113363956     2.58550881e-08
    0.0002227841315    0.0005599323445       0.3011963339       0.3115266667    7.942892036e-08
    0.0002222321147    0.0005806117971       0.3013173008       0.3117119907    1.101811927e-06
    0.0002216994852    0.0006005649712       0.3014386308       0.3118929869     3.08262639e-07
    0.0002211843333    0.0006198634056       0.3015593158       0.3120693721    3.198254375e-07
    0.0002206850437     0.000638567613       0.3016782105       0.3122409172    8.140057494e-07
    0.0002202002355    0.0006567293223       0.3017958372        0.312405972    4.484140206e-07
    0.0002197287173    0.0006743931661       0.3019129382       0.3125678543    7.915749633e-07
    0.0002651428253     2.42922932e-05       0.3003674102       0.3088737782    1.055667228e-06
    0.0002613738301    0.0001654850303       0.3003720475        0.309101813     6.05891054e-08
      0.00025969387    0.0002284190868       0.3003978307       0.3093293741    2.901853343e-08
    0.0002584047913    0.0002767100868       0.3004434152       0.3095557358    5.878891062e-08
    0.0002573180477    0.0003174212829        0.300505686       0.3097803824    3.663946994e-08
    0.0002563606074    0.0003532885668       0.3005818745       0.3100029705    1.912241225e-08
    0.0002554950152      0.00038571507       0.3006694721       0.3102230201    5.975782564e-08
     0.000254699021    0.0004155343172       0.3007663059       0.3104401788    1.711045248e-07
    0.0002539581276    0.0004432893958       0.3008705133        0.310653947    3.408150055e-06
    0.0002532622654    0.0004693575355       0.3009791839       0.3108630654    3.370195887e-07
    0.0002526041025    0.0004940133951       0.3010929691        0.311068809    9.292696499e-08
    0.0002519781042    0.0005174643196       0.3012094003       0.3112699643       1.135238e-08
    0.0002513799703    0.0005398713958       0.3013274823       0.3114662539    1.987780386e-07
    0.0002508062812    0.0005613627271       0.3014450856       0.3116562711    1.866622926e-06
    0.0002502542645    0.0005820421796       0.3015641883       0.3118425562    2.850382181e-07
     0.000249721635    0.0006019953537       0.3016821221       0.3120229747    1.079527896e-07
    0.0002492064831    0.0006212937881       0.3017987246       0.3121977284    5.085279952e-07
    0.0002487071935    0.0006399979955       0.3019133266       0.3123679862    9.761079205e-07
    0.0002482223853    0.0006581597048       0.3020291587       0.3125338843    3.802907645e-06
    0.0002477508671    0.0006758235487       0.3021365071       0.3126881149    3.499822751e-07
    0.0002904767851    2.558545785e-05       0.3004748655       0.3088708328    9.697750673e-07
    0.0002867077899     0.000166778195       0.3005139808       0.3091271048     9.16832407e-08
    0.0002850278299    0.0002297122514       0.3005661509       0.3093768992    9.256614311e-09
    0.0002837387512    0.0002780032514         0.30063259       0.3096217535    9.202683042e-08
    0.0002826520076    0.0003187144476       0.3007111398        0.309861737    2.080146938e-08
    0.0002816945673    0.0003545817314       0.3007999498       0.3100969184     9.92336826e-09
    0.0002808289751    0.0003870082347       0.3008962386       0.3103269812    4.045153847e-07
    0.0002800329809    0.0004168274819       0.3009998309       0.3105527418    1.194916587e-06
    0.0002792920875    0.0004445825605       0.3011075299       0.3107714584    1.291253074e-06
    0.0002785962253    0.0004706507002       0.3012195301       0.3109856901    4.884877779e-08
    0.0002779380624    0.0004953065597       0.3013339378       0.3111944664    2.003797725e-08
    0.0002773120641    0.0005187574843       0.3014499015       0.3113975149    2.744481838e-07
    0.0002767139302    0.0005411645604       0.3015652702       0.3115934273    1.442125179e-06
    0.0002761402411    0.0005626558917       0.3016822473       0.3117852168    1.630489038e-07
    0.0002755882244    0.0005833353442        0.301797891       0.3119703327    7.709934844e-08
    0.0002750555949    0.0006032885184       0.3019122996       0.3121494017    3.322252661e-08
     0.000274540443    0.0006225869528       0.3020250675       0.3123223099    2.544730979e-07
    0.0002740411533    0.0006412911602       0.3021369086       0.3124919038    1.260793761e-06
    0.0002735563451    0.0006594528695       0.3022431514       0.3126512822    5.810622335e-07
     0.000273084827    0.0006771167133       0.3023497464       0.3128056171    6.553137382e-07
    0.0003137737656    2.677464548e-05       0.3006009263       0.3089002977    4.450433594e-07
    0.0003100047704    0.0001679673826       0.3006686126       0.3091790027    1.500710192e-07
    0.0003083248104    0.0002309014391       0.3007421929       0.3094460515    1.917481277e-07
    0.0003070357317     0.000279192439       0.3008248455       0.3097048745    6.788018126e-07
    0.0003059489881    0.0003199036352       0.3009151919       0.3099560609    1.397964652e-06
    0.0003049915477    0.0003557709191       0.3010143591       0.3102009106    6.106231186e-07
    0.0003041259555    0.0003881974223       0.3011184172       0.3104387773    5.154510568e-07
    0.0003033299613    0.0004180166695       0.3012251083        0.310667771    1.516878941e-06
     0.000302589068    0.0004457717481       0.3013368669       0.3108928546    6.962265798e-08
    0.0003018932057    0.0004718398878       0.3014501128       0.3111098754    1.147790572e-07
    0.0003012350429    0.0004964957474       0.3015645649       0.3113204017    1.677047191e-07
    0.0003006090445    0.0005199466719       0.3016784995       0.3115231576    7.995716592e-07
    0.0003000109106     0.000542353748       0.3017936365       0.3117208213    7.195861049e-08
    0.0002994372216    0.0005638450793       0.3019076676       0.3119112874    3.809656663e-08
    0.0002988852048    0.0005845245319       0.3020199468       0.3120950416    8.313690309e-08
    0.0002983525753     0.000604477706       0.3021311744       0.3122725822    1.287469361e-06
    0.0002978374234    0.0006237761404        0.302238795       0.3124421061    3.152862287e-06
    0.0002973381338    0.0006424803478       0.3023457692       0.3126079078    5.968799095e-07
    0.0002968533256    0.0006606420571       0.3024498279       0.3127677126    1.569240652e-06
    0.0002963818074    0.0006783059009       0.3025521205       0.3129189662     1.01050813e-06
    0.0003354580663    2.788151433e-05        0.300742927         0.30895609    3.993270621e-07
    0.0003316890711    0.0001690742515       0.3008332749       0.3092521135     5.50944758e-07
    0.0003300091111    0.0002320083079       0.3009237048       0.3095321538     3.94565538e-07
    0.0003287200324    0.0002802993079        0.301020164       0.3098017539    1.688810821e-07
    0.0003276332888    0.0003210105041        0.301121143       0.3100617513    7.077484913e-08
    0.0003266758484    0.0003568777879       0.3012265424       0.3103129765    2.619458196e-07
    0.0003258102562    0.0003893042912       0.3013333126       0.3105530628    2.757493015e-06
     0.000325014262    0.0004191235384       0.3014459289       0.3107896016    1.871264852e-07
    0.0003242733687    0.0004468786169       0.3015586282        0.311016203    1.612435801e-07
    0.0003235775064    0.0004729467567       0.3016722186       0.3112348338    2.716448831e-07
    0.0003229193436    0.0004976026162       0.3017852674       0.3114450676    7.372875726e-07
    0.0003222933452    0.0005210535408        0.301899584       0.3116494815    9.378933275e-07
    0.0003216952113    0.0005434606169       0.3020109089       0.3118452825    7.016768051e-07
    0.0003211215223    0.0005649519482       0.3021223875       0.3120345801    1.382592621e-07
    0.0003205695055    0.0005856314007       0.3022330367        0.312217685    7.045032216e-07
     0.000320036876    0.0006055845749       0.3023370596        0.312389568     2.24694934e-06
    0.0003195217241    0.0006248830092        0.302443776       0.3125595419    4.570913621e-07
    0.0003190224345    0.0006435872167         0.30254685       0.3127221231    1.405798852e-06
    0.0003185376263     0.000661748926       0.3026469326       0.3128799631    2.026098869e-06
    0.0003180661081    0.0006794127698       0.3027451066       0.3130286569    9.087068847e-07
    0.0003558244068    2.892110829e-05       0.3008982203       0.3090331074    2.284293736e-07
    0.0003520554116    0.0001701138454       0.3010075792       0.3093426584    5.643337098e-08
    0.0003503754515    0.0002330479019       0.3011108904       0.3096319985    7.239317922e-08
    0.0003490863729    0.0002813389018        0.301216645        0.309908966    4.951131351e-08
    0.0003479996293     0.000322050098       0.3013249771       0.3101749207    5.345432881e-08
    0.0003470421889    0.0003579173819        0.301435217       0.3104301946    8.074135196e-07
    0.0003461765967    0.0003903438851       0.3015471478       0.3106761037    3.048135072e-07
    0.0003453806025    0.0004201631323       0.3016601493       0.3109128297    1.249432889e-07
    0.0003446397092    0.0004479182109       0.3017742804       0.3111408097    2.789557826e-07
    0.0003439438469    0.0004739863506       0.3018858663       0.3113589098    3.558004092e-07
    0.0003432856841    0.0004986422102       0.3019978455       0.3115698007    5.473006918e-07
    0.0003426596857    0.0005220931347       0.3021099673       0.3117728834    4.404936158e-08
    0.0003420615518    0.0005445002108       0.3022201612       0.3119679375    2.752679424e-07
    0.0003414878628    0.0005659915422       0.3023302326       0.3121569723    2.125743812e-06
     0.000340935846    0.0005866709947       0.3024320908       0.3123325769    4.833937918e-07
    0.0003404032165    0.0006066241688        0.302537888       0.3125073299    5.335707374e-07
    0.0003398880646    0.0006259226032        0.302639713       0.3126733884    2.077591349e-07
     0.000339388775    0.0006446268106       0.3027390945       0.3128327915    1.363355203e-06
    0.0003389039668    0.0006627885199       0.3028357522       0.3129882884    1.763691963e-06
    0.0003384324486    0.0006804523637       0.3029373771       0.3131410547    2.269564696e-06
    0.0003750873706     2.99043807e-05       0.3010639886        0.309127077    8.003994643e-08
    0.0003713183754    0.0001710971178       0.3011877069       0.3094460572    1.627651237e-07
    0.0003696384153    0.0002340311743       0.3013008611       0.3097419762    1.970256419e-07
    0.0003683493366    0.0002823221742       0.3014138446       0.3100240248    3.836775765e-07
     0.000367262593    0.0003230333704       0.3015275228       0.3102940893    4.264122875e-07
    0.0003663051527    0.0003589006543       0.3016412207       0.3105520739    1.130625324e-06
    0.0003654395605    0.0003913271575       0.3017571231       0.3108005196    3.340742505e-06
    0.0003646435663    0.0004211464047       0.3018667618       0.3110364431    2.286118108e-06
    0.0003639026729    0.0004489014833       0.3019789781        0.311262939     1.31722142e-06
    0.0003632068107     0.000474969623       0.3020929343       0.3114836978    2.717371619e-07
    0.0003625486478    0.0004996254826       0.3022039663       0.3116932576    3.106401826e-08
    0.0003619226495    0.0005230764071       0.3023134219        0.311894751    5.588510853e-07
    0.0003613245156    0.0005454834832       0.3024228719       0.3120899131    5.112154185e-06
    0.0003607508265    0.0005669748146       0.3025235384       0.3122703663    2.687422784e-06
    0.0003601988098    0.0005876542671       0.3026281987       0.3124496696    3.082475892e-07
    0.0003596661803    0.0006076074412        0.302729072       0.3126201421    2.728079316e-07
    0.0003591510284    0.0006269058756       0.3028275094       0.3127836961    1.121559337e-07
    0.0003586517388     0.000645610083       0.3029235814       0.3129403195    8.530424697e-07
    0.0003581669306    0.0006637717923       0.3030280798       0.3131026195    1.679160986e-05
    0.0003576954124    0.0006814356362       0.3031016334       0.3132326443    3.450327378e-06
    0.0003934089508    3.083960046e-05       0.3012378439        0.309233492    4.604606235e-07
    0.0003896399556    0.0001720323376       0.3013724887       0.3095593042    1.460293443e-07
    0.0003879599956     0.000234966394        0.301492831       0.3098595364    2.398560526e-07
    0.0003866709169     0.000283257394       0.3016126766       0.3101455196    6.390406435e-07
    0.0003855841733    0.0003239685902       0.3017283212       0.3104164812    3.101063984e-06
     0.000384626733    0.0003598358741       0.3018393447       0.3106744539    3.189501842e-06
    0.0003837611407    0.0003922623773       0.3019561757       0.3109235766    4.757462218e-07
    0.0003829651465    0.0004220816245       0.3020688405       0.3111596678     1.25992808e-06
    0.0003822242532    0.0004498367031        0.302182631       0.3113887066    7.657561811e-08
     0.000381528391    0.0004759048428       0.3022933155       0.3116065898    3.571579703e-07
    0.0003808702281    0.0005005607024       0.3024024346       0.3118146972    6.496326765e-07
    0.0003802442297    0.0005240116269       0.3025114093         0.31201638    7.240031774e-06
    0.0003796460958     0.000546418703       0.3026112545       0.3122022762    4.179897565e-06
    0.0003790724068    0.0005679100343       0.3027150521       0.3123866216    4.172236004e-07
      0.00037852039    0.0005885894868       0.3028152797       0.3125619152    2.590504011e-07
    0.0003779877605     0.000608542661       0.3029129603       0.3127298762    1.443707755e-06
    0.0003774726086    0.0006278410954       0.3030073859       0.3128903753    7.157636981e-07
     0.000376973319    0.0006465453028       0.3031105747       0.3130533129    1.419915041e-05
    0.0003764885108    0.0006647070121       0.3031858972       0.3131891892    1.548444308e-06
    0.0003760169927    0.0006823708559        0.303274292        0.313333455    2.426284974e-06
    0.0004109150002    3.173319169e-05       0.3014175042       0.3093494394    1.057897712e-06
     0.000407146005    0.0001729259288       0.3015621887       0.3096806415    2.557397444e-06
     0.000405466045    0.0002358599853       0.3016836147       0.3099815236    2.340858522e-06
    0.0004041769663    0.0002841509852       0.3018026258       0.3102673521    9.482699333e-07
    0.0004030902227    0.0003248621814       0.3019228767        0.310540774    2.404829048e-07
    0.0004021327823    0.0003607294653       0.3020395498       0.3108006278    8.339784058e-08
    0.0004012671901    0.0003931559685       0.3021538938       0.3110479418    8.564638279e-07
    0.0004004711959    0.0004229752157       0.3022675294       0.3112855278    2.318892509e-07
    0.0003997303026    0.0004507302943       0.3023783719       0.3115114229    6.110718971e-08
    0.0003990344404     0.000476798434       0.3024873076       0.3117278278    4.066308964e-07
    0.0003983762775    0.0005014542936       0.3025962821       0.3119362798    7.849627113e-06
    0.0003977502791    0.0005249052181       0.3026952567       0.3121278089    5.302575037e-06
    0.0003971521452    0.0005473122942        0.302798978       0.3123181468    2.619093915e-07
    0.0003965784562    0.0005688036256       0.3028979991       0.3124984721     2.36422296e-07
    0.0003960264394    0.0005894830781       0.3029948556       0.3126709852    1.542474448e-06
    0.0003954938099    0.0006094362522       0.3030893466       0.3128361132    4.858131286e-06
     0.000394978658    0.0006287346866       0.3031870582       0.3129994101     2.54522533e-06
    0.0003944793684     0.000647438894       0.3032675686       0.3131423235    1.729677765e-06
    0.0003939945602    0.0006656006033       0.3033542917       0.3132875864    1.601233253e-06
     0.000393523042    0.0006832644471       0.3034381472       0.3134285201    2.130286622e-06
    0.0004277056027    3.259026313e-05       0.3016008685       0.3094721504     1.41117355e-07
    0.0004239366075    0.0001737830003        0.301747361       0.3098040959    8.513452294e-07
    0.0004222566474    0.0002367170567       0.3018752782       0.3101076092    4.079709286e-07
    0.0004209675688    0.0002850080567       0.3019978504       0.3103944768    2.996282501e-07
    0.0004198808252    0.0003257192529       0.3021170846       0.3106669633     2.83536504e-07
    0.0004189233848    0.0003615865367       0.3022334978       0.3109261165    2.771003253e-07
    0.0004180577926      0.00039401304       0.3023478797       0.3111734606    5.206816787e-07
    0.0004172617984    0.0004238322872       0.3024591348        0.311408294    3.604112955e-08
    0.0004165209051    0.0004515873657       0.3025683462       0.3116325962    3.383008209e-07
    0.0004158250428    0.0004776555055       0.3026779248        0.311849716    6.572104434e-06
      0.00041516688     0.000502311365       0.3027751381        0.312046258    6.644801324e-06
    0.0004145408816    0.0005257622896       0.3028784319       0.3122432255    1.336377445e-06
    0.0004139427477    0.0005481693657       0.3029778849        0.312429492    1.990711963e-07
    0.0004133690587     0.000569660697       0.3030744716       0.3126072561     1.34407867e-06
    0.0004128170419    0.0005903401495       0.3031691786       0.3127778776    8.575578451e-06
    0.0004122844124    0.0006102933237        0.303261071       0.3129406621    7.689540675e-06
    0.0004117692605     0.000629591758       0.3033459063       0.3130923736     5.05958334e-07
    0.0004112699709    0.0006482959655        0.303431869       0.3132402098     4.08966388e-07
    0.0004107851627    0.0006664576748       0.3035153869       0.3133818424    1.848554572e-06
    0.0004103136445    0.0006841215186       0.3035963465       0.3135201961    1.674445649e-06
     0.000443861906    3.341495695e-05       0.3017864293        0.309598817    2.510613506e-07
    0.0004400929107    0.0001746076941        0.301936748       0.3099322447    1.001573266e-07
    0.0004384129507    0.0002375417505        0.302065601       0.3102354597    7.556388105e-08
     0.000437123872    0.0002858327505       0.3021886282       0.3105218215    4.718776201e-07
    0.0004360371284    0.0003265439467       0.3023074785       0.3107931878    2.556041865e-07
    0.0004350796881    0.0003624112305        0.302422989       0.3110510127    7.947888553e-07
    0.0004342140959    0.0003948377338       0.3025361961       0.3112964891    1.970583371e-07
    0.0004334181017     0.000424656981       0.3026459562       0.3115297633    1.398466711e-06
    0.0004326772083    0.0004524120596       0.3027538414       0.3117537219    4.639326625e-07
    0.0004319813461    0.0004784801993       0.3028501161        0.311956605    4.768845725e-06
    0.0004313231832    0.0005031360588       0.3029559765       0.3121624832    1.090709757e-06
    0.0004306971849    0.0005265869834        0.303054908       0.3123547191    6.587863336e-08
     0.000430099051    0.0005489940595       0.3031511088       0.3125380411    7.257686297e-07
    0.0004295253619    0.0005704853908       0.3032464901       0.3127149552    8.919752689e-06
    0.0004289733452    0.0005911648433       0.3033342013       0.3128787119    1.179392408e-05
    0.0004284407157    0.0006111180175         0.30342137       0.3130371756     6.48085748e-07
    0.0004279255638    0.0006304164519       0.3035068843        0.313189288     1.71305822e-07
    0.0004274262741    0.0006491206593       0.3035902263       0.3133349119     5.63678986e-07
     0.000426941466    0.0006672823686       0.3036710418       0.3134734783    2.595220132e-06
    0.0004264699478    0.0006849462124       0.3037495205       0.3136093577    4.617200805e-07
    0.0004594507874    3.421068689e-05       0.3019724586       0.3097280316    9.489502115e-07
    0.0004556817921     0.000175403424       0.3021245329       0.3100617318     1.18898373e-07
    0.0004540018321    0.0002383374805       0.3022536112       0.3103640353    3.846533856e-08
    0.0004527127534    0.0002866284804        0.302376406       0.3106491316     7.08419699e-07
    0.0004516260098    0.0003273396766        0.302494277       0.3109182187      1.1361714e-06
    0.0004506685695    0.0003632069605         0.30260724       0.3111745048    1.301037716e-06
    0.0004498029773    0.0003956334637       0.3027176128       0.3114172964    7.241279999e-08
    0.0004490069831    0.0004254527109       0.3028266967       0.3116497781    2.033527825e-06
    0.0004482660897    0.0004532077895        0.302921726       0.3118580893    3.527753491e-06
    0.0004475702275    0.0004792759292        0.303030104       0.3120750173    6.104169655e-07
    0.0004469120646    0.0005039317888       0.3031289644       0.3122737532    3.776895976e-07
    0.0004462860663    0.0005273827133       0.3032250077       0.3124631311    2.874214098e-07
    0.0004456879324    0.0005497897894       0.3033205965       0.3126462186    7.393368616e-06
    0.0004451142433    0.0005712811208       0.3034065133       0.3128133854    1.151426939e-05
    0.0004445622266    0.0005919605733       0.3034945943       0.3129776337    1.289075741e-07
    0.0004440295971    0.0006119137474        0.303579783       0.3131341134     5.13186555e-07
    0.0004435144452    0.0006312121818       0.3036626528        0.313283761     4.77414898e-07
    0.0004430151555    0.0006499163892       0.3037438984       0.3134272397    2.628074946e-06
    0.0004425303474    0.0006680780985       0.3038223778       0.3135631028    8.153417326e-06
    0.0004420588292    0.0006857419424       0.3039363438       0.3137276839    6.232662094e-05
    0.0004745281381     3.49803059e-05       0.3021577562       0.3098584225    1.798689934e-06
    0.0004707591429     0.000176173043       0.3023106765       0.3101916761    5.982319346e-07
    0.0004690791828    0.0002391070995       0.3024384087       0.3104921061    3.193775807e-07
    0.0004677901042    0.0002873980994       0.3025584302       0.3107746607    4.154517714e-07
    0.0004667033606    0.0003281092956       0.3026751602       0.3110426783    1.651117133e-07
    0.0004657459202    0.0003639765795       0.3027872537       0.3112962583    3.707357661e-07
     0.000464880328    0.0003964030827       0.3028959459       0.3115369918    4.033670084e-07
    0.0004640843338    0.0004262223299       0.3029905779       0.3117526229    1.421701845e-05
    0.0004633434405    0.0004539774085        0.303101195       0.3119799104    5.605606667e-07
    0.0004626475782    0.0004800455482       0.3032001643       0.3121861725    1.629555311e-07
    0.0004619894154    0.0005047014078       0.3032960864       0.3123820231    2.640839986e-07
     0.000461363417    0.0005281523323       0.3033912376       0.3125708874     6.24548749e-06
    0.0004607652831    0.0005505594084       0.3034774605       0.3127438834    9.624386718e-06
    0.0004601915941    0.0005720507398       0.3035655481       0.3129133847    4.674523452e-07
    0.0004596395773    0.0005927301923       0.3036508175       0.3130748397    2.563071557e-07
    0.0004591069478    0.0006126833664       0.3037333192       0.3132285962    8.805024014e-07
    0.0004585917959    0.0006319818008        0.303813803       0.3133761854    3.620586051e-06
    0.0004580925063    0.0006506860082       0.3039013658       0.3135251521    3.155776106e-05
    0.0004576076981    0.0006688477175       0.3039859089        0.313665662    2.260960657e-05
    0.0004571361799    0.0006865115614       0.3039994898       0.3137432093    3.752395772e-05
    0.0004891412352    3.572622721e-05       0.3023412671       0.3099887258    2.120268514e-06
      0.00048537224    0.0001769189644       0.3024926423       0.3103202834    1.443795497e-07
    0.0004836922799    0.0002398530208       0.3026192443       0.3106189127    2.478086472e-08
    0.0004824032013    0.0002881440208       0.3027385296       0.3108997387    4.250047733e-07
    0.0004813164577    0.0003288552169       0.3028524754       0.3111648134    7.316752172e-08
    0.0004803590173    0.0003647225008       0.3029623115       0.3114159315     1.67522893e-07
    0.0004794934251     0.000397149004       0.3030604789       0.3116437261    9.964646958e-06
    0.0004786974309    0.0004269682513       0.3031691678       0.3118771534    8.696148817e-07
    0.0004779565376    0.0004547233298       0.3032685024       0.3120911955    1.996219817e-07
    0.0004772606753    0.0004807914695       0.3033644801       0.3122942337    3.506106975e-07
    0.0004766025125    0.0005054473291       0.3034587427       0.3124887048    5.962460235e-06
    0.0004759765141    0.0005288982537       0.3035469476        0.312669516    7.229671675e-06
    0.0004753783802    0.0005513053298       0.3036342656       0.3128440405    1.813357948e-06
    0.0004748046912    0.0005727966611       0.3037178894       0.3130099329    8.117443188e-07
    0.0004742526744    0.0005934761136       0.3038001346       0.3131684315    7.349583882e-07
    0.0004737200449    0.0006134292877       0.3038823531       0.3133213549    6.248662888e-06
     0.000473204893    0.0006327277221       0.3039916795       0.3134941171     9.23691651e-06
    0.0004727056034    0.0006514319296        0.304029388       0.3135988681    2.222641313e-05
    0.0004722207952    0.0006695936389       0.3040743556        0.313704591    1.076684117e-05
     0.000471749277    0.0006872574827       0.3041578705       0.3138403295    3.634769639e-06
     0.000503330493    3.645051377e-05       0.3025221305       0.3101178775    1.602691478e-06
    0.0004995614978    0.0001776432509       0.3026719991       0.3104478202    9.488007449e-09
    0.0004978815378    0.0002405773074       0.3027963415       0.3107439017    2.132640883e-07
    0.0004965924591    0.0002888683073       0.3029133537       0.3110221865    8.526106309e-08
    0.0004955057155    0.0003295795035       0.3030249499        0.311284671    8.595030299e-07
    0.0004945482752    0.0003654467874       0.3031304446       0.3115301633    5.347966377e-06
    0.0004936826829    0.0003978732906       0.3032342203       0.3117662404    3.955960005e-07
    0.0004928866887    0.0004276925378       0.3033341466       0.3119886541    2.837112072e-07
    0.0004921457954    0.0004554476164        0.303430717       0.3121994695    1.688198162e-06
    0.0004914499332    0.0004815157561       0.3035229858       0.3123993699    3.957754457e-06
    0.0004907917703    0.0005061716157       0.3036118137       0.3125888511    7.233788747e-06
    0.0004901657719    0.0005296225402       0.3036988724        0.312768546    2.051521796e-07
     0.000489567638    0.0005520296163       0.3037842108       0.3129404636    5.134268922e-07
     0.000488993949    0.0005735209476       0.3038669687       0.3131043322    8.966060755e-07
    0.0004884419322    0.0005942004001        0.303948421        0.313261917    2.626258634e-06
    0.0004879093027    0.0006141535743       0.3040728198       0.3134529849    7.696948804e-05
    0.0004873941508    0.0006334520087       0.3040735082       0.3135278742    5.719584377e-05
    0.0004868948612    0.0006521562161       0.3041466817       0.3136633818    1.481212113e-05
     0.000486410053    0.0006703179254       0.3042224057       0.3137966217    5.989151884e-06
    0.0004859385348    0.0006879817692       0.3042907447       0.3139174944    3.964385455e-06
    0.0005171307819    3.715494552e-05       0.3026996477       0.3102452014    2.297079664e-07
    0.0005133617866    0.0001783476827       0.3028472865       0.3105732783    4.009742719e-09
    0.0005116818266    0.0002412817391       0.3029692222       0.3108669304    2.454003489e-08
    0.0005103927479    0.0002895727391       0.3030835714       0.3111422886    2.274644054e-07
    0.0005093060043    0.0003302839353       0.3031936937       0.3114032818    4.134159106e-06
     0.000508348564    0.0003661512191       0.3032961753       0.3116459804    4.213895307e-06
    0.0005074829718    0.0003985777224       0.3033952503       0.3118771201     6.65218243e-07
    0.0005066869776    0.0004283969696       0.3034912056       0.3120960809    1.175919473e-06
    0.0005059460842    0.0004561520481       0.3035845269       0.3123032616    1.665489466e-06
     0.000505250222    0.0004822201878       0.3036772761       0.3125025232    2.890419813e-06
    0.0005045920591    0.0005068760474       0.3037633861        0.312688033    1.304856781e-07
    0.0005039660608     0.000530326972       0.3038479992       0.3128654278    1.724477677e-08
    0.0005033679269    0.0005527340481        0.303930683       0.3130349304    2.548452897e-06
    0.0005027942378    0.0005742253794       0.3040118711       0.3131973709    3.687200051e-07
    0.0005022422211    0.0005949048319       0.3041353123       0.3133934678    8.520491719e-05
    0.0005017095916     0.000614858006       0.3041218881       0.3134572628    7.776320833e-05
    0.0005011944397    0.0006341564404       0.3042127989       0.3136142211    4.717554108e-06
      0.00050069515    0.0006528606479       0.3042851463       0.3137487529    4.020362982e-07
    0.0005002103419    0.0006710223572       0.3043528216       0.3138745762    2.113757917e-06
    0.0004997388237     0.000688686201       0.3044178055        0.313991347    3.377875646e-06
